round_key,table_id,shoe_key,round_seq,biz_date,n_dealer_id,dealer_id_min,n_members,n_bets,n_bet_family,stake,validbet,ggr,rebate,hold_pct,stake_per_bet,stake_per_member,bets_per_member,n_zero_validbet,is_multiparty,n_member_pairs,audit_rn,run_id,snapshot_sync_time,batch_id
114630871|5|6,6,114630871,5,2026-05-03,1,1363,4,7,4,127.1340,127.1340,127.1340,0.0000,100.000000,18.1620,31.7835,1.7500,0,1,6,1840001,A168_HF9F_20260827_0900,2026-08-27 09:00:00,185
114630871|50|6,6,114630871,50,2026-05-03,1,1646,10,10,2,18028.4980,0.0000,0.0000,0.0000,,1802.8498,1802.8498,1.0000,10,1,45,1840002,A168_HF9F_20260827_0900,2026-08-27 09:00:00,185
114630871|6|6,6,114630871,6,2026-05-03,1,1363,6,12,5,721.8665,721.8665,-774.7459,0.3765,-107.325364,60.1555,120.3111,2.0000,0,1,15,1840003,A168_HF9F_20260827_0900,2026-08-27 09:00:00,185
114630871|7|6,6,114630871,7,2026-05-03,1,1363,6,12,6,1028.5415,1028.5415,-936.6391,0.0000,-91.064785,85.7118,171.4236,2.0000,0,1,15,1840004,A168_HF9F_20260827_0900,2026-08-27 09:00:00,185
114630871|8|6,6,114630871,8,2026-05-03,1,1363,8,16,6,1039.1612,1039.1612,1039.1612,0.0000,100.000000,64.9476,129.8952,2.0000,0,1,28,1840005,A168_HF9F_20260827_0900,2026-08-27 09:00:00,185
114630871|9|6,6,114630871,9,2026-05-03,1,2267,5,13,7,209.4655,209.4655,109.2370,0.0000,52.150340,16.1127,41.8931,2.6000,0,1,10,1840006,A168_HF9F_20260827_0900,2026-08-27 09:00:00,185
114630901|10|6,6,114630901,10,2026-05-03,1,1646,11,12,3,2072.5644,2072.5644,-1863.9409,0.0000,-89.934043,172.7137,188.4149,1.0909,0,1,55,1840007,A168_HF9F_20260827_0900,2026-08-27 09:00:00,185
114630901|11|6,6,114630901,11,2026-05-03,1,1646,15,18,5,8557.5564,8557.5564,8185.0152,0.6891,95.646640,475.4198,570.5038,1.2000,0,1,105,1840008,A168_HF9F_20260827_0900,2026-08-27 09:00:00,185
114630901|12|6,6,114630901,12,2026-05-03,1,1646,3,5,4,161.6175,161.6175,106.7924,0.0000,66.077286,32.3235,53.8725,1.6667,0,1,3,1840009,A168_HF9F_20260827_0900,2026-08-27 09:00:00,185
114630901|13|6,6,114630901,13,2026-05-03,1,1646,5,6,3,201.3390,201.3390,17.6346,0.0000,8.758635,33.5565,40.2678,1.2000,0,1,10,1840010,A168_HF9F_20260827_0900,2026-08-27 09:00:00,185
114630901|14|6,6,114630901,14,2026-05-03,1,1363,9,10,3,4101.5187,4101.5187,-3791.1582,1.3781,-92.433036,410.1519,455.7243,1.1111,0,1,36,1840011,A168_HF9F_20260827_0900,2026-08-27 09:00:00,185
114630901|15|6,6,114630901,15,2026-05-03,1,1363,10,13,3,3503.9483,3499.7471,3499.7471,0.0000,100.000000,269.5345,350.3948,1.3000,1,1,45,1840012,A168_HF9F_20260827_0900,2026-08-27 09:00:00,185
114630901|16|6,6,114630901,16,2026-05-03,1,1363,7,11,6,1017.2515,1017.2515,277.7755,4.9224,27.306470,92.4774,145.3216,1.5714,0,1,21,1840013,A168_HF9F_20260827_0900,2026-08-27 09:00:00,185
114630901|17|6,6,114630901,17,2026-05-03,1,1363,2,3,3,102.9304,102.9304,70.1607,0.6722,68.163265,34.3101,51.4652,1.5000,0,1,1,1840014,A168_HF9F_20260827_0900,2026-08-27 09:00:00,185
114630901|18|6,6,114630901,18,2026-05-03,1,1363,3,4,2,355.9542,2.1006,-16.8050,0.0000,-800.000000,88.9886,118.6514,1.3333,3,1,3,1840015,A168_HF9F_20260827_0900,2026-08-27 09:00:00,185
114630901|19|6,6,114630901,19,2026-05-03,1,1363,3,4,2,411.7530,411.7530,-387.0691,0.6756,-94.005178,102.9382,137.2510,1.3333,0,1,3,1840016,A168_HF9F_20260827_0900,2026-08-27 09:00:00,185
114630901|20|6,6,114630901,20,2026-05-03,1,1363,7,8,3,2803.2894,2803.2894,-2183.1634,0.9243,-77.878628,350.4112,400.4699,1.1429,0,1,21,1840017,A168_HF9F_20260827_0900,2026-08-27 09:00:00,185
114630901|21|6,6,114630901,21,2026-05-03,1,1363,3,4,2,525.5014,2.1006,-16.8050,0.0000,-800.000000,131.3753,175.1671,1.3333,3,1,3,1840018,A168_HF9F_20260827_0900,2026-08-27 09:00:00,185
114630901|22|6,6,114630901,22,2026-05-03,1,1363,2,2,1,365.2074,365.2074,-365.2074,0.0000,-100.000000,182.6037,182.6037,1.0000,0,1,1,1840019,A168_HF9F_20260827_0900,2026-08-27 09:00:00,185
114630901|23|6,6,114630901,23,2026-05-03,1,1363,5,6,3,5543.9631,5543.9631,-4812.9604,0.0000,-86.814438,923.9939,1108.7926,1.2000,0,1,10,1840020,A168_HF9F_20260827_0900,2026-08-27 09:00:00,185
114630901|24|6,6,114630901,24,2026-05-03,1,1363,5,6,2,498.7291,2.1006,-16.8050,0.0000,-800.000000,83.1215,99.7458,1.2000,5,1,10,1840021,A168_HF9F_20260827_0900,2026-08-27 09:00:00,185
114630901|25|6,6,114630901,25,2026-05-03,1,1363,7,7,2,522.5681,522.5681,-412.0891,0.0000,-78.858450,74.6526,74.6526,1.0000,0,1,21,1840022,A168_HF9F_20260827_0900,2026-08-27 09:00:00,185
114630901|26|6,6,114630901,26,2026-05-03,1,1363,4,7,4,869.4087,469.4087,-902.2458,0.0000,-192.209022,124.2012,217.3522,1.7500,1,1,6,1840023,A168_HF9F_20260827_0900,2026-08-27 09:00:00,185
114630901|27|6,6,114630901,27,2026-05-03,1,1363,7,9,3,542.7583,542.7583,-444.1540,0.0000,-81.832738,60.3065,77.5369,1.2857,0,1,21,1840024,A168_HF9F_20260827_0900,2026-08-27 09:00:00,185
114630901|28|6,6,114630901,28,2026-05-03,1,1363,4,5,2,496.5958,496.5958,496.5958,0.0000,100.000000,99.3192,124.1489,1.2500,0,1,6,1840025,A168_HF9F_20260827_0900,2026-08-27 09:00:00,185
114630901|29|6,6,114630901,29,2026-05-03,1,1363,3,5,2,593.3072,593.3072,-578.7277,0.0000,-97.542668,118.6614,197.7691,1.6667,0,1,3,1840026,A168_HF9F_20260827_0900,2026-08-27 09:00:00,185
114630901|3|6,6,114630901,3,2026-05-03,1,1646,2,2,1,626.3756,626.3756,626.3756,0.0000,100.000000,313.1878,313.1878,1.0000,0,1,1,1840027,A168_HF9F_20260827_0900,2026-08-27 09:00:00,185
114630901|30|6,6,114630901,30,2026-05-03,1,1363,4,5,3,376.3866,376.3866,272.6037,0.0000,72.426520,75.2773,94.0967,1.2500,0,1,6,1840028,A168_HF9F_20260827_0900,2026-08-27 09:00:00,185
114630901|31|6,6,114630901,31,2026-05-03,1,1363,3,4,2,477.7489,477.7489,477.7489,0.0000,100.000000,119.4372,159.2496,1.3333,0,1,3,1840029,A168_HF9F_20260827_0900,2026-08-27 09:00:00,185
114630901|32|6,6,114630901,32,2026-05-03,1,1363,4,4,2,481.5940,481.5940,274.0283,0.0000,56.900261,120.3985,120.3985,1.0000,0,1,6,1840030,A168_HF9F_20260827_0900,2026-08-27 09:00:00,185
114630901|33|6,6,114630901,33,2026-05-03,1,1363,2,2,1,191.0734,191.0734,-191.0734,0.0000,-100.000000,95.5367,95.5367,1.0000,0,1,1,1840031,A168_HF9F_20260827_0900,2026-08-27 09:00:00,185
114630901|34|6,6,114630901,34,2026-05-03,1,1363,5,5,2,1055.9962,1055.9962,-538.5583,0.0000,-51.000024,211.1992,211.1992,1.0000,0,1,10,1840032,A168_HF9F_20260827_0900,2026-08-27 09:00:00,185
114630901|35|6,6,114630901,35,2026-05-03,1,1363,9,16,6,908.4854,804.7025,-425.5215,0.0000,-52.879350,56.7803,100.9428,1.7778,1,1,36,1840033,A168_HF9F_20260827_0900,2026-08-27 09:00:00,185
114630901|36|6,6,114630901,36,2026-05-03,1,1363,23,37,8,3075.4288,2971.6459,943.4698,2.7562,31.749064,83.1197,133.7143,1.6087,1,1,253,1840034,A168_HF9F_20260827_0900,2026-08-27 09:00:00,185
114630901|37|6,6,114630901,37,2026-05-03,1,1363,8,9,3,569.8952,569.8952,547.3745,0.0000,96.048266,63.3217,71.2369,1.1250,0,1,28,1840035,A168_HF9F_20260827_0900,2026-08-27 09:00:00,185
114630901|38|6,6,114630901,38,2026-05-03,1,1363,8,9,3,483.1128,483.1128,-426.0322,0.0000,-88.184831,53.6792,60.3891,1.1250,0,1,28,1840036,A168_HF9F_20260827_0900,2026-08-27 09:00:00,185
114630901|39|6,6,114630901,39,2026-05-03,1,1363,8,10,3,1194.2917,1194.2917,-1140.8477,0.0000,-95.525049,119.4292,149.2865,1.2500,0,1,28,1840037,A168_HF9F_20260827_0900,2026-08-27 09:00:00,185
114630901|4|6,6,114630901,4,2026-05-03,1,1646,1,1,1,557.4695,557.4695,557.4695,0.0000,100.000000,557.4695,557.4695,1.0000,0,0,0,1840038,A168_HF9F_20260827_0900,2026-08-27 09:00:00,185
114630901|40|6,6,114630901,40,2026-05-03,1,1363,5,5,2,498.3420,498.3420,-86.6580,0.0000,-17.389255,99.6684,99.6684,1.0000,0,1,10,1840039,A168_HF9F_20260827_0900,2026-08-27 09:00:00,185
114630901|41|6,6,114630901,41,2026-05-03,1,1363,6,7,3,650.5844,650.5844,-505.3234,0.0000,-77.672232,92.9406,108.4307,1.1667,0,1,15,1840040,A168_HF9F_20260827_0900,2026-08-27 09:00:00,185
114630901|42|6,6,114630901,42,2026-05-03,1,1363,5,6,3,559.5522,559.5522,413.5150,0.0000,73.901060,93.2587,111.9104,1.2000,0,1,10,1840041,A168_HF9F_20260827_0900,2026-08-27 09:00:00,185
114630901|43|6,6,114630901,43,2026-05-03,1,1363,6,6,2,873.4405,873.4405,665.8747,0.0000,76.235843,145.5734,145.5734,1.0000,0,1,15,1840042,A168_HF9F_20260827_0900,2026-08-27 09:00:00,185
114630901|44|6,6,114630901,44,2026-05-03,1,1363,6,6,2,970.7000,970.7000,-27.3861,0.0000,-2.821269,161.7833,161.7833,1.0000,0,1,15,1840043,A168_HF9F_20260827_0900,2026-08-27 09:00:00,185
114630901|45|6,6,114630901,45,2026-05-03,1,1363,6,7,2,2078.9987,2073.8096,-1547.5282,0.0000,-74.622481,296.9998,346.4998,1.1667,1,1,15,1840044,A168_HF9F_20260827_0900,2026-08-27 09:00:00,185
114630901|46|6,6,114630901,46,2026-05-03,1,2267,11,12,3,3076.2329,3076.2329,1616.7489,0.8402,52.556128,256.3527,279.6575,1.0909,0,1,55,1840045,A168_HF9F_20260827_0900,2026-08-27 09:00:00,185
114630901|47|6,6,114630901,47,2026-05-03,1,2267,8,9,3,951.1349,951.1349,-320.3291,0.0000,-33.678614,105.6817,118.8919,1.1250,0,1,28,1840046,A168_HF9F_20260827_0900,2026-08-27 09:00:00,185
114630901|8|6,6,114630901,8,2026-05-03,1,1646,6,6,1,1649.8680,1649.8680,-1567.8997,1.6805,-95.031830,274.9780,274.9780,1.0000,0,1,15,1840047,A168_HF9F_20260827_0900,2026-08-27 09:00:00,185
114630901|9|6,6,114630901,9,2026-05-03,1,1646,8,9,3,3471.6512,3471.6512,-3207.9521,2.3696,-92.404215,385.7390,433.9564,1.1250,0,1,28,1840048,A168_HF9F_20260827_0900,2026-08-27 09:00:00,185
114630932|10|6,6,114630932,10,2026-05-03,1,2267,7,7,2,1179.7442,1179.7442,-386.5758,0.8269,-32.767766,168.5349,168.5349,1.0000,0,1,21,1840049,A168_HF9F_20260827_0900,2026-08-27 09:00:00,185
114630932|11|6,6,114630932,11,2026-05-03,1,2267,6,7,3,786.6287,786.6287,-239.7162,0.0000,-30.473873,112.3755,131.1048,1.1667,0,1,15,1840050,A168_HF9F_20260827_0900,2026-08-27 09:00:00,185
114630932|12|6,6,114630932,12,2026-05-03,1,2267,8,13,7,1347.8372,1347.8372,-758.3214,0.0000,-56.262090,103.6798,168.4796,1.6250,0,1,28,1840051,A168_HF9F_20260827_0900,2026-08-27 09:00:00,185
114630932|13|6,6,114630932,13,2026-05-03,1,2267,8,15,8,621.9201,621.9201,-432.5476,0.0000,-69.550348,41.4613,77.7400,1.8750,0,1,28,1840052,A168_HF9F_20260827_0900,2026-08-27 09:00:00,185
114630932|14|6,6,114630932,14,2026-05-03,1,2267,14,20,8,1111.1489,1111.1489,429.0143,0.0000,38.609970,55.5574,79.3678,1.4286,0,1,91,1840053,A168_HF9F_20260827_0900,2026-08-27 09:00:00,185
114630932|15|6,6,114630932,15,2026-05-03,1,2267,13,17,6,3416.5992,3416.5992,2845.0907,0.0000,83.272591,200.9764,262.8153,1.3077,0,1,78,1840054,A168_HF9F_20260827_0900,2026-08-27 09:00:00,185
114630932|16|6,6,114630932,16,2026-05-03,1,2267,7,7,2,814.3132,814.3132,760.6333,0.0000,93.407955,116.3305,116.3305,1.0000,0,1,21,1840055,A168_HF9F_20260827_0900,2026-08-27 09:00:00,185
114630932|17|6,6,114630932,17,2026-05-03,1,2267,10,10,2,1803.0594,0.0000,0.0000,0.0000,,180.3059,180.3059,1.0000,10,1,45,1840056,A168_HF9F_20260827_0900,2026-08-27 09:00:00,185
114630932|18|6,6,114630932,18,2026-05-03,1,2267,5,5,2,713.3790,713.3790,493.4380,0.0000,69.169121,142.6758,142.6758,1.0000,0,1,10,1840057,A168_HF9F_20260827_0900,2026-08-27 09:00:00,185
114630932|19|6,6,114630932,19,2026-05-03,1,2267,9,9,3,620.5390,620.5390,-84.3260,0.0000,-13.589152,68.9488,68.9488,1.0000,0,1,36,1840058,A168_HF9F_20260827_0900,2026-08-27 09:00:00,185
114630932|2|6,6,114630932,2,2026-05-03,1,2267,2,2,2,489.4572,489.4572,29.4572,0.0000,6.018343,244.7286,244.7286,1.0000,0,1,1,1840059,A168_HF9F_20260827_0900,2026-08-27 09:00:00,185
114630932|20|6,6,114630932,20,2026-05-03,1,2267,6,6,2,558.7437,558.7437,174.6942,0.0000,31.265541,93.1239,93.1239,1.0000,0,1,15,1840060,A168_HF9F_20260827_0900,2026-08-27 09:00:00,185
114630932|21|6,6,114630932,21,2026-05-03,1,2267,6,6,2,1365.3078,1365.3078,421.2771,0.0000,30.855831,227.5513,227.5513,1.0000,0,1,15,1840061,A168_HF9F_20260827_0900,2026-08-27 09:00:00,185
114630932|22|6,6,114630932,22,2026-05-03,1,2267,7,7,2,1519.2931,1519.2931,-1507.5296,0.0000,-99.225727,217.0419,217.0419,1.0000,0,1,21,1840062,A168_HF9F_20260827_0900,2026-08-27 09:00:00,185
114630932|23|6,6,114630932,23,2026-05-03,1,2267,4,4,2,136.2328,136.2328,52.4576,0.0000,38.505857,34.0582,34.0582,1.0000,0,1,6,1840063,A168_HF9F_20260827_0900,2026-08-27 09:00:00,185
114630932|24|6,6,114630932,24,2026-05-03,1,2267,13,16,4,1872.1289,1872.1289,-255.6928,0.0000,-13.657863,117.0081,144.0099,1.2308,0,1,78,1840064,A168_HF9F_20260827_0900,2026-08-27 09:00:00,185
114630932|25|6,6,114630932,25,2026-05-03,1,1646,10,12,4,520.6056,520.6056,-28.0592,0.0000,-5.389729,43.3838,52.0606,1.2000,0,1,45,1840065,A168_HF9F_20260827_0900,2026-08-27 09:00:00,185
114630932|26|6,6,114630932,26,2026-05-03,1,1646,12,13,3,4099.6592,4099.6592,3679.5352,0.0079,89.752223,315.3584,341.6383,1.0833,0,1,66,1840066,A168_HF9F_20260827_0900,2026-08-27 09:00:00,185
114630932|27|6,6,114630932,27,2026-05-03,1,1646,8,10,4,1388.8957,1388.8957,-559.5285,0.7730,-40.285853,138.8896,173.6120,1.2500,0,1,28,1840067,A168_HF9F_20260827_0900,2026-08-27 09:00:00,185
114630932|28|6,6,114630932,28,2026-05-03,1,1646,6,6,2,873.5381,873.5381,-389.8783,0.0000,-44.632093,145.5897,145.5897,1.0000,0,1,15,1840068,A168_HF9F_20260827_0900,2026-08-27 09:00:00,185
114630932|29|6,6,114630932,29,2026-05-03,1,1646,4,6,5,323.0864,323.0864,49.4886,0.0000,15.317445,53.8477,80.7716,1.5000,0,1,6,1840069,A168_HF9F_20260827_0900,2026-08-27 09:00:00,185
114630932|3|6,6,114630932,3,2026-05-03,1,2267,4,4,2,980.2066,980.2066,401.2921,0.0000,40.939548,245.0516,245.0516,1.0000,0,1,6,1840070,A168_HF9F_20260827_0900,2026-08-27 09:00:00,185
114630932|30|6,6,114630932,30,2026-05-03,1,1646,4,8,5,1407.9085,1407.9085,-771.4881,0.0000,-54.796752,175.9886,351.9771,2.0000,0,1,6,1840071,A168_HF9F_20260827_0900,2026-08-27 09:00:00,185
114630932|31|6,6,114630932,31,2026-05-03,1,1646,14,17,5,4658.1701,4658.1701,-1195.2528,0.0000,-25.659278,274.0100,332.7264,1.2143,0,1,91,1840072,A168_HF9F_20260827_0900,2026-08-27 09:00:00,185
114630932|32|6,6,114630932,32,2026-05-03,1,1646,5,12,7,346.1173,346.1173,-202.8536,0.0000,-58.608336,28.8431,69.2235,2.4000,0,1,10,1840073,A168_HF9F_20260827_0900,2026-08-27 09:00:00,185
114630932|33|6,6,114630932,33,2026-05-03,1,1646,8,16,7,1569.0031,1569.0031,-1746.3457,0.0000,-111.302885,98.0627,196.1254,2.0000,0,1,28,1840074,A168_HF9F_20260827_0900,2026-08-27 09:00:00,185
114630932|34|6,6,114630932,34,2026-05-03,1,1646,8,10,3,1901.1575,1641.7002,-1275.0801,0.0000,-77.668267,190.1157,237.6447,1.2500,1,1,28,1840075,A168_HF9F_20260827_0900,2026-08-27 09:00:00,185
114630932|35|6,6,114630932,35,2026-05-03,1,1646,6,11,7,1671.1276,1636.9278,1161.0621,0.0000,70.929338,151.9207,278.5213,1.8333,0,1,15,1840076,A168_HF9F_20260827_0900,2026-08-27 09:00:00,185
114630932|36|6,6,114630932,36,2026-05-03,1,1646,10,16,6,1434.2428,1434.2428,-1215.4099,0.0000,-84.742270,89.6402,143.4243,1.6000,0,1,45,1840077,A168_HF9F_20260827_0900,2026-08-27 09:00:00,185
114630932|37|6,6,114630932,37,2026-05-03,1,1646,9,13,6,2128.9537,2128.9537,-1125.2312,0.0000,-52.853721,163.7657,236.5504,1.4444,0,1,36,1840078,A168_HF9F_20260827_0900,2026-08-27 09:00:00,185
114630932|38|6,6,114630932,38,2026-05-03,1,1646,12,15,5,2067.2975,2067.2975,107.0838,0.0000,5.179892,137.8198,172.2748,1.2500,0,1,66,1840079,A168_HF9F_20260827_0900,2026-08-27 09:00:00,185
114630932|39|6,6,114630932,39,2026-05-03,1,1646,14,23,7,3381.2320,3381.2320,-2379.1080,0.0000,-70.362164,147.0101,241.5166,1.6429,0,1,91,1840080,A168_HF9F_20260827_0900,2026-08-27 09:00:00,185
114630932|4|6,6,114630932,4,2026-05-03,1,2267,5,5,2,970.2437,970.2437,74.3022,0.0000,7.658094,194.0487,194.0487,1.0000,0,1,10,1840081,A168_HF9F_20260827_0900,2026-08-27 09:00:00,185
114630932|40|6,6,114630932,40,2026-05-03,1,1646,19,25,5,5229.2093,5229.2093,-3167.1714,0.8402,-60.566928,209.1684,275.2215,1.3158,0,1,171,1840082,A168_HF9F_20260827_0900,2026-08-27 09:00:00,185
114630932|41|6,6,114630932,41,2026-05-03,1,1646,16,26,8,4329.7212,4329.7212,-1014.7993,0.0000,-23.437982,166.5277,270.6076,1.6250,0,1,120,1840083,A168_HF9F_20260827_0900,2026-08-27 09:00:00,185
114630932|42|6,6,114630932,42,2026-05-03,1,1646,19,27,7,4241.2889,4241.2889,-3252.7756,0.0000,-76.693093,157.0848,223.2257,1.4211,0,1,171,1840084,A168_HF9F_20260827_0900,2026-08-27 09:00:00,185
114630932|43|6,6,114630932,43,2026-05-03,1,1646,29,41,8,4933.2209,4933.2209,4087.0905,0.8402,82.848317,120.3225,170.1111,1.4138,0,1,406,1840085,A168_HF9F_20260827_0900,2026-08-27 09:00:00,185
114630932|44|6,6,114630932,44,2026-05-03,1,1646,15,20,3,3458.8584,3458.8584,-1533.2258,0.0000,-44.327509,172.9429,230.5906,1.3333,0,1,105,1840086,A168_HF9F_20260827_0900,2026-08-27 09:00:00,185
114630932|45|6,6,114630932,45,2026-05-03,1,1646,12,17,7,3109.1286,3109.1286,201.1203,0.0000,6.468702,182.8899,259.0940,1.4167,0,1,66,1840087,A168_HF9F_20260827_0900,2026-08-27 09:00:00,185
114630932|46|6,6,114630932,46,2026-05-03,1,1646,16,24,7,2520.8077,2520.8077,-728.5604,0.8402,-28.901864,105.0337,157.5505,1.5000,0,1,120,1840088,A168_HF9F_20260827_0900,2026-08-27 09:00:00,185
114630932|47|6,6,114630932,47,2026-05-03,1,1646,13,20,6,2407.6534,2407.6534,-631.5478,0.0000,-26.230842,120.3827,185.2041,1.5385,0,1,78,1840089,A168_HF9F_20260827_0900,2026-08-27 09:00:00,185
114630932|48|6,6,114630932,48,2026-05-03,1,1646,13,21,5,3220.6148,3220.6148,3220.6148,0.0000,100.000000,153.3626,247.7396,1.6154,0,1,78,1840090,A168_HF9F_20260827_0900,2026-08-27 09:00:00,185
114630932|49|6,6,114630932,49,2026-05-03,1,1646,13,15,3,1760.0970,1760.0970,-592.4177,0.1680,-33.658245,117.3398,135.3921,1.1538,0,1,78,1840091,A168_HF9F_20260827_0900,2026-08-27 09:00:00,185
114630932|5|6,6,114630932,5,2026-05-03,1,2267,3,3,2,572.5640,572.5640,7.0640,0.0000,1.233754,190.8547,190.8547,1.0000,0,1,3,1840092,A168_HF9F_20260827_0900,2026-08-27 09:00:00,185
114630932|50|6,6,114630932,50,2026-05-03,1,1646,14,19,7,2759.4375,2759.4375,-521.2248,0.9453,-18.888806,145.2336,197.1027,1.3571,0,1,91,1840093,A168_HF9F_20260827_0900,2026-08-27 09:00:00,185
114630932|51|6,6,114630932,51,2026-05-03,1,1646,15,19,5,2393.6453,48.9902,-81.8442,0.0000,-167.062334,125.9813,159.5764,1.2667,14,1,105,1840094,A168_HF9F_20260827_0900,2026-08-27 09:00:00,185
114630932|52|6,6,114630932,52,2026-05-03,1,1646,15,17,5,1442.4085,1408.2088,1171.6420,1.4494,83.200874,84.8476,96.1606,1.1333,0,1,105,1840095,A168_HF9F_20260827_0900,2026-08-27 09:00:00,185
114630932|53|6,6,114630932,53,2026-05-03,1,1646,12,17,6,1974.7454,1974.7454,-1161.8383,0.6386,-58.834839,116.1615,164.5621,1.4167,0,1,66,1840096,A168_HF9F_20260827_0900,2026-08-27 09:00:00,185
114630932|6|6,6,114630932,6,2026-05-03,1,2267,6,6,2,675.3533,675.3533,-388.2245,0.0000,-57.484651,112.5589,112.5589,1.0000,0,1,15,1840097,A168_HF9F_20260827_0900,2026-08-27 09:00:00,185
114630932|7|6,6,114630932,7,2026-05-03,1,2267,4,4,2,739.3699,0.0000,0.0000,0.0000,,184.8425,184.8425,1.0000,4,1,6,1840098,A168_HF9F_20260827_0900,2026-08-27 09:00:00,185
114630932|8|6,6,114630932,8,2026-05-03,1,2267,1,1,1,360.0000,360.0000,360.0000,0.0000,100.000000,360.0000,360.0000,1.0000,0,0,0,1840099,A168_HF9F_20260827_0900,2026-08-27 09:00:00,185
114630932|9|6,6,114630932,9,2026-05-03,1,2267,3,3,2,640.5075,640.5075,638.4069,0.0000,99.672038,213.5025,213.5025,1.0000,0,1,3,1840100,A168_HF9F_20260827_0900,2026-08-27 09:00:00,185
114630966|10|6,6,114630966,10,2026-05-03,1,1363,2,4,4,125.7057,125.7057,106.2057,0.0000,84.487577,31.4264,62.8528,2.0000,0,1,1,1840101,A168_HF9F_20260827_0900,2026-08-27 09:00:00,185
114630966|11|6,6,114630966,11,2026-05-03,1,1363,3,4,3,90.8223,90.8223,9.5222,0.0000,10.484426,22.7056,30.2741,1.3333,0,1,3,1840102,A168_HF9F_20260827_0900,2026-08-27 09:00:00,185
114630966|12|6,6,114630966,12,2026-05-03,1,1363,2,3,3,105.7242,105.7242,72.1143,0.0000,68.209833,35.2414,52.8621,1.5000,0,1,1,1840103,A168_HF9F_20260827_0900,2026-08-27 09:00:00,185
114630966|13|6,6,114630966,13,2026-05-03,1,1363,2,5,5,187.5359,187.5359,145.5235,0.0000,77.597678,37.5072,93.7679,2.5000,0,1,1,1840104,A168_HF9F_20260827_0900,2026-08-27 09:00:00,185
114630966|14|6,6,114630966,14,2026-05-03,1,1363,5,6,3,78.9429,78.9429,-36.5104,0.0336,-46.249120,13.1572,15.7886,1.2000,0,1,10,1840105,A168_HF9F_20260827_0900,2026-08-27 09:00:00,185
114630966|15|6,6,114630966,15,2026-05-03,1,1363,2,3,3,151.2446,151.2446,-79.8235,0.0000,-52.777778,50.4149,75.6223,1.5000,0,1,1,1840106,A168_HF9F_20260827_0900,2026-08-27 09:00:00,185
114630966|16|6,6,114630966,16,2026-05-03,1,1363,3,4,3,99.0983,99.0983,73.1525,0.0000,73.818189,24.7746,33.0328,1.3333,0,1,3,1840107,A168_HF9F_20260827_0900,2026-08-27 09:00:00,185
114630966|17|6,6,114630966,17,2026-05-03,1,1363,4,7,5,620.5261,620.5261,468.7097,0.0000,75.534244,88.6466,155.1315,1.7500,0,1,6,1840108,A168_HF9F_20260827_0900,2026-08-27 09:00:00,185
114630966|18|6,6,114630966,18,2026-05-03,1,1363,9,11,4,903.9312,903.9312,239.3298,1.5124,26.476547,82.1756,100.4368,1.2222,0,1,36,1840109,A168_HF9F_20260827_0900,2026-08-27 09:00:00,185
114630966|19|6,6,114630966,19,2026-05-03,1,1363,5,7,4,267.3647,267.3647,17.0731,1.1343,6.385689,38.1950,53.4729,1.4000,0,1,10,1840110,A168_HF9F_20260827_0900,2026-08-27 09:00:00,185
114630966|2|6,6,114630966,2,2026-05-03,1,1363,1,1,1,10.5031,10.5031,-10.5031,0.0000,-100.000000,10.5031,10.5031,1.0000,0,0,0,1840111,A168_HF9F_20260827_0900,2026-08-27 09:00:00,185
114630966|20|6,6,114630966,20,2026-05-03,1,1363,5,6,3,263.2700,5.1891,5.1891,0.0000,100.000000,43.8783,52.6540,1.2000,5,1,10,1840112,A168_HF9F_20260827_0900,2026-08-27 09:00:00,185
114630966|21|6,6,114630966,21,2026-05-03,1,1363,7,8,3,270.8114,270.8114,-85.0604,0.0000,-31.409456,33.8514,38.6873,1.1429,0,1,21,1840113,A168_HF9F_20260827_0900,2026-08-27 09:00:00,185
114630966|22|6,6,114630966,22,2026-05-03,1,1363,9,11,4,1027.2527,1027.2527,-931.9418,0.8402,-90.721771,93.3866,114.1392,1.2222,0,1,36,1840114,A168_HF9F_20260827_0900,2026-08-27 09:00:00,185
114630966|23|6,6,114630966,23,2026-05-03,1,1363,12,15,5,898.4306,898.4306,-691.8171,0.0000,-77.002843,59.8954,74.8692,1.2500,0,1,66,1840115,A168_HF9F_20260827_0900,2026-08-27 09:00:00,185
114630966|24|6,6,114630966,24,2026-05-03,1,1363,16,19,5,1801.0681,1801.0681,1384.1469,0.8402,76.851444,94.7931,112.5668,1.1875,0,1,120,1840116,A168_HF9F_20260827_0900,2026-08-27 09:00:00,185
114630966|25|6,6,114630966,25,2026-05-03,1,1363,7,12,5,533.0483,533.0483,14.1339,0.0000,2.651523,44.4207,76.1498,1.7143,0,1,21,1840117,A168_HF9F_20260827_0900,2026-08-27 09:00:00,185
114630966|26|6,6,114630966,26,2026-05-03,1,1363,7,8,3,1011.5487,1011.5487,88.1603,0.0000,8.715374,126.4436,144.5070,1.1429,0,1,21,1840118,A168_HF9F_20260827_0900,2026-08-27 09:00:00,185
114630966|27|6,6,114630966,27,2026-05-03,1,1363,13,21,7,1699.3446,1699.3446,1128.7172,0.0000,66.420740,80.9212,130.7188,1.6154,0,1,78,1840119,A168_HF9F_20260827_0900,2026-08-27 09:00:00,185
114630966|28|6,6,114630966,28,2026-05-03,1,1363,5,7,4,142.6549,142.6549,-63.2058,0.8402,-44.306781,20.3793,28.5310,1.4000,0,1,10,1840120,A168_HF9F_20260827_0900,2026-08-27 09:00:00,185
114630966|29|6,6,114630966,29,2026-05-03,1,1363,4,7,5,120.0535,120.0535,85.5576,0.4705,71.266259,17.1505,30.0134,1.7500,0,1,6,1840121,A168_HF9F_20260827_0900,2026-08-27 09:00:00,185
114630966|3|6,6,114630966,3,2026-05-03,1,1363,1,1,1,10.5031,10.5031,10.5031,0.0000,100.000000,10.5031,10.5031,1.0000,0,0,0,1840122,A168_HF9F_20260827_0900,2026-08-27 09:00:00,185
114630966|30|6,6,114630966,30,2026-05-03,1,1363,3,3,1,479.5152,479.5152,-479.5152,0.3361,-100.000000,159.8384,159.8384,1.0000,0,1,3,1840123,A168_HF9F_20260827_0900,2026-08-27 09:00:00,185
114630966|31|6,6,114630966,31,2026-05-03,1,1363,2,3,2,200.8308,200.8308,200.8308,0.5041,100.000000,66.9436,100.4154,1.5000,0,1,1,1840124,A168_HF9F_20260827_0900,2026-08-27 09:00:00,185
114630966|32|6,6,114630966,32,2026-05-03,1,2267,3,5,3,541.6046,541.6046,541.6046,1.0083,100.000000,108.3209,180.5349,1.6667,0,1,3,1840125,A168_HF9F_20260827_0900,2026-08-27 09:00:00,185
114630966|33|6,6,114630966,33,2026-05-03,1,2267,2,4,4,73.1473,73.1473,-73.1473,0.3361,-100.000000,18.2868,36.5736,2.0000,0,1,1,1840126,A168_HF9F_20260827_0900,2026-08-27 09:00:00,185
114630966|34|6,6,114630966,34,2026-05-03,1,2267,4,6,4,95.4534,95.4534,-66.2943,0.5714,-69.452046,15.9089,23.8633,1.5000,0,1,6,1840127,A168_HF9F_20260827_0900,2026-08-27 09:00:00,185
114630966|35|6,6,114630966,35,2026-05-03,1,2267,6,10,5,683.5821,683.5821,601.6579,1.0083,88.015460,68.3582,113.9303,1.6667,0,1,15,1840128,A168_HF9F_20260827_0900,2026-08-27 09:00:00,185
114630966|36|6,6,114630966,36,2026-05-03,1,2267,6,9,5,182.8110,182.8110,-118.0100,0.9411,-64.553016,20.3123,30.4685,1.5000,0,1,15,1840129,A168_HF9F_20260827_0900,2026-08-27 09:00:00,185
114630966|37|6,6,114630966,37,2026-05-03,1,2267,8,11,4,657.1770,657.1770,-405.6231,0.5882,-61.722038,59.7434,82.1471,1.3750,0,1,28,1840130,A168_HF9F_20260827_0900,2026-08-27 09:00:00,185
114630966|38|6,6,114630966,38,2026-05-03,1,2267,8,11,3,938.0677,938.0677,-733.2224,0.5882,-78.163059,85.2789,117.2585,1.3750,0,1,28,1840131,A168_HF9F_20260827_0900,2026-08-27 09:00:00,185
114630966|39|6,6,114630966,39,2026-05-03,1,2267,7,8,3,946.6154,946.6154,-837.5613,0.9579,-88.479579,118.3269,135.2308,1.1429,0,1,21,1840132,A168_HF9F_20260827_0900,2026-08-27 09:00:00,185
114630966|4|6,6,114630966,4,2026-05-03,1,1363,3,3,2,92.6787,92.6787,-65.2774,0.0000,-70.434097,30.8929,30.8929,1.0000,0,1,3,1840133,A168_HF9F_20260827_0900,2026-08-27 09:00:00,185
114630966|40|6,6,114630966,40,2026-05-03,1,2267,8,9,3,1802.4466,1802.4466,1781.6901,0.0000,98.848422,200.2718,225.3058,1.1250,0,1,28,1840134,A168_HF9F_20260827_0900,2026-08-27 09:00:00,185
114630966|41|6,6,114630966,41,2026-05-03,1,2267,3,5,3,104.1806,104.1806,104.1806,0.0000,100.000000,20.8361,34.7269,1.6667,0,1,3,1840135,A168_HF9F_20260827_0900,2026-08-27 09:00:00,185
114630966|42|6,6,114630966,42,2026-05-03,1,2267,4,5,3,100.8197,100.8197,100.8197,0.0000,100.000000,20.1639,25.2049,1.2500,0,1,6,1840136,A168_HF9F_20260827_0900,2026-08-27 09:00:00,185
114630966|43|6,6,114630966,43,2026-05-03,1,2267,6,7,3,982.5819,982.5819,59.2620,0.0000,6.031252,140.3688,163.7636,1.1667,0,1,15,1840137,A168_HF9F_20260827_0900,2026-08-27 09:00:00,185
114630966|44|6,6,114630966,44,2026-05-03,1,2267,3,6,5,556.4526,556.4526,-318.5530,0.0000,-57.247111,92.7421,185.4842,2.0000,0,1,3,1840138,A168_HF9F_20260827_0900,2026-08-27 09:00:00,185
114630966|45|6,6,114630966,45,2026-05-03,1,2267,7,8,3,2063.9512,2063.9512,1515.7009,0.0000,73.436855,257.9939,294.8502,1.1429,0,1,21,1840139,A168_HF9F_20260827_0900,2026-08-27 09:00:00,185
114630966|46|6,6,114630966,46,2026-05-03,1,2267,2,5,5,444.8550,444.8550,-406.2274,0.0000,-91.316815,88.9710,222.4275,2.5000,0,1,1,1840140,A168_HF9F_20260827_0900,2026-08-27 09:00:00,185
114630966|47|6,6,114630966,47,2026-05-03,1,2267,4,4,3,288.9645,288.9645,272.5797,0.0000,94.329811,72.2411,72.2411,1.0000,0,1,6,1840141,A168_HF9F_20260827_0900,2026-08-27 09:00:00,185
114630966|48|6,6,114630966,48,2026-05-03,1,2267,4,4,2,786.9373,786.9373,239.7417,0.0000,30.465160,196.7343,196.7343,1.0000,0,1,6,1840142,A168_HF9F_20260827_0900,2026-08-27 09:00:00,185
114630966|5|6,6,114630966,5,2026-05-03,1,1363,2,2,2,98.7364,98.7364,-73.5289,0.0000,-74.469957,49.3682,49.3682,1.0000,0,1,1,1840143,A168_HF9F_20260827_0900,2026-08-27 09:00:00,185
114630966|6|6,6,114630966,6,2026-05-03,1,1363,1,1,1,16.8050,16.8050,-15.9647,0.0000,-95.000000,16.8050,16.8050,1.0000,0,0,0,1840144,A168_HF9F_20260827_0900,2026-08-27 09:00:00,185
114630966|7|6,6,114630966,7,2026-05-03,1,1363,3,7,6,152.8354,148.6342,128.2582,0.0000,86.291168,21.8336,50.9451,2.3333,1,1,3,1840145,A168_HF9F_20260827_0900,2026-08-27 09:00:00,185
114630966|8|6,6,114630966,8,2026-05-03,1,1363,2,2,1,231.0682,231.0682,231.0682,1.8906,100.000000,115.5341,115.5341,1.0000,0,1,1,1840146,A168_HF9F_20260827_0900,2026-08-27 09:00:00,185
114630966|9|6,6,114630966,9,2026-05-03,1,1363,2,3,3,113.5886,6.8399,6.8399,0.0000,100.000000,37.8629,56.7943,1.5000,2,1,1,1840147,A168_HF9F_20260827_0900,2026-08-27 09:00:00,185
114631000|10|6,6,114631000,10,2026-05-03,1,1646,2,2,2,13869.9087,13869.9087,-6886.6685,0.0000,-49.651866,6934.9544,6934.9544,1.0000,0,1,1,1840148,A168_HF9F_20260827_0900,2026-08-27 09:00:00,185
114631000|11|6,6,114631000,11,2026-05-03,1,1646,4,4,2,10416.8381,10416.8381,-10343.9404,0.0000,-99.300194,2604.2095,2604.2095,1.0000,0,1,6,1840149,A168_HF9F_20260827_0900,2026-08-27 09:00:00,185
114631000|12|6,6,114631000,12,2026-05-03,1,1646,6,6,2,2687.2772,2687.2772,-2661.3315,0.0000,-99.034498,447.8795,447.8795,1.0000,0,1,15,1840150,A168_HF9F_20260827_0900,2026-08-27 09:00:00,185
114631000|13|6,6,114631000,13,2026-05-03,1,1646,7,7,2,2911.3253,2911.3253,-2647.3610,0.0000,-90.933190,415.9036,415.9036,1.0000,0,1,21,1840151,A168_HF9F_20260827_0900,2026-08-27 09:00:00,185
114631000|14|6,6,114631000,14,2026-05-03,1,1646,7,7,2,1677.8957,1677.8957,1303.5062,0.0000,77.686963,239.6994,239.6994,1.0000,0,1,21,1840152,A168_HF9F_20260827_0900,2026-08-27 09:00:00,185
114631000|15|6,6,114631000,15,2026-05-03,1,1646,11,11,3,2293.3021,2293.3021,909.6560,0.0000,39.665772,208.4820,208.4820,1.0000,0,1,55,1840153,A168_HF9F_20260827_0900,2026-08-27 09:00:00,185
114631000|16|6,6,114631000,16,2026-05-03,1,1646,4,4,1,132.3048,132.3048,132.3048,0.0000,100.000000,33.0762,33.0762,1.0000,0,1,6,1840154,A168_HF9F_20260827_0900,2026-08-27 09:00:00,185
114631000|17|6,6,114631000,17,2026-05-03,1,1646,5,5,2,203.8855,203.8855,192.7361,0.0000,94.531542,40.7771,40.7771,1.0000,0,1,10,1840155,A168_HF9F_20260827_0900,2026-08-27 09:00:00,185
114631000|18|6,6,114631000,18,2026-05-03,1,1646,2,2,1,79.1995,79.1995,-75.2395,0.0000,-95.000000,39.5997,39.5997,1.0000,0,1,1,1840156,A168_HF9F_20260827_0900,2026-08-27 09:00:00,185
114631000|19|6,6,114631000,19,2026-05-03,1,1646,2,2,2,28.9886,28.9886,13.4230,0.0000,46.304348,14.4943,14.4943,1.0000,0,1,1,1840157,A168_HF9F_20260827_0900,2026-08-27 09:00:00,185
114631000|2|6,6,114631000,2,2026-05-03,1,2267,2,5,4,119.3699,119.3699,-11.2337,0.0000,-9.410865,23.8740,59.6850,2.5000,0,1,1,1840158,A168_HF9F_20260827_0900,2026-08-27 09:00:00,185
114631000|20|6,6,114631000,20,2026-05-03,1,1646,7,7,2,742.8616,742.8616,-713.4530,0.0000,-96.041164,106.1231,106.1231,1.0000,0,1,21,1840159,A168_HF9F_20260827_0900,2026-08-27 09:00:00,185
114631000|21|6,6,114631000,21,2026-05-03,1,1646,5,8,5,478.1322,478.1322,-338.1776,0.0000,-70.728892,59.7665,95.6264,1.6000,0,1,10,1840160,A168_HF9F_20260827_0900,2026-08-27 09:00:00,185
114631000|22|6,6,114631000,22,2026-05-03,1,1646,3,3,2,89.5910,89.5910,2.3005,0.0000,2.567748,29.8637,29.8637,1.0000,0,1,3,1840161,A168_HF9F_20260827_0900,2026-08-27 09:00:00,185
114631000|23|6,6,114631000,23,2026-05-03,1,1646,4,4,2,336.7900,336.7900,213.5173,0.0000,63.397741,84.1975,84.1975,1.0000,0,1,6,1840162,A168_HF9F_20260827_0900,2026-08-27 09:00:00,185
114631000|24|6,6,114631000,24,2026-05-03,1,1646,6,6,2,757.1370,757.1370,547.0750,0.0000,72.255751,126.1895,126.1895,1.0000,0,1,15,1840163,A168_HF9F_20260827_0900,2026-08-27 09:00:00,185
114631000|25|6,6,114631000,25,2026-05-03,1,1646,4,5,4,95.0394,95.0394,-49.5687,0.0000,-52.155974,19.0079,23.7598,1.2500,0,1,6,1840164,A168_HF9F_20260827_0900,2026-08-27 09:00:00,185
114631000|26|6,6,114631000,26,2026-05-03,1,1646,3,3,2,919.8569,919.8569,-877.8446,0.0000,-95.432725,306.6190,306.6190,1.0000,0,1,3,1840165,A168_HF9F_20260827_0900,2026-08-27 09:00:00,185
114631000|27|6,6,114631000,27,2026-05-03,1,1646,1,1,1,20.0000,20.0000,-20.0000,0.0000,-100.000000,20.0000,20.0000,1.0000,0,0,0,1840166,A168_HF9F_20260827_0900,2026-08-27 09:00:00,185
114631000|28|6,6,114631000,28,2026-05-03,1,1646,4,4,1,63.6099,63.6099,63.6099,0.0000,100.000000,15.9025,15.9025,1.0000,0,1,6,1840167,A168_HF9F_20260827_0900,2026-08-27 09:00:00,185
114631000|29|6,6,114631000,29,2026-05-03,1,1646,3,3,2,43.4939,43.4939,8.3975,0.0000,19.307238,14.4980,14.4980,1.0000,0,1,3,1840168,A168_HF9F_20260827_0900,2026-08-27 09:00:00,185
114631000|3|6,6,114631000,3,2026-05-03,1,2267,1,1,1,0.4201,0.0000,0.0000,0.0000,,0.4201,0.4201,1.0000,1,0,0,1840169,A168_HF9F_20260827_0900,2026-08-27 09:00:00,185
114631000|30|6,6,114631000,30,2026-05-03,1,1646,1,1,1,5.5747,5.5747,5.5747,0.0000,100.000000,5.5747,5.5747,1.0000,0,0,0,1840170,A168_HF9F_20260827_0900,2026-08-27 09:00:00,185
114631000|31|6,6,114631000,31,2026-05-03,1,1646,1,1,1,72.6480,72.6480,72.6480,0.0000,100.000000,72.6480,72.6480,1.0000,0,0,0,1840171,A168_HF9F_20260827_0900,2026-08-27 09:00:00,185
114631000|32|6,6,114631000,32,2026-05-03,1,1646,3,3,2,295.9060,295.9060,-210.0355,0.0000,-70.980484,98.6353,98.6353,1.0000,0,1,3,1840172,A168_HF9F_20260827_0900,2026-08-27 09:00:00,185
114631000|33|6,6,114631000,33,2026-05-03,1,1646,9,10,3,2135.4540,2135.4540,-2048.2721,0.0000,-95.917409,213.5454,237.2727,1.1111,0,1,36,1840173,A168_HF9F_20260827_0900,2026-08-27 09:00:00,185
114631000|34|6,6,114631000,34,2026-05-03,1,1646,9,13,6,1312.8318,1312.8318,-1251.9166,0.0000,-95.360015,100.9871,145.8702,1.4444,0,1,36,1840174,A168_HF9F_20260827_0900,2026-08-27 09:00:00,185
114631000|35|6,6,114631000,35,2026-05-03,1,1646,11,18,9,2076.6146,2076.6146,1994.5196,0.0000,96.046689,115.3675,188.7831,1.6364,0,1,55,1840175,A168_HF9F_20260827_0900,2026-08-27 09:00:00,185
114631000|36|6,6,114631000,36,2026-05-03,1,1646,4,11,8,846.2978,846.2978,-688.4927,0.0000,-81.353479,76.9362,211.5745,2.7500,0,1,6,1840176,A168_HF9F_20260827_0900,2026-08-27 09:00:00,185
114631000|37|6,6,114631000,37,2026-05-03,1,1646,3,6,5,42.5063,42.5063,16.9659,0.0000,39.913778,7.0844,14.1688,2.0000,0,1,3,1840177,A168_HF9F_20260827_0900,2026-08-27 09:00:00,185
114631000|38|6,6,114631000,38,2026-05-03,1,1646,5,11,8,804.4681,804.4681,-796.3585,0.0000,-98.991928,73.1335,160.8936,2.2000,0,1,10,1840178,A168_HF9F_20260827_0900,2026-08-27 09:00:00,185
114631000|39|6,6,114631000,39,2026-05-03,1,1646,8,15,8,905.5616,905.5616,732.5705,0.0000,80.896810,60.3708,113.1952,1.8750,0,1,28,1840179,A168_HF9F_20260827_0900,2026-08-27 09:00:00,185
114631000|4|6,6,114631000,4,2026-05-03,1,2267,3,3,1,237.5640,237.5640,-232.1982,0.0000,-97.741314,79.1880,79.1880,1.0000,0,1,3,1840180,A168_HF9F_20260827_0900,2026-08-27 09:00:00,185
114631000|40|6,6,114631000,40,2026-05-03,1,1646,5,8,5,615.0093,615.0093,218.3878,0.0000,35.509672,76.8762,123.0019,1.6000,0,1,10,1840181,A168_HF9F_20260827_0900,2026-08-27 09:00:00,185
114631000|41|6,6,114631000,41,2026-05-03,1,1363,3,3,1,277.2818,0.0000,0.0000,0.0000,,92.4273,92.4273,1.0000,3,1,3,1840182,A168_HF9F_20260827_0900,2026-08-27 09:00:00,185
114631000|42|6,6,114631000,42,2026-05-03,1,1363,4,9,6,294.0868,294.0868,294.0868,2.1426,100.000000,32.6763,73.5217,2.2500,0,1,6,1840183,A168_HF9F_20260827_0900,2026-08-27 09:00:00,185
114631000|43|6,6,114631000,43,2026-05-03,1,1363,3,4,3,170.1502,2.1006,2.1006,0.0000,100.000000,42.5375,56.7167,1.3333,3,1,3,1840184,A168_HF9F_20260827_0900,2026-08-27 09:00:00,185
114631000|44|6,6,114631000,44,2026-05-03,1,1363,3,6,5,260.4768,260.4768,-149.1440,2.0586,-57.258065,43.4128,86.8256,2.0000,0,1,3,1840185,A168_HF9F_20260827_0900,2026-08-27 09:00:00,185
114631000|45|6,6,114631000,45,2026-05-03,1,1363,2,2,2,356.6180,356.6180,-53.0028,1.8906,-14.862622,178.3090,178.3090,1.0000,0,1,1,1840186,A168_HF9F_20260827_0900,2026-08-27 09:00:00,185
114631000|46|6,6,114631000,46,2026-05-03,1,1363,5,5,2,478.7526,478.7526,342.1818,2.8358,71.473617,95.7505,95.7505,1.0000,0,1,10,1840187,A168_HF9F_20260827_0900,2026-08-27 09:00:00,185
114631000|47|6,6,114631000,47,2026-05-03,1,1363,2,2,1,259.3423,259.3423,-259.3423,1.8906,-100.000000,129.6711,129.6711,1.0000,0,1,1,1840188,A168_HF9F_20260827_0900,2026-08-27 09:00:00,185
114631000|48|6,6,114631000,48,2026-05-03,1,1363,3,3,1,319.1257,0.0000,0.0000,0.0000,,106.3752,106.3752,1.0000,3,1,3,1840189,A168_HF9F_20260827_0900,2026-08-27 09:00:00,185
114631000|49|6,6,114631000,49,2026-05-03,1,1363,3,3,1,318.6226,0.0000,0.0000,0.0000,,106.2075,106.2075,1.0000,3,1,3,1840190,A168_HF9F_20260827_0900,2026-08-27 09:00:00,185
114631000|5|6,6,114631000,5,2026-05-03,1,2267,4,4,2,283.8880,283.8880,257.7717,0.0000,90.800486,70.9720,70.9720,1.0000,0,1,6,1840191,A168_HF9F_20260827_0900,2026-08-27 09:00:00,185
114631000|50|6,6,114631000,50,2026-05-03,1,1363,5,5,2,425.7656,425.7656,-423.5357,2.8358,-99.476266,85.1531,85.1531,1.0000,0,1,10,1840192,A168_HF9F_20260827_0900,2026-08-27 09:00:00,185
114631000|51|6,6,114631000,51,2026-05-03,1,1363,10,12,4,699.9196,699.9196,-381.7747,4.6844,-54.545509,58.3266,69.9920,1.2000,0,1,45,1840193,A168_HF9F_20260827_0900,2026-08-27 09:00:00,185
114631000|52|6,6,114631000,52,2026-05-03,1,1363,15,17,3,2399.0199,2399.0199,776.2806,8.0823,32.358238,141.1188,159.9347,1.1333,0,1,105,1840194,A168_HF9F_20260827_0900,2026-08-27 09:00:00,185
114631000|53|6,6,114631000,53,2026-05-03,1,1363,7,8,3,502.5421,502.5421,-420.0680,3.9618,-83.588633,62.8178,71.7917,1.1429,0,1,21,1840195,A168_HF9F_20260827_0900,2026-08-27 09:00:00,185
114631000|6|6,6,114631000,6,2026-05-03,1,2267,3,3,2,91.2301,91.2301,65.9331,0.0000,72.271142,30.4100,30.4100,1.0000,0,1,3,1840196,A168_HF9F_20260827_0900,2026-08-27 09:00:00,185
114631000|7|6,6,114631000,7,2026-05-03,1,2267,1,1,1,0.4201,0.4201,0.4201,0.0000,100.000000,0.4201,0.4201,1.0000,0,0,0,1840197,A168_HF9F_20260827_0900,2026-08-27 09:00:00,185
114631000|8|6,6,114631000,8,2026-05-03,1,2267,10,11,3,1352.5668,1352.5668,-125.0828,0.0000,-9.247806,122.9606,135.2567,1.1000,0,1,45,1840198,A168_HF9F_20260827_0900,2026-08-27 09:00:00,185
114631000|9|6,6,114631000,9,2026-05-03,1,2267,17,21,5,11683.9622,11683.9622,11579.2136,0.0000,99.103484,556.3792,687.2919,1.2353,0,1,136,1840199,A168_HF9F_20260827_0900,2026-08-27 09:00:00,185
114631029|10|6,6,114631029,10,2026-05-03,1,1363,3,5,4,126.3073,126.3073,89.4647,0.0000,70.830983,25.2615,42.1024,1.6667,0,1,3,1840200,A168_HF9F_20260827_0900,2026-08-27 09:00:00,185
114631029|11|6,6,114631029,11,2026-05-03,1,1363,7,9,4,266.4281,266.4281,-110.6024,0.3361,-41.513035,29.6031,38.0612,1.2857,0,1,21,1840201,A168_HF9F_20260827_0900,2026-08-27 09:00:00,185
114631029|12|6,6,114631029,12,2026-05-03,1,1363,5,7,4,225.0032,225.0032,-56.9776,0.0000,-25.323020,32.1433,45.0006,1.4000,0,1,10,1840202,A168_HF9F_20260827_0900,2026-08-27 09:00:00,185
114631029|13|6,6,114631029,13,2026-05-03,1,1363,7,9,4,221.9489,221.9489,-36.8120,0.0420,-16.585780,24.6610,31.7070,1.2857,0,1,21,1840203,A168_HF9F_20260827_0900,2026-08-27 09:00:00,185
114631029|14|6,6,114631029,14,2026-05-03,1,1363,8,14,7,407.5067,407.5067,-47.2670,0.0672,-11.599074,29.1076,50.9383,1.7500,0,1,28,1840204,A168_HF9F_20260827_0900,2026-08-27 09:00:00,185
114631029|15|6,6,114631029,15,2026-05-03,1,2267,6,8,4,1110.5980,1110.5980,-956.8693,0.0000,-86.158020,138.8248,185.0997,1.3333,0,1,15,1840205,A168_HF9F_20260827_0900,2026-08-27 09:00:00,185
114631029|16|6,6,114631029,16,2026-05-03,1,2267,4,8,6,405.4516,405.4516,-173.7406,0.0000,-42.851134,50.6815,101.3629,2.0000,0,1,6,1840206,A168_HF9F_20260827_0900,2026-08-27 09:00:00,185
114631029|17|6,6,114631029,17,2026-05-03,1,2267,7,10,4,1860.4777,1860.4777,1799.9354,0.0000,96.745871,186.0478,265.7825,1.4286,0,1,21,1840207,A168_HF9F_20260827_0900,2026-08-27 09:00:00,185
114631029|18|6,6,114631029,18,2026-05-03,1,2267,18,21,6,1132.3216,1132.3216,-205.8300,0.0000,-18.177700,53.9201,62.9068,1.1667,0,1,153,1840208,A168_HF9F_20260827_0900,2026-08-27 09:00:00,185
114631029|19|6,6,114631029,19,2026-05-03,1,2267,16,16,3,1378.1238,1378.1238,499.2319,0.0672,36.225472,86.1327,86.1327,1.0000,0,1,120,1840209,A168_HF9F_20260827_0900,2026-08-27 09:00:00,185
114631029|2|6,6,114631029,2,2026-05-03,1,1363,1,1,1,2.1627,2.1627,2.1627,0.0000,100.000000,2.1627,2.1627,1.0000,0,0,0,1840210,A168_HF9F_20260827_0900,2026-08-27 09:00:00,185
114631029|20|6,6,114631029,20,2026-05-03,1,2267,9,10,4,1019.5167,1019.5167,720.2181,0.0000,70.643087,101.9517,113.2796,1.1111,0,1,36,1840211,A168_HF9F_20260827_0900,2026-08-27 09:00:00,185
114631029|21|6,6,114631029,21,2026-05-03,1,2267,11,12,3,1483.1800,1463.1800,-1208.2854,0.0000,-82.579407,123.5983,134.8345,1.0909,1,1,55,1840212,A168_HF9F_20260827_0900,2026-08-27 09:00:00,185
114631029|22|6,6,114631029,22,2026-05-03,1,2267,10,14,6,1039.1779,1019.1779,878.5602,0.0000,86.202831,74.2270,103.9178,1.4000,1,1,45,1840213,A168_HF9F_20260827_0900,2026-08-27 09:00:00,185
114631029|23|6,6,114631029,23,2026-05-03,1,2267,8,10,4,1183.5927,1163.5927,993.4823,0.0000,85.380589,118.3593,147.9491,1.2500,1,1,28,1840214,A168_HF9F_20260827_0900,2026-08-27 09:00:00,185
114631029|24|6,6,114631029,24,2026-05-03,1,2267,11,22,9,2378.4113,2358.4113,115.8347,0.0000,4.911557,108.1096,216.2192,2.0000,1,1,55,1840215,A168_HF9F_20260827_0900,2026-08-27 09:00:00,185
114631029|25|6,6,114631029,25,2026-05-03,1,2267,9,11,5,2341.9659,2341.9659,1527.4766,0.0000,65.221984,212.9060,260.2184,1.2222,0,1,36,1840216,A168_HF9F_20260827_0900,2026-08-27 09:00:00,185
114631029|26|6,6,114631029,26,2026-05-03,1,2267,7,12,7,1156.5380,1156.5380,607.7671,0.0000,52.550553,96.3782,165.2197,1.7143,0,1,21,1840217,A168_HF9F_20260827_0900,2026-08-27 09:00:00,185
114631029|27|6,6,114631029,27,2026-05-03,1,2267,17,20,5,3691.4763,92.0337,-104.0637,0.0000,-113.071307,184.5738,217.1457,1.1765,16,1,136,1840218,A168_HF9F_20260827_0900,2026-08-27 09:00:00,185
114631029|28|6,6,114631029,28,2026-05-03,1,2267,24,31,7,2004.7223,2004.7223,216.1230,0.0672,10.780697,64.6685,83.5301,1.2917,0,1,276,1840219,A168_HF9F_20260827_0900,2026-08-27 09:00:00,185
114631029|29|6,6,114631029,29,2026-05-03,1,2267,11,16,6,1576.3531,1576.3531,0.8850,0.0000,0.056143,98.5221,143.3048,1.4545,0,1,55,1840220,A168_HF9F_20260827_0900,2026-08-27 09:00:00,185
114631029|3|6,6,114631029,3,2026-05-03,1,1363,2,2,2,12.6658,0.0000,0.0000,0.0000,,6.3329,6.3329,1.0000,2,1,1,1840221,A168_HF9F_20260827_0900,2026-08-27 09:00:00,185
114631029|30|6,6,114631029,30,2026-05-03,1,2267,11,17,5,1084.1323,55.8582,-176.5981,0.0000,-316.154329,63.7725,98.5575,1.5455,11,1,55,1840222,A168_HF9F_20260827_0900,2026-08-27 09:00:00,185
114631029|31|6,6,114631029,31,2026-05-03,1,2267,10,15,5,822.6877,822.6877,-29.2026,0.0000,-3.549660,54.8458,82.2688,1.5000,0,1,45,1840223,A168_HF9F_20260827_0900,2026-08-27 09:00:00,185
114631029|32|6,6,114631029,32,2026-05-03,1,2267,4,7,5,118.2649,118.2649,-34.0300,0.0000,-28.774423,16.8950,29.5662,1.7500,0,1,6,1840224,A168_HF9F_20260827_0900,2026-08-27 09:00:00,185
114631029|33|6,6,114631029,33,2026-05-03,1,2267,8,9,3,160.8319,160.8319,111.6774,0.2756,69.437352,17.8702,20.1040,1.1250,0,1,28,1840225,A168_HF9F_20260827_0900,2026-08-27 09:00:00,185
114631029|34|6,6,114631029,34,2026-05-03,1,2267,16,18,4,8488.4513,8488.4513,-7767.4041,0.5512,-91.505550,471.5806,530.5282,1.1250,0,1,120,1840226,A168_HF9F_20260827_0900,2026-08-27 09:00:00,185
114631029|35|6,6,114631029,35,2026-05-03,1,2267,10,11,3,4920.1265,4920.1265,-4197.4381,1.2403,-85.311589,447.2842,492.0126,1.1000,0,1,45,1840227,A168_HF9F_20260827_0900,2026-08-27 09:00:00,185
114631029|36|6,6,114631029,36,2026-05-03,1,2267,19,24,7,5235.2583,5235.2583,4664.4525,0.0471,89.096892,218.1358,275.5399,1.2632,0,1,171,1840228,A168_HF9F_20260827_0900,2026-08-27 09:00:00,185
114631029|37|6,6,114631029,37,2026-05-03,1,2267,9,9,2,276.0687,265.5656,187.2125,0.1512,70.495755,30.6743,30.6743,1.0000,0,1,36,1840229,A168_HF9F_20260827_0900,2026-08-27 09:00:00,185
114631029|38|6,6,114631029,38,2026-05-03,1,2267,8,8,2,399.9231,399.9231,-360.0114,0.0168,-90.020139,49.9904,49.9904,1.0000,0,1,28,1840230,A168_HF9F_20260827_0900,2026-08-27 09:00:00,185
114631029|39|6,6,114631029,39,2026-05-03,1,2267,9,9,2,237.6369,237.6369,-193.9192,0.1344,-81.603136,26.4041,26.4041,1.0000,0,1,36,1840231,A168_HF9F_20260827_0900,2026-08-27 09:00:00,185
114631029|4|6,6,114631029,4,2026-05-03,1,1363,1,1,1,10.5031,0.0000,0.0000,0.0000,,10.5031,10.5031,1.0000,1,0,0,1840232,A168_HF9F_20260827_0900,2026-08-27 09:00:00,185
114631029|40|6,6,114631029,40,2026-05-03,1,2267,16,19,3,807.3081,807.3081,67.8022,3.0249,8.398551,42.4899,50.4568,1.1875,0,1,120,1840233,A168_HF9F_20260827_0900,2026-08-27 09:00:00,185
114631029|41|6,6,114631029,41,2026-05-03,1,2267,15,17,4,1746.3095,1746.3095,-1519.0566,0.9949,-86.986677,102.7241,116.4206,1.1333,0,1,105,1840234,A168_HF9F_20260827_0900,2026-08-27 09:00:00,185
114631029|42|6,6,114631029,42,2026-05-03,1,2267,13,14,3,706.2737,706.2737,631.4756,0.9411,89.409468,50.4481,54.3287,1.0769,0,1,78,1840235,A168_HF9F_20260827_0900,2026-08-27 09:00:00,185
114631029|43|6,6,114631029,43,2026-05-03,1,2267,9,9,2,469.3243,469.3243,-65.8034,0.0319,-14.020885,52.1471,52.1471,1.0000,0,1,36,1840236,A168_HF9F_20260827_0900,2026-08-27 09:00:00,185
114631029|44|6,6,114631029,44,2026-05-03,1,2267,8,8,2,616.7701,0.0000,0.0000,0.0000,,77.0963,77.0963,1.0000,8,1,28,1840237,A168_HF9F_20260827_0900,2026-08-27 09:00:00,185
114631029|45|6,6,114631029,45,2026-05-03,1,1646,9,9,2,671.0783,671.0783,-82.9254,0.0000,-12.357033,74.5643,74.5643,1.0000,0,1,36,1840238,A168_HF9F_20260827_0900,2026-08-27 09:00:00,185
114631029|46|6,6,114631029,46,2026-05-03,1,1646,5,5,2,104.3708,104.3708,-95.9683,0.0000,-91.949394,20.8742,20.8742,1.0000,0,1,10,1840239,A168_HF9F_20260827_0900,2026-08-27 09:00:00,185
114631029|47|6,6,114631029,47,2026-05-03,1,1646,12,13,3,423.5848,423.5848,332.5252,0.0000,78.502618,32.5834,35.2987,1.0833,0,1,66,1840240,A168_HF9F_20260827_0900,2026-08-27 09:00:00,185
114631029|48|6,6,114631029,48,2026-05-03,1,1646,7,8,3,392.0582,392.0582,-312.3059,0.0000,-79.658035,49.0073,56.0083,1.1429,0,1,21,1840241,A168_HF9F_20260827_0900,2026-08-27 09:00:00,185
114631029|49|6,6,114631029,49,2026-05-03,1,1646,7,8,3,187.9727,187.9727,56.3110,0.0000,29.957024,23.4966,26.8532,1.1429,0,1,21,1840242,A168_HF9F_20260827_0900,2026-08-27 09:00:00,185
114631029|5|6,6,114631029,5,2026-05-03,1,1363,2,3,3,27.3081,27.3081,6.3019,0.0000,23.076923,9.1027,13.6540,1.5000,0,1,1,1840243,A168_HF9F_20260827_0900,2026-08-27 09:00:00,185
114631029|6|6,6,114631029,6,2026-05-03,1,1363,2,2,2,189.9155,189.9155,17.6502,0.0000,9.293733,94.9578,94.9578,1.0000,0,1,1,1840244,A168_HF9F_20260827_0900,2026-08-27 09:00:00,185
114631029|7|6,6,114631029,7,2026-05-03,1,1363,6,6,2,713.5411,713.5411,-405.6972,0.1680,-56.856880,118.9235,118.9235,1.0000,0,1,15,1840245,A168_HF9F_20260827_0900,2026-08-27 09:00:00,185
114631029|8|6,6,114631029,8,2026-05-03,1,1363,3,5,4,652.1749,652.1749,-566.5896,0.1680,-86.876935,130.4350,217.3916,1.6667,0,1,3,1840246,A168_HF9F_20260827_0900,2026-08-27 09:00:00,185
114631029|9|6,6,114631029,9,2026-05-03,1,1363,5,6,3,794.1617,794.1617,583.7525,0.0000,73.505497,132.3603,158.8323,1.2000,0,1,10,1840247,A168_HF9F_20260827_0900,2026-08-27 09:00:00,185
114631049|1|6,6,114631049,1,2026-05-03,1,1646,1,1,1,334.4817,334.4817,-334.4817,0.0000,-100.000000,334.4817,334.4817,1.0000,0,0,0,1840248,A168_HF9F_20260827_0900,2026-08-27 09:00:00,185
114631049|10|6,6,114631049,10,2026-05-03,1,1646,3,3,2,1573.7065,1573.7065,1515.2065,0.0000,96.282661,524.5688,524.5688,1.0000,0,1,3,1840249,A168_HF9F_20260827_0900,2026-08-27 09:00:00,185
114631049|11|6,6,114631049,11,2026-05-03,1,1646,2,2,1,118.0038,118.0038,118.0038,0.0000,100.000000,59.0019,59.0019,1.0000,0,1,1,1840250,A168_HF9F_20260827_0900,2026-08-27 09:00:00,185
114631049|12|6,6,114631049,12,2026-05-03,1,1646,2,2,1,223.2943,223.2943,-212.1296,0.0000,-95.000000,111.6471,111.6471,1.0000,0,1,1,1840251,A168_HF9F_20260827_0900,2026-08-27 09:00:00,185
114631049|13|6,6,114631049,13,2026-05-03,1,1646,4,4,1,368.3309,368.3309,-368.3309,0.0000,-100.000000,92.0827,92.0827,1.0000,0,1,6,1840252,A168_HF9F_20260827_0900,2026-08-27 09:00:00,185
114631049|14|6,6,114631049,14,2026-05-03,1,1646,10,11,3,1225.7087,1225.7087,-721.7059,0.0000,-58.880705,111.4281,122.5709,1.1000,0,1,45,1840253,A168_HF9F_20260827_0900,2026-08-27 09:00:00,185
114631049|15|6,6,114631049,15,2026-05-03,1,1646,15,16,3,1092.4192,1092.4192,152.4139,0.0000,13.951961,68.2762,72.8279,1.0667,0,1,105,1840254,A168_HF9F_20260827_0900,2026-08-27 09:00:00,185
114631049|16|6,6,114631049,16,2026-05-03,1,1646,6,8,3,761.3015,661.3015,393.1525,0.0000,59.451320,95.1627,126.8836,1.3333,1,1,15,1840255,A168_HF9F_20260827_0900,2026-08-27 09:00:00,185
114631049|17|6,6,114631049,17,2026-05-03,1,1646,7,9,3,483.8446,483.8446,327.9659,0.0000,67.783317,53.7605,69.1207,1.2857,0,1,21,1840256,A168_HF9F_20260827_0900,2026-08-27 09:00:00,185
114631049|18|6,6,114631049,18,2026-05-03,1,1646,11,18,8,3409.9534,3409.9534,-2275.4665,1.4940,-66.730136,189.4419,309.9958,1.6364,0,1,55,1840257,A168_HF9F_20260827_0900,2026-08-27 09:00:00,185
114631049|19|6,6,114631049,19,2026-05-03,1,1646,8,10,4,695.4840,695.4840,-533.0946,0.0000,-76.650881,69.5484,86.9355,1.2500,0,1,28,1840258,A168_HF9F_20260827_0900,2026-08-27 09:00:00,185
114631049|2|6,6,114631049,2,2026-05-03,1,1646,1,1,1,334.4817,334.4817,-334.4817,0.0000,-100.000000,334.4817,334.4817,1.0000,0,0,0,1840259,A168_HF9F_20260827_0900,2026-08-27 09:00:00,185
114631049|20|6,6,114631049,20,2026-05-03,1,1646,4,10,8,260.9852,260.9852,2.9241,0.0000,1.120394,26.0985,65.2463,2.5000,0,1,6,1840260,A168_HF9F_20260827_0900,2026-08-27 09:00:00,185
114631049|21|6,6,114631049,21,2026-05-03,1,1646,5,9,6,204.3161,23.1068,-90.3266,0.0000,-390.909091,22.7018,40.8632,1.8000,5,1,10,1840261,A168_HF9F_20260827_0900,2026-08-27 09:00:00,185
114631049|22|6,6,114631049,22,2026-05-03,1,1646,3,3,1,66.4032,66.4032,66.4032,0.0000,100.000000,22.1344,22.1344,1.0000,0,1,3,1840262,A168_HF9F_20260827_0900,2026-08-27 09:00:00,185
114631049|23|6,6,114631049,23,2026-05-03,1,1363,8,9,3,297.4688,297.4688,-211.9674,0.0000,-71.257033,33.0521,37.1836,1.1250,0,1,28,1840263,A168_HF9F_20260827_0900,2026-08-27 09:00:00,185
114631049|24|6,6,114631049,24,2026-05-03,1,1363,3,3,2,115.8952,115.8952,103.2915,0.0000,89.124902,38.6317,38.6317,1.0000,0,1,3,1840264,A168_HF9F_20260827_0900,2026-08-27 09:00:00,185
114631049|25|6,6,114631049,25,2026-05-03,1,1363,5,7,4,1008.7017,1008.7017,-985.7197,0.0000,-97.721625,144.1002,201.7403,1.4000,0,1,10,1840265,A168_HF9F_20260827_0900,2026-08-27 09:00:00,185
114631049|26|6,6,114631049,26,2026-05-03,1,1363,8,10,3,259.7455,259.7455,16.7997,0.0000,6.467742,25.9746,32.4682,1.2500,0,1,28,1840266,A168_HF9F_20260827_0900,2026-08-27 09:00:00,185
114631049|27|6,6,114631049,27,2026-05-03,1,1363,13,14,3,577.2741,577.2741,-128.3063,0.0000,-22.226235,41.2339,44.4057,1.0769,0,1,78,1840267,A168_HF9F_20260827_0900,2026-08-27 09:00:00,185
114631049|28|6,6,114631049,28,2026-05-03,1,1363,5,5,2,56.5067,56.5067,-41.9179,0.0000,-74.182156,11.3013,11.3013,1.0000,0,1,10,1840268,A168_HF9F_20260827_0900,2026-08-27 09:00:00,185
114631049|29|6,6,114631049,29,2026-05-03,1,1363,6,8,3,387.7249,379.3224,-40.5180,0.0000,-10.681686,48.4656,64.6208,1.3333,1,1,15,1840269,A168_HF9F_20260827_0900,2026-08-27 09:00:00,185
114631049|3|6,6,114631049,3,2026-05-03,1,1646,1,1,1,334.4817,334.4817,334.4817,0.0000,100.000000,334.4817,334.4817,1.0000,0,0,0,1840270,A168_HF9F_20260827_0900,2026-08-27 09:00:00,185
114631049|30|6,6,114631049,30,2026-05-03,1,1363,7,10,4,997.8209,997.8209,-985.2172,0.0000,-98.736876,99.7821,142.5458,1.4286,0,1,21,1840271,A168_HF9F_20260827_0900,2026-08-27 09:00:00,185
114631049|31|6,6,114631049,31,2026-05-03,1,1363,10,12,3,643.0525,634.6500,-488.0136,0.3361,-76.894919,53.5877,64.3052,1.2000,1,1,45,1840272,A168_HF9F_20260827_0900,2026-08-27 09:00:00,185
114631049|32|6,6,114631049,32,2026-05-03,1,1363,10,14,5,1025.9948,1017.5923,-1035.8564,0.0079,-101.794837,73.2853,102.5995,1.4000,1,1,45,1840273,A168_HF9F_20260827_0900,2026-08-27 09:00:00,185
114631049|33|6,6,114631049,33,2026-05-03,1,1363,14,22,7,1959.6677,125.7060,68.9893,0.0000,54.881443,89.0758,139.9763,1.5714,15,1,91,1840274,A168_HF9F_20260827_0900,2026-08-27 09:00:00,185
114631049|34|6,6,114631049,34,2026-05-03,1,1363,16,21,5,557.7883,545.1846,141.6522,0.0000,25.982434,26.5613,34.8618,1.3125,2,1,120,1840275,A168_HF9F_20260827_0900,2026-08-27 09:00:00,185
114631049|35|6,6,114631049,35,2026-05-03,1,1363,14,16,4,2120.1176,2120.1176,-2030.4660,0.0000,-95.771384,132.5074,151.4370,1.1429,0,1,91,1840276,A168_HF9F_20260827_0900,2026-08-27 09:00:00,185
114631049|36|6,6,114631049,36,2026-05-03,1,1363,14,17,5,1592.9986,1592.9986,-729.9950,0.0000,-45.825210,93.7058,113.7856,1.2143,0,1,91,1840277,A168_HF9F_20260827_0900,2026-08-27 09:00:00,185
114631049|37|6,6,114631049,37,2026-05-03,1,1363,13,18,7,3455.1874,3455.1874,2497.8498,0.0000,72.292744,191.9549,265.7836,1.3846,0,1,78,1840278,A168_HF9F_20260827_0900,2026-08-27 09:00:00,185
114631049|38|6,6,114631049,38,2026-05-03,1,1363,9,12,5,366.9580,366.9580,-245.4850,0.0000,-66.897316,30.5798,40.7731,1.3333,0,1,36,1840279,A168_HF9F_20260827_0900,2026-08-27 09:00:00,185
114631049|39|6,6,114631049,39,2026-05-03,1,1363,9,12,5,714.2721,714.2721,-378.1729,0.0000,-52.945220,59.5227,79.3636,1.3333,0,1,36,1840280,A168_HF9F_20260827_0900,2026-08-27 09:00:00,185
114631049|4|6,6,114631049,4,2026-05-03,1,1646,1,1,1,38.9186,38.9186,38.9186,0.0000,100.000000,38.9186,38.9186,1.0000,0,0,0,1840281,A168_HF9F_20260827_0900,2026-08-27 09:00:00,185
114631049|40|6,6,114631049,40,2026-05-03,1,1363,12,17,7,2448.2788,2448.2788,-2281.8950,0.0218,-93.204050,144.0164,204.0232,1.4167,0,1,66,1840282,A168_HF9F_20260827_0900,2026-08-27 09:00:00,185
114631049|41|6,6,114631049,41,2026-05-03,1,1363,11,13,5,1293.5627,1293.5627,-1180.1292,0.2521,-91.230927,99.5048,117.5966,1.1818,0,1,55,1840283,A168_HF9F_20260827_0900,2026-08-27 09:00:00,185
114631049|42|6,6,114631049,42,2026-05-03,1,1363,12,16,5,1620.3108,1616.1096,-1159.8413,0.3361,-71.767488,101.2694,135.0259,1.3333,1,1,66,1840284,A168_HF9F_20260827_0900,2026-08-27 09:00:00,185
114631049|43|6,6,114631049,43,2026-05-03,1,1363,11,15,5,1225.6283,1217.2258,-405.6831,0.0000,-33.328504,81.7086,111.4208,1.3636,1,1,55,1840285,A168_HF9F_20260827_0900,2026-08-27 09:00:00,185
114631049|44|6,6,114631049,44,2026-05-03,1,1221,13,13,3,852.4204,852.4204,521.7600,0.0000,61.209236,65.5708,65.5708,1.0000,0,1,78,1840286,A168_HF9F_20260827_0900,2026-08-27 09:00:00,185
114631049|45|6,6,114631049,45,2026-05-03,1,1221,7,7,2,499.6751,499.6751,363.7589,0.0000,72.799078,71.3822,71.3822,1.0000,0,1,21,1840287,A168_HF9F_20260827_0900,2026-08-27 09:00:00,185
114631049|46|6,6,114631049,46,2026-05-03,1,1221,3,3,2,203.8743,203.8743,77.8372,0.0000,38.178989,67.9581,67.9581,1.0000,0,1,3,1840288,A168_HF9F_20260827_0900,2026-08-27 09:00:00,185
114631049|47|6,6,114631049,47,2026-05-03,1,1221,12,17,7,3651.1192,3651.1192,3300.4385,0.0000,90.395253,214.7717,304.2599,1.4167,0,1,66,1840289,A168_HF9F_20260827_0900,2026-08-27 09:00:00,185
114631049|48|6,6,114631049,48,2026-05-03,1,1221,7,13,7,1730.0510,1730.0510,1680.8965,0.0000,97.158783,133.0808,247.1501,1.8571,0,1,21,1840290,A168_HF9F_20260827_0900,2026-08-27 09:00:00,185
114631049|49|6,6,114631049,49,2026-05-03,1,1221,2,3,2,65.1192,2.1006,-16.8050,0.0000,-800.000000,21.7064,32.5596,1.5000,2,1,1,1840291,A168_HF9F_20260827_0900,2026-08-27 09:00:00,185
114631049|5|6,6,114631049,5,2026-05-03,1,1646,1,1,1,101.1883,101.1883,101.1883,0.0000,100.000000,101.1883,101.1883,1.0000,0,0,0,1840292,A168_HF9F_20260827_0900,2026-08-27 09:00:00,185
114631049|6|6,6,114631049,6,2026-05-03,1,1646,2,2,1,93.9038,93.9038,93.9038,0.0000,100.000000,46.9519,46.9519,1.0000,0,1,1,1840293,A168_HF9F_20260827_0900,2026-08-27 09:00:00,185
114631049|7|6,6,114631049,7,2026-05-03,1,1646,3,3,2,225.3255,225.3255,-204.3193,0.0840,-90.677400,75.1085,75.1085,1.0000,0,1,3,1840294,A168_HF9F_20260827_0900,2026-08-27 09:00:00,185
114631049|8|6,6,114631049,8,2026-05-03,1,1646,2,2,2,55.9457,55.9457,4.0543,0.0000,7.246807,27.9729,27.9729,1.0000,0,1,1,1840295,A168_HF9F_20260827_0900,2026-08-27 09:00:00,185
114631049|9|6,6,114631049,9,2026-05-03,1,1646,5,5,2,1812.2990,0.0000,0.0000,0.0000,,362.4598,362.4598,1.0000,5,1,10,1840296,A168_HF9F_20260827_0900,2026-08-27 09:00:00,185
114631077|1|6,6,114631077,1,2026-05-03,1,1221,1,1,1,21.0062,21.0062,21.0062,0.0000,100.000000,21.0062,21.0062,1.0000,0,0,0,1840297,A168_HF9F_20260827_0900,2026-08-27 09:00:00,185
114631077|10|6,6,114631077,10,2026-05-03,1,1221,16,19,5,1136.2462,21.0062,-16.8050,0.0000,-80.000000,59.8024,71.0154,1.1875,16,1,120,1840298,A168_HF9F_20260827_0900,2026-08-27 09:00:00,185
114631077|11|6,6,114631077,11,2026-05-03,1,1221,17,20,5,1781.2144,1781.2144,1273.3159,0.0786,71.485829,89.0607,104.7773,1.1765,0,1,136,1840299,A168_HF9F_20260827_0900,2026-08-27 09:00:00,185
114631077|12|6,6,114631077,12,2026-05-03,1,1221,22,30,8,2054.8217,2054.8217,-764.2989,0.1378,-37.195389,68.4941,93.4010,1.3636,0,1,231,1840300,A168_HF9F_20260827_0900,2026-08-27 09:00:00,185
114631077|13|6,6,114631077,13,2026-05-03,1,1221,19,22,5,1860.2144,1860.2144,-1022.1131,0.2332,-54.945987,84.5552,97.9060,1.1579,0,1,171,1840301,A168_HF9F_20260827_0900,2026-08-27 09:00:00,185
114631077|14|6,6,114631077,14,2026-05-03,1,1221,18,28,10,3669.9623,3669.9623,-3558.7576,0.1626,-96.969869,131.0701,203.8868,1.5556,0,1,153,1840302,A168_HF9F_20260827_0900,2026-08-27 09:00:00,185
114631077|15|6,6,114631077,15,2026-05-03,1,1221,32,45,9,6366.3931,6366.3931,5521.5165,0.3004,86.729116,141.4754,198.9498,1.4063,0,1,496,1840303,A168_HF9F_20260827_0900,2026-08-27 09:00:00,185
114631077|16|6,6,114631077,16,2026-05-03,1,1221,15,21,6,910.8624,910.8624,828.3214,0.3542,90.938147,43.3744,60.7242,1.4000,0,1,105,1840304,A168_HF9F_20260827_0900,2026-08-27 09:00:00,185
114631077|17|6,6,114631077,17,2026-05-03,1,1221,14,18,6,2584.5703,2584.5703,1867.4107,0.0786,72.252269,143.5872,184.6122,1.2857,0,1,91,1840305,A168_HF9F_20260827_0900,2026-08-27 09:00:00,185
114631077|18|6,6,114631077,18,2026-05-03,1,1221,15,19,7,1593.1427,1593.1427,1185.4897,0.0786,74.412021,83.8496,106.2095,1.2667,0,1,105,1840306,A168_HF9F_20260827_0900,2026-08-27 09:00:00,185
114631077|19|6,6,114631077,19,2026-05-03,1,1221,12,14,5,4504.4311,4504.4311,-2648.5668,0.0000,-58.799141,321.7451,375.3693,1.1667,0,1,66,1840307,A168_HF9F_20260827_0900,2026-08-27 09:00:00,185
114631077|2|6,6,114631077,2,2026-05-03,1,1221,1,1,1,2.5946,2.5946,-2.4648,0.0000,-95.000000,2.5946,2.5946,1.0000,0,0,0,1840308,A168_HF9F_20260827_0900,2026-08-27 09:00:00,185
114631077|20|6,6,114631077,20,2026-05-03,1,1221,14,20,6,4781.0635,4781.0635,-4231.0665,0.0954,-88.496346,239.0532,341.5045,1.4286,0,1,91,1840309,A168_HF9F_20260827_0900,2026-08-27 09:00:00,185
114631077|21|6,6,114631077,21,2026-05-03,1,1221,21,24,6,9728.9315,9728.9315,-8959.4566,0.5100,-92.090858,405.3721,463.2825,1.1429,0,1,210,1840310,A168_HF9F_20260827_0900,2026-08-27 09:00:00,185
114631077|22|6,6,114631077,22,2026-05-03,1,1221,25,37,6,3158.0423,167.0126,-433.4557,0.0000,-259.534706,85.3525,126.3217,1.4800,24,1,300,1840311,A168_HF9F_20260827_0900,2026-08-27 09:00:00,185
114631077|23|6,6,114631077,23,2026-05-03,1,1221,24,30,6,3408.8769,3408.8769,2425.8319,0.0954,71.162204,113.6292,142.0365,1.2500,0,1,276,1840312,A168_HF9F_20260827_0900,2026-08-27 09:00:00,185
114631077|24|6,6,114631077,24,2026-05-03,1,1221,15,25,7,1224.6508,1224.6508,849.8225,0.0000,69.393048,48.9860,81.6434,1.6667,0,1,105,1840313,A168_HF9F_20260827_0900,2026-08-27 09:00:00,185
114631077|25|6,6,114631077,25,2026-05-03,1,1221,12,19,7,575.5601,575.5601,-89.8128,0.0235,-15.604418,30.2926,47.9633,1.5833,0,1,66,1840314,A168_HF9F_20260827_0900,2026-08-27 09:00:00,185
114631077|26|6,6,114631077,26,2026-05-03,1,1221,13,19,6,736.5646,736.5646,731.3755,0.0000,99.295494,38.7666,56.6588,1.4615,0,1,78,1840315,A168_HF9F_20260827_0900,2026-08-27 09:00:00,185
114631077|27|6,6,114631077,27,2026-05-03,1,1221,16,17,3,1095.8092,1095.8092,-765.4371,0.0786,-69.851312,64.4594,68.4881,1.0625,0,1,120,1840316,A168_HF9F_20260827_0900,2026-08-27 09:00:00,185
114631077|28|6,6,114631077,28,2026-05-03,1,1221,13,17,6,1289.0429,1289.0429,663.3291,0.0504,51.459039,75.8261,99.1571,1.3077,0,1,78,1840317,A168_HF9F_20260827_0900,2026-08-27 09:00:00,185
114631077|29|6,6,114631077,29,2026-05-03,1,1221,21,23,5,5330.3259,5330.3259,-3562.2589,0.4705,-66.830039,231.7533,253.8250,1.0952,0,1,210,1840318,A168_HF9F_20260827_0900,2026-08-27 09:00:00,185
114631077|3|6,6,114631077,3,2026-05-03,1,1221,2,4,4,3603.4453,3603.4453,-3221.5547,0.0000,-89.402070,900.8613,1801.7227,2.0000,0,1,1,1840319,A168_HF9F_20260827_0900,2026-08-27 09:00:00,185
114631077|30|6,6,114631077,30,2026-05-03,1,1485,21,25,6,5321.1164,5321.1164,4857.0466,0.3311,91.278713,212.8447,253.3865,1.1905,0,1,210,1840320,A168_HF9F_20260827_0900,2026-08-27 09:00:00,185
114631077|31|6,6,114631077,31,2026-05-03,1,1485,12,14,5,5844.7256,5844.7256,5719.0145,0.0000,97.849154,417.4804,487.0605,1.1667,0,1,66,1840321,A168_HF9F_20260827_0900,2026-08-27 09:00:00,185
114631077|32|6,6,114631077,32,2026-05-03,1,1485,11,16,6,861.4035,861.4035,308.3764,0.1512,35.799300,53.8377,78.3094,1.4545,0,1,55,1840322,A168_HF9F_20260827_0900,2026-08-27 09:00:00,185
114631077|33|6,6,114631077,33,2026-05-03,1,1485,12,13,3,1013.1575,1013.1575,46.9137,0.0000,4.630447,77.9352,84.4298,1.0833,0,1,66,1840323,A168_HF9F_20260827_0900,2026-08-27 09:00:00,185
114631077|34|6,6,114631077,34,2026-05-03,1,1485,14,19,6,1590.0205,1590.0205,-534.4150,0.0000,-33.610570,83.6853,113.5729,1.3571,0,1,91,1840324,A168_HF9F_20260827_0900,2026-08-27 09:00:00,185
114631077|35|6,6,114631077,35,2026-05-03,1,1485,16,23,6,1807.8607,1807.8607,1515.8751,0.0168,83.849110,78.6026,112.9913,1.4375,0,1,120,1840325,A168_HF9F_20260827_0900,2026-08-27 09:00:00,185
114631077|36|6,6,114631077,36,2026-05-03,1,1485,11,16,9,1806.1062,1806.1062,-448.7360,0.0000,-24.845493,112.8816,164.1915,1.4545,0,1,55,1840326,A168_HF9F_20260827_0900,2026-08-27 09:00:00,185
114631077|37|6,6,114631077,37,2026-05-03,1,1485,12,17,7,2175.2042,2175.2042,-1224.4451,0.0000,-56.291040,127.9532,181.2670,1.4167,0,1,66,1840327,A168_HF9F_20260827_0900,2026-08-27 09:00:00,185
114631077|38|6,6,114631077,38,2026-05-03,1,1485,16,22,8,1635.1843,1635.1843,1446.1286,0.4201,88.438259,74.3266,102.1990,1.3750,0,1,120,1840328,A168_HF9F_20260827_0900,2026-08-27 09:00:00,185
114631077|39|6,6,114631077,39,2026-05-03,1,1485,11,15,6,992.5257,992.5257,200.8807,0.0000,20.239343,66.1684,90.2296,1.3636,0,1,55,1840329,A168_HF9F_20260827_0900,2026-08-27 09:00:00,185
114631077|4|6,6,114631077,4,2026-05-03,1,1221,2,5,4,3605.1680,3605.1680,-3219.8320,0.0000,-89.311568,721.0336,1802.5840,2.5000,0,1,1,1840330,A168_HF9F_20260827_0900,2026-08-27 09:00:00,185
114631077|40|6,6,114631077,40,2026-05-03,1,1485,12,17,7,2631.5539,2631.5539,-160.0735,0.0000,-6.082850,154.7973,219.2962,1.4167,0,1,66,1840331,A168_HF9F_20260827_0900,2026-08-27 09:00:00,185
114631077|41|6,6,114631077,41,2026-05-03,1,1485,22,27,8,2775.3994,2775.3994,-2184.9308,0.5919,-78.724915,102.7926,126.1545,1.2273,0,1,231,1840332,A168_HF9F_20260827_0900,2026-08-27 09:00:00,185
114631077|42|6,6,114631077,42,2026-05-03,1,1485,22,27,7,6152.0228,6143.3719,5406.1019,1.1839,87.998936,227.8527,279.6374,1.2273,1,1,231,1840333,A168_HF9F_20260827_0900,2026-08-27 09:00:00,185
114631077|43|6,6,114631077,43,2026-05-03,1,1485,9,12,4,1022.9854,1022.9854,-895.4938,0.0000,-87.537296,85.2488,113.6650,1.3333,0,1,36,1840334,A168_HF9F_20260827_0900,2026-08-27 09:00:00,185
114631077|44|6,6,114631077,44,2026-05-03,1,1485,11,11,3,1203.9709,1203.9709,78.9343,0.0000,6.556162,109.4519,109.4519,1.0000,0,1,55,1840335,A168_HF9F_20260827_0900,2026-08-27 09:00:00,185
114631077|45|6,6,114631077,45,2026-05-03,1,1485,15,17,3,704.7463,699.5571,323.6683,0.0168,46.267605,41.4557,46.9831,1.1333,1,1,105,1840336,A168_HF9F_20260827_0900,2026-08-27 09:00:00,185
114631077|46|6,6,114631077,46,2026-05-03,1,1485,7,7,2,333.8284,333.8284,-172.1172,0.0000,-51.558601,47.6898,47.6898,1.0000,0,1,21,1840337,A168_HF9F_20260827_0900,2026-08-27 09:00:00,185
114631077|47|6,6,114631077,47,2026-05-03,1,1485,9,11,4,2210.4074,2210.4074,297.7346,0.0000,13.469670,200.9461,245.6008,1.2222,0,1,36,1840338,A168_HF9F_20260827_0900,2026-08-27 09:00:00,185
114631077|48|6,6,114631077,48,2026-05-03,1,1485,9,9,2,2039.7204,0.0000,0.0000,0.0000,,226.6356,226.6356,1.0000,9,1,36,1840339,A168_HF9F_20260827_0900,2026-08-27 09:00:00,185
114631077|5|6,6,114631077,5,2026-05-03,1,1221,11,14,5,1079.2728,1079.2728,-888.6545,0.2689,-82.338266,77.0909,98.1157,1.2727,0,1,55,1840340,A168_HF9F_20260827_0900,2026-08-27 09:00:00,185
114631077|6|6,6,114631077,6,2026-05-03,1,1221,14,15,3,5608.3338,5608.3338,5244.2004,0.3613,93.507281,373.8889,400.5953,1.0714,0,1,91,1840341,A168_HF9F_20260827_0900,2026-08-27 09:00:00,185
114631077|7|6,6,114631077,7,2026-05-03,1,1221,4,5,4,68.4344,68.4344,-35.3485,0.0000,-51.653053,13.6869,17.1086,1.2500,0,1,6,1840342,A168_HF9F_20260827_0900,2026-08-27 09:00:00,185
114631077|8|6,6,114631077,8,2026-05-03,1,1221,4,4,2,219.2146,219.2146,-11.6489,0.0000,-5.313902,54.8037,54.8037,1.0000,0,1,6,1840343,A168_HF9F_20260827_0900,2026-08-27 09:00:00,185
114631077|9|6,6,114631077,9,2026-05-03,1,1221,7,9,5,217.5812,217.5812,-140.6568,0.0000,-64.645663,24.1757,31.0830,1.2857,0,1,21,1840344,A168_HF9F_20260827_0900,2026-08-27 09:00:00,185
114631097|10|6,6,114631097,10,2026-05-03,1,1205,11,11,2,1554.3216,0.0000,0.0000,0.0000,,141.3020,141.3020,1.0000,11,1,55,1840345,A168_HF9F_20260827_0900,2026-08-27 09:00:00,185
114631097|11|6,6,114631097,11,2026-05-03,1,1205,8,12,6,425.1081,425.1081,255.8421,0.0000,60.182843,35.4257,53.1385,1.5000,0,1,28,1840346,A168_HF9F_20260827_0900,2026-08-27 09:00:00,185
114631097|12|6,6,114631097,12,2026-05-03,1,1205,10,11,3,214.1609,214.1609,2.7973,0.0000,1.306147,19.4692,21.4161,1.1000,0,1,45,1840347,A168_HF9F_20260827_0900,2026-08-27 09:00:00,185
114631097|13|6,6,114631097,13,2026-05-03,1,1205,13,17,6,1799.9539,63.0186,63.0186,0.0000,100.000000,105.8796,138.4580,1.3077,13,1,78,1840348,A168_HF9F_20260827_0900,2026-08-27 09:00:00,185
114631097|14|6,6,114631097,14,2026-05-03,1,1205,8,12,6,615.2905,615.2905,-196.4580,0.0000,-31.929306,51.2742,76.9113,1.5000,0,1,28,1840349,A168_HF9F_20260827_0900,2026-08-27 09:00:00,185
114631097|15|6,6,114631097,15,2026-05-03,1,1205,8,12,4,731.9588,731.9588,534.0081,0.0000,72.956038,60.9966,91.4948,1.5000,0,1,28,1840350,A168_HF9F_20260827_0900,2026-08-27 09:00:00,185
114631097|16|6,6,114631097,16,2026-05-03,1,1205,9,11,4,672.1026,672.1026,-296.2454,0.0000,-44.077400,61.1002,74.6781,1.2222,0,1,36,1840351,A168_HF9F_20260827_0900,2026-08-27 09:00:00,185
114631097|17|6,6,114631097,17,2026-05-03,1,1205,9,13,4,1354.2843,1156.9675,268.1950,0.0000,23.180855,104.1757,150.4760,1.4444,0,1,36,1840352,A168_HF9F_20260827_0900,2026-08-27 09:00:00,185
114631097|18|6,6,114631097,18,2026-05-03,1,1205,8,11,5,571.1631,571.1631,371.1631,0.0000,64.983733,51.9239,71.3954,1.3750,0,1,28,1840353,A168_HF9F_20260827_0900,2026-08-27 09:00:00,185
114631097|19|6,6,114631097,19,2026-05-03,1,1205,6,9,5,745.9645,745.9645,-595.4388,1.6805,-79.821342,82.8849,124.3274,1.5000,0,1,15,1840354,A168_HF9F_20260827_0900,2026-08-27 09:00:00,185
114631097|2|6,6,114631097,2,2026-05-03,1,1485,1,1,1,2.1006,2.1006,-2.1006,0.0000,-100.000000,2.1006,2.1006,1.0000,0,0,0,1840355,A168_HF9F_20260827_0900,2026-08-27 09:00:00,185
114631097|20|6,6,114631097,20,2026-05-03,1,1205,10,12,4,1620.3080,1620.3080,-1287.4103,1.6805,-79.454669,135.0257,162.0308,1.2000,0,1,45,1840356,A168_HF9F_20260827_0900,2026-08-27 09:00:00,185
114631097|21|6,6,114631097,21,2026-05-03,1,1205,10,12,4,2209.9437,2209.9437,1991.0259,1.6805,90.093964,184.1620,220.9944,1.2000,0,1,45,1840357,A168_HF9F_20260827_0900,2026-08-27 09:00:00,185
114631097|22|6,6,114631097,22,2026-05-03,1,1205,8,10,4,705.7824,705.7824,271.6046,0.0000,38.482768,70.5782,88.2228,1.2500,0,1,28,1840358,A168_HF9F_20260827_0900,2026-08-27 09:00:00,185
114631097|23|6,6,114631097,23,2026-05-03,1,1205,3,3,2,144.1077,144.1077,-66.2706,0.0000,-45.986821,48.0359,48.0359,1.0000,0,1,3,1840359,A168_HF9F_20260827_0900,2026-08-27 09:00:00,185
114631097|24|6,6,114631097,24,2026-05-03,1,1205,11,13,4,518.0632,518.0632,343.9021,0.0000,66.382256,39.8510,47.0967,1.1818,0,1,55,1840360,A168_HF9F_20260827_0900,2026-08-27 09:00:00,185
114631097|25|6,6,114631097,25,2026-05-03,1,1205,17,21,5,1506.7738,1506.7738,1042.2856,0.0000,69.173328,71.7511,88.6338,1.2353,0,1,136,1840361,A168_HF9F_20260827_0900,2026-08-27 09:00:00,185
114631097|26|6,6,114631097,26,2026-05-03,1,1205,10,12,4,376.0621,376.0621,-63.2293,0.0000,-16.813522,31.3385,37.6062,1.2000,0,1,45,1840362,A168_HF9F_20260827_0900,2026-08-27 09:00:00,185
114631097|27|6,6,114631097,27,2026-05-03,1,1205,16,18,4,1650.5986,1650.5986,83.2268,0.0000,5.042220,91.6999,103.1624,1.1250,0,1,120,1840363,A168_HF9F_20260827_0900,2026-08-27 09:00:00,185
114631097|28|6,6,114631097,28,2026-05-03,1,1205,20,24,6,1419.1337,1419.1337,1183.7017,0.0000,83.410162,59.1306,70.9567,1.2000,0,1,190,1840364,A168_HF9F_20260827_0900,2026-08-27 09:00:00,185
114631097|29|6,6,114631097,29,2026-05-03,1,1205,11,11,2,257.2691,257.2691,128.3287,0.0000,49.881114,23.3881,23.3881,1.0000,0,1,55,1840365,A168_HF9F_20260827_0900,2026-08-27 09:00:00,185
114631097|3|6,6,114631097,3,2026-05-03,1,1485,3,3,1,13.8641,13.8641,13.8641,0.0000,100.000000,4.6214,4.6214,1.0000,0,1,3,1840366,A168_HF9F_20260827_0900,2026-08-27 09:00:00,185
114631097|30|6,6,114631097,30,2026-05-03,1,1205,12,12,2,697.6956,697.6956,212.9405,0.0000,30.520547,58.1413,58.1413,1.0000,0,1,66,1840367,A168_HF9F_20260827_0900,2026-08-27 09:00:00,185
114631097|31|6,6,114631097,31,2026-05-03,1,1205,9,10,3,443.5786,443.5786,175.4296,0.0000,39.548701,44.3579,49.2865,1.1111,0,1,36,1840368,A168_HF9F_20260827_0900,2026-08-27 09:00:00,185
114631097|32|6,6,114631097,32,2026-05-03,1,1205,8,9,3,645.3576,645.3576,299.8621,0.0000,46.464485,71.7064,80.6697,1.1250,0,1,28,1840369,A168_HF9F_20260827_0900,2026-08-27 09:00:00,185
114631097|33|6,6,114631097,33,2026-05-03,1,1205,9,10,3,233.2477,233.2477,106.1289,0.0000,45.500505,23.3248,25.9164,1.1111,0,1,36,1840370,A168_HF9F_20260827_0900,2026-08-27 09:00:00,185
114631097|34|6,6,114631097,34,2026-05-03,1,1205,14,16,3,14194.6474,14194.6474,-11834.3501,0.0000,-83.371920,887.1655,1013.9034,1.1429,0,1,91,1840371,A168_HF9F_20260827_0900,2026-08-27 09:00:00,185
114631097|35|6,6,114631097,35,2026-05-03,1,1205,8,9,3,8294.9231,8294.9231,8141.2828,0.0000,98.147779,921.6581,1036.8654,1.1250,0,1,28,1840372,A168_HF9F_20260827_0900,2026-08-27 09:00:00,185
114631097|36|6,6,114631097,36,2026-05-03,1,1205,9,10,3,1527.3063,1527.3063,1270.8908,0.0000,83.211261,152.7306,169.7007,1.1111,0,1,36,1840373,A168_HF9F_20260827_0900,2026-08-27 09:00:00,185
114631097|37|6,6,114631097,37,2026-05-03,1,1221,10,11,3,6575.2242,6575.2242,-6089.9091,0.8402,-92.619032,597.7477,657.5224,1.1000,0,1,45,1840374,A168_HF9F_20260827_0900,2026-08-27 09:00:00,185
114631097|38|6,6,114631097,38,2026-05-03,1,1221,8,9,3,1091.0271,1091.0271,-1073.2842,0.8402,-98.373740,121.2252,136.3784,1.1250,0,1,28,1840375,A168_HF9F_20260827_0900,2026-08-27 09:00:00,185
114631097|39|6,6,114631097,39,2026-05-03,1,1221,15,15,2,1950.6000,1950.6000,1603.7408,0.8402,82.217823,130.0400,130.0400,1.0000,0,1,105,1840376,A168_HF9F_20260827_0900,2026-08-27 09:00:00,185
114631097|4|6,6,114631097,4,2026-05-03,1,1485,2,2,1,15.0735,15.0735,15.0735,0.0000,100.000000,7.5367,7.5367,1.0000,0,1,1,1840377,A168_HF9F_20260827_0900,2026-08-27 09:00:00,185
114631097|40|6,6,114631097,40,2026-05-03,1,1221,11,11,2,279.4752,279.4752,-49.5574,0.0000,-17.732295,25.4068,25.4068,1.0000,0,1,55,1840378,A168_HF9F_20260827_0900,2026-08-27 09:00:00,185
114631097|41|6,6,114631097,41,2026-05-03,1,1221,10,10,3,1528.4902,1528.4902,1148.9608,0.0000,75.169653,152.8490,152.8490,1.0000,0,1,45,1840379,A168_HF9F_20260827_0900,2026-08-27 09:00:00,185
114631097|42|6,6,114631097,42,2026-05-03,1,1221,11,11,2,1264.7871,1264.7871,-984.7901,0.0000,-77.862125,114.9806,114.9806,1.0000,0,1,55,1840380,A168_HF9F_20260827_0900,2026-08-27 09:00:00,185
114631097|43|6,6,114631097,43,2026-05-03,1,1221,7,7,2,592.3700,592.3700,-385.1749,0.0000,-65.022686,84.6243,84.6243,1.0000,0,1,21,1840381,A168_HF9F_20260827_0900,2026-08-27 09:00:00,185
114631097|44|6,6,114631097,44,2026-05-03,1,1221,9,9,2,1182.3818,1182.3818,978.7373,0.8402,82.776756,131.3758,131.3758,1.0000,0,1,36,1840382,A168_HF9F_20260827_0900,2026-08-27 09:00:00,185
114631097|45|6,6,114631097,45,2026-05-03,1,1221,5,5,2,131.4291,131.4291,-52.8014,0.0000,-40.174793,26.2858,26.2858,1.0000,0,1,10,1840383,A168_HF9F_20260827_0900,2026-08-27 09:00:00,185
114631097|46|6,6,114631097,46,2026-05-03,1,1221,6,6,2,457.0252,457.0252,237.0841,0.0000,51.875512,76.1709,76.1709,1.0000,0,1,15,1840384,A168_HF9F_20260827_0900,2026-08-27 09:00:00,185
114631097|47|6,6,114631097,47,2026-05-03,1,1221,6,6,2,242.3520,242.3520,18.6121,0.0000,7.679792,40.3920,40.3920,1.0000,0,1,15,1840385,A168_HF9F_20260827_0900,2026-08-27 09:00:00,185
114631097|48|6,6,114631097,48,2026-05-03,1,1221,8,8,2,302.3796,302.3796,-226.4259,0.0000,-74.881352,37.7974,37.7974,1.0000,0,1,28,1840386,A168_HF9F_20260827_0900,2026-08-27 09:00:00,185
114631097|49|6,6,114631097,49,2026-05-03,1,1221,13,13,3,760.9960,760.9960,710.2808,0.0000,93.335677,58.5382,58.5382,1.0000,0,1,78,1840387,A168_HF9F_20260827_0900,2026-08-27 09:00:00,185
114631097|5|6,6,114631097,5,2026-05-03,1,1485,7,7,2,7381.5656,7381.5656,6877.8384,0.0000,93.175877,1054.5094,1054.5094,1.0000,0,1,21,1840388,A168_HF9F_20260827_0900,2026-08-27 09:00:00,185
114631097|50|6,6,114631097,50,2026-05-03,1,1221,11,12,3,1679.3743,1679.3743,1559.4052,0.0000,92.856323,139.9479,152.6704,1.0909,0,1,55,1840389,A168_HF9F_20260827_0900,2026-08-27 09:00:00,185
114631097|6|6,6,114631097,6,2026-05-03,1,1485,8,8,2,9240.8267,9240.8267,-8925.1223,1.6805,-96.583592,1155.1033,1155.1033,1.0000,0,1,28,1840390,A168_HF9F_20260827_0900,2026-08-27 09:00:00,185
114631097|7|6,6,114631097,7,2026-05-03,1,1485,10,10,2,922.5797,922.5797,808.3187,0.8402,87.615052,92.2580,92.2580,1.0000,0,1,45,1840391,A168_HF9F_20260827_0900,2026-08-27 09:00:00,185
114631097|8|6,6,114631097,8,2026-05-03,1,1485,11,11,2,490.7462,490.7462,299.9664,0.0000,61.124552,44.6133,44.6133,1.0000,0,1,55,1840392,A168_HF9F_20260827_0900,2026-08-27 09:00:00,185
114631097|9|6,6,114631097,9,2026-05-03,1,1485,8,8,2,657.9499,657.9499,-592.4668,1.6805,-90.047408,82.2437,82.2437,1.0000,0,1,28,1840393,A168_HF9F_20260827_0900,2026-08-27 09:00:00,185
114631126|10|6,6,114631126,10,2026-05-03,1,1221,8,8,2,534.3921,534.3921,-391.4649,1.6805,-73.254244,66.7990,66.7990,1.0000,0,1,28,1840394,A168_HF9F_20260827_0900,2026-08-27 09:00:00,185
114631126|11|6,6,114631126,11,2026-05-03,1,1221,22,27,7,2002.6428,2002.6428,-658.4416,3.5930,-32.878634,74.1720,91.0292,1.2273,0,1,231,1840395,A168_HF9F_20260827_0900,2026-08-27 09:00:00,185
114631126|12|6,6,114631126,12,2026-05-03,1,1221,27,31,6,2825.2692,54.3041,-198.1130,0.0168,-364.821496,91.1377,104.6396,1.1481,26,1,351,1840396,A168_HF9F_20260827_0900,2026-08-27 09:00:00,185
114631126|13|6,6,114631126,13,2026-05-03,1,1221,19,21,4,1696.9901,1696.9901,-1429.7721,6.9578,-84.253415,80.8091,89.3153,1.1053,0,1,171,1840397,A168_HF9F_20260827_0900,2026-08-27 09:00:00,185
114631126|14|6,6,114631126,14,2026-05-03,1,1485,30,38,7,3756.4409,3714.4285,2740.8629,7.9931,73.789625,98.8537,125.2147,1.2667,1,1,435,1840398,A168_HF9F_20260827_0900,2026-08-27 09:00:00,185
114631126|15|6,6,114631126,15,2026-05-03,1,1485,21,22,3,2423.3167,2423.3167,-568.4454,9.7054,-23.457329,110.1508,115.3960,1.0476,0,1,210,1840399,A168_HF9F_20260827_0900,2026-08-27 09:00:00,185
114631126|16|6,6,114631126,16,2026-05-03,1,1485,20,28,9,4958.5078,4916.4954,-4235.3499,1.6805,-86.145711,177.0896,247.9254,1.4000,2,1,190,1840400,A168_HF9F_20260827_0900,2026-08-27 09:00:00,185
114631126|17|6,6,114631126,17,2026-05-03,1,1485,15,26,9,4642.8663,4621.8601,4187.4274,1.6805,90.600479,178.5718,309.5244,1.7333,1,1,105,1840401,A168_HF9F_20260827_0900,2026-08-27 09:00:00,185
114631126|18|6,6,114631126,18,2026-05-03,1,1485,19,25,4,1323.1032,1323.1032,1157.7783,3.8443,87.504761,52.9241,69.6370,1.3158,0,1,171,1840402,A168_HF9F_20260827_0900,2026-08-27 09:00:00,185
114631126|19|6,6,114631126,19,2026-05-03,1,1485,15,17,4,631.2726,631.2726,292.3313,0.0000,46.308246,37.1337,42.0848,1.1333,0,1,105,1840403,A168_HF9F_20260827_0900,2026-08-27 09:00:00,185
114631126|2|6,6,114631126,2,2026-05-03,1,1221,1,1,1,3.6028,3.6028,3.6028,0.0000,100.000000,3.6028,3.6028,1.0000,0,0,0,1840404,A168_HF9F_20260827_0900,2026-08-27 09:00:00,185
114631126|20|6,6,114631126,20,2026-05-03,1,1485,12,16,6,851.0888,795.1021,517.2435,4.3411,65.053722,53.1931,70.9241,1.3333,0,1,66,1840405,A168_HF9F_20260827_0900,2026-08-27 09:00:00,185
114631126|21|6,6,114631126,21,2026-05-03,1,1485,11,13,3,333.5990,333.5990,37.3877,0.0000,11.207390,25.6615,30.3272,1.1818,0,1,55,1840406,A168_HF9F_20260827_0900,2026-08-27 09:00:00,185
114631126|22|6,6,114631126,22,2026-05-03,1,1485,15,17,3,577.5040,577.5040,83.9117,0.0000,14.530063,33.9708,38.5003,1.1333,0,1,105,1840407,A168_HF9F_20260827_0900,2026-08-27 09:00:00,185
114631126|23|6,6,114631126,23,2026-05-03,1,1485,12,13,3,679.1855,43.1198,-344.9586,0.0000,-800.000000,52.2450,56.5988,1.0833,11,1,66,1840408,A168_HF9F_20260827_0900,2026-08-27 09:00:00,185
114631126|24|6,6,114631126,24,2026-05-03,1,1485,9,12,5,483.9496,483.9496,23.6615,0.5041,4.889255,40.3291,53.7722,1.3333,0,1,36,1840409,A168_HF9F_20260827_0900,2026-08-27 09:00:00,185
114631126|25|6,6,114631126,25,2026-05-03,1,1485,14,16,4,539.6648,539.6648,268.3422,0.8402,49.723857,33.7290,38.5475,1.1429,0,1,91,1840410,A168_HF9F_20260827_0900,2026-08-27 09:00:00,185
114631126|26|6,6,114631126,26,2026-05-03,1,1485,13,14,3,673.9649,4.2012,-33.6099,0.0000,-800.000000,48.1404,51.8435,1.0769,13,1,78,1840411,A168_HF9F_20260827_0900,2026-08-27 09:00:00,185
114631126|27|6,6,114631126,27,2026-05-03,1,1485,12,13,3,348.5234,348.5234,1.5785,0.0000,0.452903,26.8095,29.0436,1.0833,0,1,66,1840412,A168_HF9F_20260827_0900,2026-08-27 09:00:00,185
114631126|28|6,6,114631126,28,2026-05-03,1,1485,12,14,3,301.4880,275.8590,-119.2886,0.0000,-43.242578,21.5349,25.1240,1.1667,0,1,66,1840413,A168_HF9F_20260827_0900,2026-08-27 09:00:00,185
114631126|29|6,6,114631126,29,2026-05-03,1,1485,11,13,3,311.9886,14.7043,-117.6347,0.0000,-800.000000,23.9991,28.3626,1.1818,11,1,55,1840414,A168_HF9F_20260827_0900,2026-08-27 09:00:00,185
114631126|30|6,6,114631126,30,2026-05-03,1,1485,12,13,3,1722.3428,1722.3428,-1613.0712,0.0000,-93.655646,132.4879,143.5286,1.0833,0,1,66,1840415,A168_HF9F_20260827_0900,2026-08-27 09:00:00,185
114631126|31|6,6,114631126,31,2026-05-03,1,1485,8,9,3,186.8517,186.8517,140.2811,0.0000,75.076168,20.7613,23.3565,1.1250,0,1,28,1840416,A168_HF9F_20260827_0900,2026-08-27 09:00:00,185
114631126|32|6,6,114631126,32,2026-05-03,1,1485,10,11,3,1492.4088,1492.4088,1425.9063,0.0000,95.543946,135.6735,149.2409,1.1000,0,1,45,1840417,A168_HF9F_20260827_0900,2026-08-27 09:00:00,185
114631126|33|6,6,114631126,33,2026-05-03,1,1485,9,10,3,1407.2815,1407.2815,-1302.9994,0.0000,-92.589818,140.7282,156.3646,1.1111,0,1,36,1840418,A168_HF9F_20260827_0900,2026-08-27 09:00:00,185
114631126|34|6,6,114631126,34,2026-05-03,1,1485,13,15,4,1469.0435,1469.0435,-1101.4151,0.0000,-74.974980,97.9362,113.0033,1.1538,0,1,78,1840419,A168_HF9F_20260827_0900,2026-08-27 09:00:00,185
114631126|35|6,6,114631126,35,2026-05-03,1,1485,4,5,4,402.1587,163.4580,-1284.3132,0.0000,-785.714286,80.4317,100.5397,1.2500,3,1,6,1840420,A168_HF9F_20260827_0900,2026-08-27 09:00:00,185
114631126|36|6,6,114631126,36,2026-05-03,1,1485,7,9,5,442.6255,442.6255,188.9028,0.0000,42.677809,49.1806,63.2322,1.2857,0,1,21,1840421,A168_HF9F_20260827_0900,2026-08-27 09:00:00,185
114631126|37|6,6,114631126,37,2026-05-03,1,1485,10,11,3,321.3700,321.3700,145.6530,0.0000,45.322522,29.2155,32.1370,1.1000,0,1,45,1840422,A168_HF9F_20260827_0900,2026-08-27 09:00:00,185
114631126|38|6,6,114631126,38,2026-05-03,1,1485,6,6,2,444.3362,444.3362,388.4231,0.0000,87.416478,74.0560,74.0560,1.0000,0,1,15,1840423,A168_HF9F_20260827_0900,2026-08-27 09:00:00,185
114631126|39|6,6,114631126,39,2026-05-03,1,1485,7,8,3,93.1931,93.1931,-2.6866,0.0000,-2.882795,11.6491,13.3133,1.1429,0,1,21,1840424,A168_HF9F_20260827_0900,2026-08-27 09:00:00,185
114631126|40|6,6,114631126,40,2026-05-03,1,1485,9,9,2,383.4026,383.4026,246.1118,0.0000,64.191469,42.6003,42.6003,1.0000,0,1,36,1840425,A168_HF9F_20260827_0900,2026-08-27 09:00:00,185
114631126|41|6,6,114631126,41,2026-05-03,1,1485,9,10,3,4694.5431,4694.5431,2307.6622,0.0000,49.156269,469.4543,521.6159,1.1111,0,1,36,1840426,A168_HF9F_20260827_0900,2026-08-27 09:00:00,185
114631126|42|6,6,114631126,42,2026-05-03,1,1485,13,13,2,383.4675,383.4675,-240.0266,0.0000,-62.593720,29.4975,29.4975,1.0000,0,1,78,1840427,A168_HF9F_20260827_0900,2026-08-27 09:00:00,185
114631126|43|6,6,114631126,43,2026-05-03,1,1485,11,15,6,2659.7235,2659.7235,-1056.3492,0.0168,-39.716503,177.3149,241.7930,1.3636,0,1,55,1840428,A168_HF9F_20260827_0900,2026-08-27 09:00:00,185
114631126|44|6,6,114631126,44,2026-05-03,1,1485,7,7,2,1138.0208,1138.0208,-830.4550,0.0000,-72.973624,162.5744,162.5744,1.0000,0,1,21,1840429,A168_HF9F_20260827_0900,2026-08-27 09:00:00,185
114631126|45|6,6,114631126,45,2026-05-03,1,1205,16,22,6,1720.9628,1720.9628,817.5425,0.0000,47.504948,78.2256,107.5602,1.3750,0,1,120,1840430,A168_HF9F_20260827_0900,2026-08-27 09:00:00,185
114631126|46|6,6,114631126,46,2026-05-03,1,1205,16,20,6,1947.2729,1947.2729,912.4581,0.0168,46.858252,97.3636,121.7046,1.2500,0,1,120,1840431,A168_HF9F_20260827_0900,2026-08-27 09:00:00,185
114631126|47|6,6,114631126,47,2026-05-03,1,1205,26,36,7,5059.3031,5059.3031,932.2464,2.2050,18.426380,140.5362,194.5886,1.3846,0,1,325,1840432,A168_HF9F_20260827_0900,2026-08-27 09:00:00,185
114631126|48|6,6,114631126,48,2026-05-03,1,1205,27,41,10,6750.9588,6750.9588,622.7794,4.6167,9.225052,164.6575,250.0355,1.5185,0,1,351,1840433,A168_HF9F_20260827_0900,2026-08-27 09:00:00,185
114631126|49|6,6,114631126,49,2026-05-03,1,1205,33,46,10,7471.7759,7471.7759,-8345.3300,0.0000,-111.691385,162.4299,226.4175,1.3939,0,1,528,1840434,A168_HF9F_20260827_0900,2026-08-27 09:00:00,185
114631126|5|6,6,114631126,5,2026-05-03,1,1221,3,3,2,145.5555,145.5555,36.0646,0.0000,24.777184,48.5185,48.5185,1.0000,0,1,3,1840435,A168_HF9F_20260827_0900,2026-08-27 09:00:00,185
114631126|50|6,6,114631126,50,2026-05-03,1,1205,35,52,10,9659.6210,9659.6210,-1273.0409,0.6891,-13.178994,185.7619,275.9892,1.4857,0,1,595,1840436,A168_HF9F_20260827_0900,2026-08-27 09:00:00,185
114631126|6|6,6,114631126,6,2026-05-03,1,1221,4,4,2,1336.2683,1336.2683,1236.2683,0.8402,92.516473,334.0671,334.0671,1.0000,0,1,6,1840437,A168_HF9F_20260827_0900,2026-08-27 09:00:00,185
114631126|7|6,6,114631126,7,2026-05-03,1,1221,2,2,2,110.0000,110.0000,90.5000,0.0000,82.272727,55.0000,55.0000,1.0000,0,1,1,1840438,A168_HF9F_20260827_0900,2026-08-27 09:00:00,185
114631126|8|6,6,114631126,8,2026-05-03,1,1221,3,3,1,151.2446,151.2446,-151.2446,1.0083,-100.000000,50.4149,50.4149,1.0000,0,1,3,1840439,A168_HF9F_20260827_0900,2026-08-27 09:00:00,185
114631126|9|6,6,114631126,9,2026-05-03,1,1221,5,5,2,254.0619,254.0619,-231.2400,1.6805,-91.017178,50.8124,50.8124,1.0000,0,1,10,1840440,A168_HF9F_20260827_0900,2026-08-27 09:00:00,185
114631148|1|6,6,114631148,1,2026-05-03,1,1205,2,2,2,218.0689,218.0689,-186.6844,0.0000,-85.607994,109.0344,109.0344,1.0000,0,1,1,1840441,A168_HF9F_20260827_0900,2026-08-27 09:00:00,185
114631148|2|6,6,114631148,2,2026-05-03,1,1205,3,4,3,101.3309,101.3309,96.2715,0.6891,95.007037,25.3327,33.7770,1.3333,0,1,3,1840442,A168_HF9F_20260827_0900,2026-08-27 09:00:00,185
114631148|3|6,6,114631148,3,2026-05-03,1,1205,6,6,2,1669.0034,0.0000,0.0000,0.0000,,278.1672,278.1672,1.0000,6,1,15,1840443,A168_HF9F_20260827_0900,2026-08-27 09:00:00,185
114631148|4|6,6,114631148,4,2026-05-03,1,1205,6,7,4,2364.0245,2364.0245,53.1183,0.6891,2.246943,337.7178,394.0041,1.1667,0,1,15,1840444,A168_HF9F_20260827_0900,2026-08-27 09:00:00,185
114630088|19|7,7,114630088,19,2026-05-03,1,925,18,19,3,1281.6823,1281.6823,906.8529,0.0000,70.754889,67.4570,71.2046,1.0556,0,1,153,1840445,A168_HF9F_20260827_0900,2026-08-27 09:00:00,185
114630088|20|7,7,114630088,20,2026-05-03,1,925,13,15,4,599.3563,8.4025,-29.4087,0.0000,-350.000000,39.9571,46.1043,1.1538,13,1,78,1840446,A168_HF9F_20260827_0900,2026-08-27 09:00:00,185
114630088|21|7,7,114630088,21,2026-05-03,1,925,10,12,3,1121.8967,12.6037,-100.8297,0.0000,-800.000000,93.4914,112.1897,1.2000,10,1,45,1840447,A168_HF9F_20260827_0900,2026-08-27 09:00:00,185
114630088|22|7,7,114630088,22,2026-05-03,1,925,15,21,6,786.2580,786.2580,494.4262,0.0000,62.883453,37.4409,52.4172,1.4000,0,1,105,1840448,A168_HF9F_20260827_0900,2026-08-27 09:00:00,185
114630088|23|7,7,114630088,23,2026-05-03,1,925,14,15,3,1393.6623,1393.6623,1378.0948,1.0083,98.882984,92.9108,99.5473,1.0714,0,1,91,1840449,A168_HF9F_20260827_0900,2026-08-27 09:00:00,185
114630088|24|7,7,114630088,24,2026-05-03,1,925,11,11,2,508.5573,503.3057,-415.9967,0.0000,-82.652882,46.2325,46.2325,1.0000,0,1,55,1840450,A168_HF9F_20260827_0900,2026-08-27 09:00:00,185
114630088|25|7,7,114630088,25,2026-05-03,1,925,16,17,4,2754.9312,2754.9312,2707.9792,6.1951,98.295714,162.0548,172.1832,1.0625,0,1,120,1840451,A168_HF9F_20260827_0900,2026-08-27 09:00:00,185
114630088|26|7,7,114630088,26,2026-05-03,1,925,8,9,3,2229.7849,2229.7849,2224.5958,0.0000,99.767280,247.7539,278.7231,1.1250,0,1,28,1840452,A168_HF9F_20260827_0900,2026-08-27 09:00:00,185
114630088|27|7,7,114630088,27,2026-05-03,1,925,11,20,8,358.2036,358.2036,213.8526,0.0000,59.701396,17.9102,32.5640,1.8182,0,1,55,1840453,A168_HF9F_20260827_0900,2026-08-27 09:00:00,185
114630088|28|7,7,114630088,28,2026-05-03,1,925,13,19,8,2578.6934,2578.6934,2070.9031,5.9195,80.308233,135.7207,198.3610,1.4615,0,1,78,1840454,A168_HF9F_20260827_0900,2026-08-27 09:00:00,185
114630088|29|7,7,114630088,29,2026-05-03,1,925,19,27,8,583.9327,583.9327,-113.8616,0.2521,-19.499095,21.6271,30.7333,1.4211,0,1,171,1840455,A168_HF9F_20260827_0900,2026-08-27 09:00:00,185
114630088|30|7,7,114630088,30,2026-05-03,1,925,17,26,8,951.8272,57.3907,-130.5418,0.0000,-227.461664,36.6087,55.9898,1.5294,15,1,136,1840456,A168_HF9F_20260827_0900,2026-08-27 09:00:00,185
114630088|31|7,7,114630088,31,2026-05-03,1,925,11,19,8,386.7770,386.7770,266.1856,0.0000,68.821467,20.3567,35.1615,1.7273,0,1,55,1840457,A168_HF9F_20260827_0900,2026-08-27 09:00:00,185
114630088|32|7,7,114630088,32,2026-05-03,1,925,14,15,3,359.7328,2.1006,-16.8050,0.0000,-800.000000,23.9822,25.6952,1.0714,14,1,91,1840458,A168_HF9F_20260827_0900,2026-08-27 09:00:00,185
114630088|33|7,7,114630088,33,2026-05-03,1,925,12,15,6,358.6207,358.6207,-176.8397,0.0000,-49.311057,23.9080,29.8851,1.2500,0,1,66,1840459,A168_HF9F_20260827_0900,2026-08-27 09:00:00,185
114630088|34|7,7,114630088,34,2026-05-03,1,925,17,21,5,1181.0158,1181.0158,56.5931,0.0000,4.791901,56.2388,69.4715,1.2353,0,1,136,1840460,A168_HF9F_20260827_0900,2026-08-27 09:00:00,185
114630088|35|7,7,114630088,35,2026-05-03,1,925,17,20,3,2127.5495,2127.5495,-220.9248,0.0000,-10.384004,106.3775,125.1500,1.1765,0,1,136,1840461,A168_HF9F_20260827_0900,2026-08-27 09:00:00,185
114630088|36|7,7,114630088,36,2026-05-03,1,925,15,18,5,851.2211,851.2211,-343.8105,0.0000,-40.390274,47.2901,56.7481,1.2000,0,1,105,1840462,A168_HF9F_20260827_0900,2026-08-27 09:00:00,185
114630088|37|7,7,114630088,37,2026-05-03,1,925,15,23,7,1694.3503,1694.3503,1587.4507,0.3361,93.690822,73.6674,112.9567,1.5333,0,1,105,1840463,A168_HF9F_20260827_0900,2026-08-27 09:00:00,185
114630088|38|7,7,114630088,38,2026-05-03,1,925,16,24,6,1875.1339,1875.1339,-531.1243,8.4025,-28.324609,78.1306,117.1959,1.5000,0,1,120,1840464,A168_HF9F_20260827_0900,2026-08-27 09:00:00,185
114630088|39|7,7,114630088,39,2026-05-03,1,925,15,21,6,424.5945,424.5945,-94.6314,0.0000,-22.287469,20.2188,28.3063,1.4000,0,1,105,1840465,A168_HF9F_20260827_0900,2026-08-27 09:00:00,185
114630088|40|7,7,114630088,40,2026-05-03,1,925,21,27,6,1011.4338,1011.4338,240.3115,0.0000,23.759492,37.4605,48.1635,1.2857,0,1,210,1840466,A168_HF9F_20260827_0900,2026-08-27 09:00:00,185
114630088|41|7,7,114630088,41,2026-05-03,1,925,28,39,7,1544.3695,1544.3695,552.3289,0.1512,35.764039,39.5992,55.1561,1.3929,0,1,378,1840467,A168_HF9F_20260827_0900,2026-08-27 09:00:00,185
114630088|42|7,7,114630088,42,2026-05-03,1,1485,19,24,5,785.5096,785.5096,-94.2101,0.0000,-11.993496,32.7296,41.3426,1.2632,0,1,171,1840468,A168_HF9F_20260827_0900,2026-08-27 09:00:00,185
114630088|43|7,7,114630088,43,2026-05-03,1,1485,11,17,5,820.4245,820.4245,-710.6153,0.0000,-86.615568,48.2603,74.5840,1.5455,0,1,55,1840469,A168_HF9F_20260827_0900,2026-08-27 09:00:00,185
114630088|44|7,7,114630088,44,2026-05-03,1,1485,19,24,5,780.7576,27.7213,-42.3321,0.0000,-152.705921,32.5316,41.0925,1.2632,19,1,171,1840470,A168_HF9F_20260827_0900,2026-08-27 09:00:00,185
114630088|45|7,7,114630088,45,2026-05-03,1,1485,16,23,7,403.8710,403.8710,-37.5413,0.0000,-9.295377,17.5596,25.2419,1.4375,0,1,120,1840471,A168_HF9F_20260827_0900,2026-08-27 09:00:00,185
114630088|46|7,7,114630088,46,2026-05-03,1,1485,13,20,7,186.3959,186.3959,23.4172,0.3361,12.563176,9.3198,14.3381,1.5385,0,1,78,1840472,A168_HF9F_20260827_0900,2026-08-27 09:00:00,185
114630088|47|7,7,114630088,47,2026-05-03,1,1485,15,19,5,589.0766,96.9976,26.9442,0.0000,27.778199,31.0040,39.2718,1.2667,15,1,105,1840473,A168_HF9F_20260827_0900,2026-08-27 09:00:00,185
114630118|1|7,7,114630118,1,2026-05-03,1,1485,4,4,2,181.1472,181.1472,34.1039,0.0000,18.826600,45.2868,45.2868,1.0000,0,1,6,1840474,A168_HF9F_20260827_0900,2026-08-27 09:00:00,185
114630118|10|7,7,114630118,10,2026-05-03,1,1485,10,10,2,415.8443,415.8443,168.5550,0.3361,40.533205,41.5844,41.5844,1.0000,0,1,45,1840475,A168_HF9F_20260827_0900,2026-08-27 09:00:00,185
114630118|11|7,7,114630118,11,2026-05-03,1,1485,12,13,4,401.6085,401.6085,-263.4916,0.0000,-65.609059,30.8930,33.4674,1.0833,0,1,66,1840476,A168_HF9F_20260827_0900,2026-08-27 09:00:00,185
114630118|12|7,7,114630118,12,2026-05-03,1,1485,34,43,6,4550.8057,4550.8057,2108.2803,0.0336,46.327627,105.8327,133.8472,1.2647,0,1,561,1840477,A168_HF9F_20260827_0900,2026-08-27 09:00:00,185
114630118|13|7,7,114630118,13,2026-05-03,1,1485,25,37,8,2569.5679,2149.4440,-23.4093,0.0000,-1.089088,69.4478,102.7827,1.4800,2,1,300,1840478,A168_HF9F_20260827_0900,2026-08-27 09:00:00,185
114630118|14|7,7,114630118,14,2026-05-03,1,1485,17,22,5,933.4125,112.2996,-489.2772,0.0000,-435.689324,42.4278,54.9066,1.2941,15,1,136,1840479,A168_HF9F_20260827_0900,2026-08-27 09:00:00,185
114630118|15|7,7,114630118,15,2026-05-03,1,1485,22,32,8,1539.9529,1280.4957,-332.1420,0.2353,-25.938551,48.1235,69.9979,1.4545,1,1,231,1840480,A168_HF9F_20260827_0900,2026-08-27 09:00:00,185
114630118|16|7,7,114630118,16,2026-05-03,1,1485,24,28,6,2336.9272,2336.9272,219.3304,0.4033,9.385418,83.4617,97.3720,1.1667,0,1,276,1840481,A168_HF9F_20260827_0900,2026-08-27 09:00:00,185
114630118|17|7,7,114630118,17,2026-05-03,1,1485,18,19,3,421.3881,421.3881,-34.0427,0.0840,-8.078700,22.1783,23.4104,1.0556,0,1,153,1840482,A168_HF9F_20260827_0900,2026-08-27 09:00:00,185
114630118|18|7,7,114630118,18,2026-05-03,1,1485,18,19,3,279.7650,279.7650,189.0582,0.1680,67.577503,14.7245,15.5425,1.0556,0,1,153,1840483,A168_HF9F_20260827_0900,2026-08-27 09:00:00,185
114630118|19|7,7,114630118,19,2026-05-03,1,1485,16,18,3,445.6300,445.6300,29.6919,0.1680,6.662894,24.7572,27.8519,1.1250,0,1,120,1840484,A168_HF9F_20260827_0900,2026-08-27 09:00:00,185
114630118|2|7,7,114630118,2,2026-05-03,1,1485,5,5,2,198.2704,198.2704,63.6830,0.0000,32.119297,39.6541,39.6541,1.0000,0,1,10,1840485,A168_HF9F_20260827_0900,2026-08-27 09:00:00,185
114630118|20|7,7,114630118,20,2026-05-03,1,1485,14,16,5,171.7302,171.7302,57.8961,0.0336,33.713419,10.7331,12.2664,1.1429,0,1,91,1840486,A168_HF9F_20260827_0900,2026-08-27 09:00:00,185
114630118|21|7,7,114630118,21,2026-05-03,1,1485,22,24,4,1412.5825,1412.5825,-613.7250,0.1680,-43.447020,58.8576,64.2083,1.0909,0,1,231,1840487,A168_HF9F_20260827_0900,2026-08-27 09:00:00,185
114630118|22|7,7,114630118,22,2026-05-03,1,1942,28,41,8,1891.6320,1891.6320,-1379.7422,0.1680,-72.939249,46.1374,67.5583,1.4643,0,1,378,1840488,A168_HF9F_20260827_0900,2026-08-27 09:00:00,185
114630118|23|7,7,114630118,23,2026-05-03,1,1942,31,46,8,1986.7150,130.9661,-14.8928,0.0000,-11.371508,43.1895,64.0876,1.4839,31,1,465,1840489,A168_HF9F_20260827_0900,2026-08-27 09:00:00,185
114630118|24|7,7,114630118,24,2026-05-03,1,1942,22,29,8,957.1876,957.1876,-391.9328,0.5815,-40.946285,33.0065,43.5085,1.3182,0,1,231,1840490,A168_HF9F_20260827_0900,2026-08-27 09:00:00,185
114630118|25|7,7,114630118,25,2026-05-03,1,1942,29,38,8,3100.5487,3100.5487,-1612.2905,0.0168,-52.000166,81.5934,106.9155,1.3103,0,1,406,1840491,A168_HF9F_20260827_0900,2026-08-27 09:00:00,185
114630118|26|7,7,114630118,26,2026-05-03,1,1942,32,42,8,11736.4570,11726.0787,-11323.4581,0.0000,-96.566452,279.4395,366.7643,1.3125,1,1,496,1840492,A168_HF9F_20260827_0900,2026-08-27 09:00:00,185
114630118|27|7,7,114630118,27,2026-05-03,1,1942,37,46,8,10685.7484,10685.7484,-9467.9175,2.3494,-88.603223,232.2989,288.8040,1.2432,0,1,666,1840493,A168_HF9F_20260827_0900,2026-08-27 09:00:00,185
114630118|28|7,7,114630118,28,2026-05-03,1,1942,45,60,8,12948.6439,12948.6439,8175.5148,2.6818,63.138000,215.8107,287.7476,1.3333,0,1,990,1840494,A168_HF9F_20260827_0900,2026-08-27 09:00:00,185
114630118|29|7,7,114630118,29,2026-05-03,1,1942,19,28,8,813.3074,813.3074,524.7297,1.6805,64.518004,29.0467,42.8057,1.4737,0,1,171,1840495,A168_HF9F_20260827_0900,2026-08-27 09:00:00,185
114630118|3|7,7,114630118,3,2026-05-03,1,1485,5,5,2,177.8498,177.8498,-33.9861,0.0000,-19.109457,35.5700,35.5700,1.0000,0,1,10,1840496,A168_HF9F_20260827_0900,2026-08-27 09:00:00,185
114630118|30|7,7,114630118,30,2026-05-03,1,1942,23,35,8,2067.4816,2067.4816,-885.0812,2.6452,-42.809631,59.0709,89.8905,1.5217,0,1,253,1840497,A168_HF9F_20260827_0900,2026-08-27 09:00:00,185
114630118|31|7,7,114630118,31,2026-05-03,1,1942,19,26,8,1111.0378,1111.0378,245.1851,1.6805,22.068116,42.7322,58.4757,1.3684,0,1,171,1840498,A168_HF9F_20260827_0900,2026-08-27 09:00:00,185
114630118|32|7,7,114630118,32,2026-05-03,1,1942,15,22,8,693.3503,693.3503,515.1720,1.7477,74.301843,31.5159,46.2234,1.4667,0,1,105,1840499,A168_HF9F_20260827_0900,2026-08-27 09:00:00,185
114630118|33|7,7,114630118,33,2026-05-03,1,1942,23,32,7,1955.9438,1955.9438,-52.8222,0.0672,-2.700599,61.1232,85.0410,1.3913,0,1,253,1840500,A168_HF9F_20260827_0900,2026-08-27 09:00:00,185
114630118|34|7,7,114630118,34,2026-05-03,1,1942,36,48,7,3412.7999,3412.7999,-773.5029,2.3964,-22.664760,71.1000,94.8000,1.3333,0,1,630,1840501,A168_HF9F_20260827_0900,2026-08-27 09:00:00,185
114630118|35|7,7,114630118,35,2026-05-03,1,1942,21,31,7,1328.9966,1328.9966,880.0363,1.7477,66.218106,42.8709,63.2856,1.4762,0,1,210,1840502,A168_HF9F_20260827_0900,2026-08-27 09:00:00,185
114630118|36|7,7,114630118,36,2026-05-03,1,1942,17,26,8,1276.6169,1276.6169,461.0646,1.7780,36.116129,49.1006,75.0951,1.5294,0,1,136,1840503,A168_HF9F_20260827_0900,2026-08-27 09:00:00,185
114630118|37|7,7,114630118,37,2026-05-03,1,1942,14,22,8,674.7869,674.7869,-140.5814,1.6805,-20.833447,30.6721,48.1991,1.5714,0,1,91,1840504,A168_HF9F_20260827_0900,2026-08-27 09:00:00,185
114630118|38|7,7,114630118,38,2026-05-03,1,1942,12,20,8,819.1055,67.2198,-235.2694,0.0000,-350.000000,40.9553,68.2588,1.6667,12,1,66,1840505,A168_HF9F_20260827_0900,2026-08-27 09:00:00,185
114630118|39|7,7,114630118,39,2026-05-03,1,1942,11,21,8,650.2496,650.2496,165.7682,1.6805,25.493014,30.9643,59.1136,1.9091,0,1,55,1840506,A168_HF9F_20260827_0900,2026-08-27 09:00:00,185
114630118|4|7,7,114630118,4,2026-05-03,1,1485,1,1,1,2.5946,2.5946,-2.4648,0.0000,-95.000000,2.5946,2.5946,1.0000,0,0,0,1840507,A168_HF9F_20260827_0900,2026-08-27 09:00:00,185
114630118|40|7,7,114630118,40,2026-05-03,1,1942,12,20,8,773.2571,773.2571,183.5430,1.6805,23.736353,38.6629,64.4381,1.6667,0,1,66,1840508,A168_HF9F_20260827_0900,2026-08-27 09:00:00,185
114630118|41|7,7,114630118,41,2026-05-03,1,1942,16,28,10,1549.5286,1549.5286,185.2152,1.6805,11.953002,55.3403,96.8455,1.7500,0,1,120,1840509,A168_HF9F_20260827_0900,2026-08-27 09:00:00,185
114630118|42|7,7,114630118,42,2026-05-03,1,1942,15,25,8,790.0741,790.0741,-72.4842,1.7141,-9.174358,31.6030,52.6716,1.6667,0,1,105,1840510,A168_HF9F_20260827_0900,2026-08-27 09:00:00,185
114630118|43|7,7,114630118,43,2026-05-03,1,1942,10,16,8,493.3337,493.3337,417.9203,1.6805,84.713515,30.8334,49.3334,1.6000,0,1,45,1840511,A168_HF9F_20260827_0900,2026-08-27 09:00:00,185
114630118|44|7,7,114630118,44,2026-05-03,1,1942,11,20,8,506.7469,506.7469,-193.2353,1.6805,-38.132505,25.3373,46.0679,1.8182,0,1,55,1840512,A168_HF9F_20260827_0900,2026-08-27 09:00:00,185
114630118|45|7,7,114630118,45,2026-05-03,1,1942,9,17,7,449.2641,449.2641,-187.9077,1.6805,-41.825673,26.4273,49.9182,1.8889,0,1,36,1840513,A168_HF9F_20260827_0900,2026-08-27 09:00:00,185
114630118|46|7,7,114630118,46,2026-05-03,1,1942,22,29,9,1180.0682,1180.0682,344.5271,1.6805,29.195525,40.6920,53.6395,1.3182,0,1,231,1840514,A168_HF9F_20260827_0900,2026-08-27 09:00:00,185
114630118|47|7,7,114630118,47,2026-05-03,1,1942,22,24,5,1994.5034,1994.5034,696.4509,1.6805,34.918512,83.1043,90.6592,1.0909,0,1,231,1840515,A168_HF9F_20260827_0900,2026-08-27 09:00:00,185
114630118|48|7,7,114630118,48,2026-05-03,1,1942,14,18,5,1102.9169,1102.9169,-543.6739,1.6805,-49.294190,61.2732,78.7798,1.2857,0,1,91,1840516,A168_HF9F_20260827_0900,2026-08-27 09:00:00,185
114630118|49|7,7,114630118,49,2026-05-03,1,1942,19,24,5,1407.5699,1387.5699,1000.0680,1.6805,72.073341,58.6487,74.0826,1.2632,2,1,171,1840517,A168_HF9F_20260827_0900,2026-08-27 09:00:00,185
114630118|5|7,7,114630118,5,2026-05-03,1,1485,6,7,2,12678.6421,10578.0224,-10565.6276,0.0000,-99.882825,1811.2346,2113.1070,1.1667,1,1,15,1840518,A168_HF9F_20260827_0900,2026-08-27 09:00:00,185
114630118|50|7,7,114630118,50,2026-05-03,1,1942,16,18,4,807.6206,807.6206,653.6971,0.0000,80.941111,44.8678,50.4763,1.1250,0,1,120,1840519,A168_HF9F_20260827_0900,2026-08-27 09:00:00,185
114630118|51|7,7,114630118,51,2026-05-03,1,1942,15,15,2,790.4824,790.4824,118.4274,0.0000,14.981656,52.6988,52.6988,1.0000,0,1,105,1840520,A168_HF9F_20260827_0900,2026-08-27 09:00:00,185
114630118|6|7,7,114630118,6,2026-05-03,1,1485,6,6,2,145.4458,145.4458,-94.2927,0.1008,-64.830092,24.2410,24.2410,1.0000,0,1,15,1840521,A168_HF9F_20260827_0900,2026-08-27 09:00:00,185
114630118|7|7,7,114630118,7,2026-05-03,1,1485,10,10,2,9746.0555,0.0000,0.0000,0.0000,,974.6055,974.6055,1.0000,10,1,45,1840522,A168_HF9F_20260827_0900,2026-08-27 09:00:00,185
114630118|8|7,7,114630118,8,2026-05-03,1,1485,13,13,2,9346.3801,9346.3801,-8844.6943,0.0000,-94.632298,718.9523,718.9523,1.0000,0,1,78,1840523,A168_HF9F_20260827_0900,2026-08-27 09:00:00,185
114630118|9|7,7,114630118,9,2026-05-03,1,1485,15,25,8,9173.7256,9173.7256,8719.9918,0.0000,95.053985,366.9490,611.5817,1.6667,0,1,105,1840524,A168_HF9F_20260827_0900,2026-08-27 09:00:00,185
114630144|1|7,7,114630144,1,2026-05-03,1,1942,4,4,2,479.8975,479.8975,-44.2061,1.6805,-9.211572,119.9744,119.9744,1.0000,0,1,6,1840525,A168_HF9F_20260827_0900,2026-08-27 09:00:00,185
114630144|10|7,7,114630144,10,2026-05-03,1,925,12,17,7,475.3231,475.3231,354.8495,0.0000,74.654375,27.9602,39.6103,1.4167,0,1,66,1840526,A168_HF9F_20260827_0900,2026-08-27 09:00:00,185
114630144|11|7,7,114630144,11,2026-05-03,1,925,14,18,5,781.6235,781.6235,522.0685,0.1008,66.792842,43.4235,55.8302,1.2857,0,1,91,1840527,A168_HF9F_20260827_0900,2026-08-27 09:00:00,185
114630144|12|7,7,114630144,12,2026-05-03,1,925,14,18,7,338.4409,338.4409,-10.8955,0.0336,-3.219315,18.8023,24.1743,1.2857,0,1,91,1840528,A168_HF9F_20260827_0900,2026-08-27 09:00:00,185
114630144|13|7,7,114630144,13,2026-05-03,1,925,7,10,5,257.0314,257.0314,-1.3176,0.0000,-0.512627,25.7031,36.7188,1.4286,0,1,21,1840529,A168_HF9F_20260827_0900,2026-08-27 09:00:00,185
114630144|14|7,7,114630144,14,2026-05-03,1,925,10,19,6,569.5011,569.5011,-79.4644,0.0000,-13.953332,29.9737,56.9501,1.9000,0,1,45,1840530,A168_HF9F_20260827_0900,2026-08-27 09:00:00,185
114630144|15|7,7,114630144,15,2026-05-03,1,925,14,24,7,666.4247,666.4247,409.1612,0.2857,61.396465,27.7677,47.6018,1.7143,0,1,91,1840531,A168_HF9F_20260827_0900,2026-08-27 09:00:00,185
114630144|16|7,7,114630144,16,2026-05-03,1,925,14,26,6,1083.9061,1083.9061,278.0710,0.0000,25.654533,41.6887,77.4219,1.8571,0,1,91,1840532,A168_HF9F_20260827_0900,2026-08-27 09:00:00,185
114630144|17|7,7,114630144,17,2026-05-03,1,925,13,24,6,1113.4611,1113.4611,-124.9097,0.0000,-11.218150,46.3942,85.6509,1.8462,0,1,78,1840533,A168_HF9F_20260827_0900,2026-08-27 09:00:00,185
114630144|18|7,7,114630144,18,2026-05-03,1,925,12,25,8,1336.7508,1336.7508,611.0639,0.0000,45.712629,53.4700,111.3959,2.0833,0,1,66,1840534,A168_HF9F_20260827_0900,2026-08-27 09:00:00,185
114630144|19|7,7,114630144,19,2026-05-03,1,925,21,32,7,1165.1118,1165.1118,-1087.3478,0.0840,-93.325618,36.4097,55.4815,1.5238,0,1,210,1840535,A168_HF9F_20260827_0900,2026-08-27 09:00:00,185
114630144|2|7,7,114630144,2,2026-05-03,1,1942,6,6,2,727.3009,727.3009,-307.1770,1.6805,-42.235199,121.2168,121.2168,1.0000,0,1,15,1840536,A168_HF9F_20260827_0900,2026-08-27 09:00:00,185
114630144|20|7,7,114630144,20,2026-05-03,1,925,19,37,8,2537.3374,2537.3374,-1013.5886,11.7635,-39.946937,68.5767,133.5441,1.9474,0,1,171,1840537,A168_HF9F_20260827_0900,2026-08-27 09:00:00,185
114630144|21|7,7,114630144,21,2026-05-03,1,925,21,36,8,3712.1799,3712.1799,1709.5760,20.1659,46.053157,103.1161,176.7705,1.7143,0,1,210,1840538,A168_HF9F_20260827_0900,2026-08-27 09:00:00,185
114630144|22|7,7,114630144,22,2026-05-03,1,925,17,26,7,1691.1601,1691.1601,-1042.5352,8.4025,-61.646152,65.0446,99.4800,1.5294,0,1,136,1840539,A168_HF9F_20260827_0900,2026-08-27 09:00:00,185
114630144|23|7,7,114630144,23,2026-05-03,1,925,15,29,7,3297.5788,3297.5788,-1366.9303,8.4025,-41.452543,113.7096,219.8386,1.9333,0,1,105,1840540,A168_HF9F_20260827_0900,2026-08-27 09:00:00,185
114630144|24|7,7,114630144,24,2026-05-03,1,925,27,44,8,5030.0257,5025.8245,-397.7546,16.9675,-7.914216,114.3188,186.2972,1.6296,1,1,351,1840541,A168_HF9F_20260827_0900,2026-08-27 09:00:00,185
114630144|25|7,7,114630144,25,2026-05-03,1,925,24,35,8,6461.5144,6461.5144,4702.2255,26.8879,72.772808,184.6147,269.2298,1.4583,0,1,276,1840542,A168_HF9F_20260827_0900,2026-08-27 09:00:00,185
114630144|26|7,7,114630144,26,2026-05-03,1,925,19,30,7,4207.8624,4207.8624,-3589.0744,26.9665,-85.294481,140.2621,221.4664,1.5789,0,1,171,1840543,A168_HF9F_20260827_0900,2026-08-27 09:00:00,185
114630144|27|7,7,114630144,27,2026-05-03,1,925,16,27,7,4078.1965,4078.1965,-2980.7709,26.8879,-73.090419,151.0443,254.8873,1.6875,0,1,120,1840544,A168_HF9F_20260827_0900,2026-08-27 09:00:00,185
114630144|28|7,7,114630144,28,2026-05-03,1,925,13,18,5,4115.4016,4115.4016,3762.3119,28.5684,91.420286,228.6334,316.5694,1.3846,0,1,78,1840545,A168_HF9F_20260827_0900,2026-08-27 09:00:00,185
114630144|29|7,7,114630144,29,2026-05-03,1,925,20,28,8,2394.6445,39.6622,-91.5536,0.0000,-230.833647,85.5230,119.7322,1.4000,19,1,190,1840546,A168_HF9F_20260827_0900,2026-08-27 09:00:00,185
114630144|3|7,7,114630144,3,2026-05-03,1,1942,5,5,2,237.8634,237.8634,97.9862,1.2604,41.194302,47.5727,47.5727,1.0000,0,1,10,1840547,A168_HF9F_20260827_0900,2026-08-27 09:00:00,185
114630144|30|7,7,114630144,30,2026-05-03,1,925,15,20,5,2353.6768,2353.6768,1982.7607,14.3628,84.240992,117.6838,156.9118,1.3333,0,1,105,1840548,A168_HF9F_20260827_0900,2026-08-27 09:00:00,185
114630144|31|7,7,114630144,31,2026-05-03,1,925,15,24,8,3541.1222,3541.1222,-2989.5658,20.1659,-84.424249,147.5468,236.0748,1.6000,0,1,105,1840549,A168_HF9F_20260827_0900,2026-08-27 09:00:00,185
114630144|32|7,7,114630144,32,2026-05-03,1,925,13,21,7,2420.9576,2420.9576,2352.9995,16.8835,97.192924,115.2837,186.2275,1.6154,0,1,78,1840550,A168_HF9F_20260827_0900,2026-08-27 09:00:00,185
114630144|33|7,7,114630144,33,2026-05-03,1,925,17,24,6,2748.6608,40.1561,-114.4108,0.0000,-284.915056,114.5275,161.6859,1.4118,16,1,136,1840551,A168_HF9F_20260827_0900,2026-08-27 09:00:00,185
114630144|34|7,7,114630144,34,2026-05-03,1,925,21,36,8,4862.0760,4862.0760,-3786.1271,32.7697,-77.870587,135.0577,231.5274,1.7143,0,1,210,1840552,A168_HF9F_20260827_0900,2026-08-27 09:00:00,185
114630144|35|7,7,114630144,35,2026-05-03,1,1485,18,26,6,3311.7757,3311.7757,3061.5342,21.7805,92.443887,127.3760,183.9875,1.4444,0,1,153,1840553,A168_HF9F_20260827_0900,2026-08-27 09:00:00,185
114630144|36|7,7,114630144,36,2026-05-03,1,1485,23,29,5,6021.4921,6021.4921,4595.8780,32.4546,76.324570,207.6377,261.8040,1.2609,0,1,253,1840554,A168_HF9F_20260827_0900,2026-08-27 09:00:00,185
114630144|37|7,7,114630144,37,2026-05-03,1,1485,17,23,6,3914.3509,3914.3509,-2728.1798,22.6867,-69.696864,170.1892,230.2559,1.3529,0,1,136,1840555,A168_HF9F_20260827_0900,2026-08-27 09:00:00,185
114630144|38|7,7,114630144,38,2026-05-03,1,1485,15,22,7,464.3497,464.3497,-112.2582,0.0000,-24.175360,21.1068,30.9566,1.4667,0,1,105,1840556,A168_HF9F_20260827_0900,2026-08-27 09:00:00,185
114630144|39|7,7,114630144,39,2026-05-03,1,1485,14,17,4,1663.0882,1663.0882,-945.9515,10.0830,-56.879216,97.8287,118.7920,1.2143,0,1,91,1840557,A168_HF9F_20260827_0900,2026-08-27 09:00:00,185
114630144|4|7,7,114630144,4,2026-05-03,1,1942,7,8,3,408.1730,2.5946,2.5946,0.0000,100.000000,51.0216,58.3104,1.1429,7,1,21,1840558,A168_HF9F_20260827_0900,2026-08-27 09:00:00,185
114630144|40|7,7,114630144,40,2026-05-03,1,1485,11,15,5,2756.4805,2756.4805,2343.3110,19.3257,85.010976,183.7654,250.5891,1.3636,0,1,55,1840559,A168_HF9F_20260827_0900,2026-08-27 09:00:00,185
114630144|41|7,7,114630144,41,2026-05-03,1,1485,20,27,7,6133.2659,6133.2659,-2447.6196,34.5287,-39.907280,227.1580,306.6633,1.3500,0,1,190,1840560,A168_HF9F_20260827_0900,2026-08-27 09:00:00,185
114630144|42|7,7,114630144,42,2026-05-03,1,1485,14,20,6,2797.2528,2797.2528,-2142.0826,16.9621,-76.578084,139.8626,199.8038,1.4286,0,1,91,1840561,A168_HF9F_20260827_0900,2026-08-27 09:00:00,185
114630144|43|7,7,114630144,43,2026-05-03,1,1485,11,18,7,3467.8412,3467.8412,3240.1674,25.2074,93.434714,192.6578,315.2583,1.6364,0,1,55,1840562,A168_HF9F_20260827_0900,2026-08-27 09:00:00,185
114630144|44|7,7,114630144,44,2026-05-03,1,1485,13,22,6,2721.5358,2721.5358,1657.8519,13.5112,60.916043,123.7062,209.3489,1.6923,0,1,78,1840563,A168_HF9F_20260827_0900,2026-08-27 09:00:00,185
114630144|45|7,7,114630144,45,2026-05-03,1,1485,21,29,6,1897.7147,1897.7147,133.3283,0.0000,7.025727,65.4384,90.3674,1.3810,0,1,210,1840564,A168_HF9F_20260827_0900,2026-08-27 09:00:00,185
114630144|46|7,7,114630144,46,2026-05-03,1,1485,15,20,6,740.0111,740.0111,-376.3111,0.0000,-50.852087,37.0006,49.3341,1.3333,0,1,105,1840565,A168_HF9F_20260827_0900,2026-08-27 09:00:00,185
114630144|47|7,7,114630144,47,2026-05-03,1,1485,15,20,6,1152.5283,893.0711,-565.1041,0.0000,-63.276494,57.6264,76.8352,1.3333,1,1,105,1840566,A168_HF9F_20260827_0900,2026-08-27 09:00:00,185
114630144|5|7,7,114630144,5,2026-05-03,1,925,11,19,7,542.5131,542.5131,175.5491,0.0000,32.358500,28.5533,49.3194,1.7273,0,1,55,1840567,A168_HF9F_20260827_0900,2026-08-27 09:00:00,185
114630144|6|7,7,114630144,6,2026-05-03,1,925,9,15,7,743.1970,743.1970,667.3058,0.0000,89.788544,49.5465,82.5774,1.6667,0,1,36,1840568,A168_HF9F_20260827_0900,2026-08-27 09:00:00,185
114630144|7|7,7,114630144,7,2026-05-03,1,925,8,13,5,960.2508,960.2508,-833.7445,0.0000,-86.825697,73.8654,120.0314,1.6250,0,1,28,1840569,A168_HF9F_20260827_0900,2026-08-27 09:00:00,185
114630144|8|7,7,114630144,8,2026-05-03,1,925,10,15,5,361.5466,361.5466,255.7469,0.0000,70.736910,24.1031,36.1547,1.5000,0,1,45,1840570,A168_HF9F_20260827_0900,2026-08-27 09:00:00,185
114630144|9|7,7,114630144,9,2026-05-03,1,925,10,13,5,597.5487,597.5487,68.1412,0.0000,11.403458,45.9653,59.7549,1.3000,0,1,45,1840571,A168_HF9F_20260827_0900,2026-08-27 09:00:00,185
114630165|1|7,7,114630165,1,2026-05-03,1,1485,3,3,2,154.4860,0.0000,0.0000,0.0000,,51.4953,51.4953,1.0000,3,1,3,1840572,A168_HF9F_20260827_0900,2026-08-27 09:00:00,185
114630165|10|7,7,114630165,10,2026-05-03,1,1485,12,15,5,785.0882,785.0882,629.6154,0.0000,80.196769,52.3392,65.4240,1.2500,0,1,66,1840573,A168_HF9F_20260827_0900,2026-08-27 09:00:00,185
114630165|11|7,7,114630165,11,2026-05-03,1,1485,14,22,7,1796.0737,1796.0737,1210.8599,0.8402,67.417047,81.6397,128.2910,1.5714,0,1,91,1840574,A168_HF9F_20260827_0900,2026-08-27 09:00:00,185
114630165|12|7,7,114630165,12,2026-05-03,1,1485,7,7,2,9045.7638,9045.7638,-8929.6944,0.0000,-98.716864,1292.2520,1292.2520,1.0000,0,1,21,1840575,A168_HF9F_20260827_0900,2026-08-27 09:00:00,185
114630165|13|7,7,114630165,13,2026-05-03,1,1485,9,11,4,812.8244,812.8244,735.6359,0.0000,90.503665,73.8931,90.3138,1.2222,0,1,36,1840576,A168_HF9F_20260827_0900,2026-08-27 09:00:00,185
114630165|14|7,7,114630165,14,2026-05-03,1,1942,13,13,2,1285.5842,1285.5842,-785.6503,0.0000,-61.112315,98.8911,98.8911,1.0000,0,1,78,1840577,A168_HF9F_20260827_0900,2026-08-27 09:00:00,185
114630165|15|7,7,114630165,15,2026-05-03,1,1942,13,15,4,766.8459,766.8459,297.9298,0.0000,38.851326,51.1231,58.9881,1.1538,0,1,78,1840578,A168_HF9F_20260827_0900,2026-08-27 09:00:00,185
114630165|16|7,7,114630165,16,2026-05-03,1,1942,19,23,5,707.5447,707.5447,-563.3169,0.4726,-79.615727,30.7628,37.2392,1.2105,0,1,171,1840579,A168_HF9F_20260827_0900,2026-08-27 09:00:00,185
114630165|17|7,7,114630165,17,2026-05-03,1,1942,25,28,4,2656.8998,2656.8998,1041.4075,0.0000,39.196343,94.8893,106.2760,1.1200,0,1,300,1840580,A168_HF9F_20260827_0900,2026-08-27 09:00:00,185
114630165|18|7,7,114630165,18,2026-05-03,1,1942,17,20,4,1228.8792,1228.8792,-331.1261,0.0000,-26.945378,61.4440,72.2870,1.1765,0,1,136,1840581,A168_HF9F_20260827_0900,2026-08-27 09:00:00,185
114630165|19|7,7,114630165,19,2026-05-03,1,1942,13,13,2,481.4547,481.4547,-233.1295,0.0000,-48.421899,37.0350,37.0350,1.0000,0,1,78,1840582,A168_HF9F_20260827_0900,2026-08-27 09:00:00,185
114630165|2|7,7,114630165,2,2026-05-03,1,1485,5,6,3,438.4621,438.4621,238.4621,0.0000,54.386025,73.0770,87.6924,1.2000,0,1,10,1840583,A168_HF9F_20260827_0900,2026-08-27 09:00:00,185
114630165|20|7,7,114630165,20,2026-05-03,1,1942,15,19,5,634.9039,634.9039,-91.1151,0.0000,-14.351000,33.4160,42.3269,1.2667,0,1,105,1840584,A168_HF9F_20260827_0900,2026-08-27 09:00:00,185
114630165|21|7,7,114630165,21,2026-05-03,1,1942,18,23,7,14448.5485,14448.5485,-11674.4284,0.0000,-80.800008,628.1978,802.6971,1.2778,0,1,153,1840585,A168_HF9F_20260827_0900,2026-08-27 09:00:00,185
114630165|22|7,7,114630165,22,2026-05-03,1,1942,14,16,4,2060.9691,12.6037,-44.1130,0.0000,-350.000000,128.8106,147.2121,1.1429,14,1,91,1840586,A168_HF9F_20260827_0900,2026-08-27 09:00:00,185
114630165|23|7,7,114630165,23,2026-05-03,1,1942,18,18,2,2648.4692,2648.4692,-2466.4458,0.0000,-93.127221,147.1372,147.1372,1.0000,0,1,153,1840587,A168_HF9F_20260827_0900,2026-08-27 09:00:00,185
114630165|24|7,7,114630165,24,2026-05-03,1,1942,14,16,4,2289.4897,2289.4897,-2071.0374,0.0000,-90.458472,143.0931,163.5350,1.1429,0,1,91,1840588,A168_HF9F_20260827_0900,2026-08-27 09:00:00,185
114630165|25|7,7,114630165,25,2026-05-03,1,1942,20,27,6,2294.7892,2294.7892,1243.2748,0.3323,54.178169,84.9922,114.7395,1.3500,0,1,190,1840589,A168_HF9F_20260827_0900,2026-08-27 09:00:00,185
114630165|26|7,7,114630165,26,2026-05-03,1,1942,14,17,5,928.0354,919.3845,-527.8600,0.0000,-57.414494,54.5903,66.2882,1.2143,2,1,91,1840590,A168_HF9F_20260827_0900,2026-08-27 09:00:00,185
114630165|27|7,7,114630165,27,2026-05-03,1,1942,20,22,4,1483.5065,1483.5065,-1105.1477,0.0000,-74.495645,67.4321,74.1753,1.1000,0,1,190,1840591,A168_HF9F_20260827_0900,2026-08-27 09:00:00,185
114630165|28|7,7,114630165,28,2026-05-03,1,1942,36,53,8,4089.2919,415.7901,158.9275,0.0000,38.223005,77.1565,113.5914,1.4722,36,1,630,1840592,A168_HF9F_20260827_0900,2026-08-27 09:00:00,185
114630165|29|7,7,114630165,29,2026-05-03,1,1942,38,54,8,3200.7036,412.8205,155.9579,0.0000,37.778613,59.2723,84.2290,1.4211,36,1,703,1840593,A168_HF9F_20260827_0900,2026-08-27 09:00:00,185
114630165|3|7,7,114630165,3,2026-05-03,1,1485,6,6,2,449.8741,0.0000,0.0000,0.0000,,74.9790,74.9790,1.0000,6,1,15,1840594,A168_HF9F_20260827_0900,2026-08-27 09:00:00,185
114630165|30|7,7,114630165,30,2026-05-03,1,1942,45,57,8,3980.5010,3980.5010,-451.9421,0.1680,-11.353899,69.8334,88.4556,1.2667,0,1,990,1840595,A168_HF9F_20260827_0900,2026-08-27 09:00:00,185
114630165|31|7,7,114630165,31,2026-05-03,1,1942,33,50,7,2278.2141,2278.2141,-1922.0176,0.2857,-84.365100,45.5643,69.0368,1.5152,0,1,528,1840596,A168_HF9F_20260827_0900,2026-08-27 09:00:00,185
114630165|32|7,7,114630165,32,2026-05-03,1,1942,21,32,7,1554.9303,1554.9303,722.8496,1.2760,46.487590,48.5916,74.0443,1.5238,0,1,210,1840597,A168_HF9F_20260827_0900,2026-08-27 09:00:00,185
114630165|33|7,7,114630165,33,2026-05-03,1,1942,20,29,7,2099.2025,2099.2025,-328.6399,0.0000,-15.655467,72.3863,104.9601,1.4500,0,1,190,1840598,A168_HF9F_20260827_0900,2026-08-27 09:00:00,185
114630165|34|7,7,114630165,34,2026-05-03,1,1942,17,22,7,1432.7082,1432.7082,1030.4940,0.0000,71.926298,65.1231,84.2770,1.2941,0,1,136,1840599,A168_HF9F_20260827_0900,2026-08-27 09:00:00,185
114630165|35|7,7,114630165,35,2026-05-03,1,1942,20,33,9,1668.2444,1668.2444,557.4043,0.5041,33.412626,50.5529,83.4122,1.6500,0,1,190,1840600,A168_HF9F_20260827_0900,2026-08-27 09:00:00,185
114630165|36|7,7,114630165,36,2026-05-03,1,1942,17,22,7,2035.6826,2035.6826,-193.5606,0.0000,-9.508390,92.5310,119.7460,1.2941,0,1,136,1840601,A168_HF9F_20260827_0900,2026-08-27 09:00:00,185
114630165|37|7,7,114630165,37,2026-05-03,1,1942,17,21,6,1757.2789,1757.2789,-1894.3474,0.2756,-107.800044,83.6799,103.3693,1.2353,0,1,136,1840602,A168_HF9F_20260827_0900,2026-08-27 09:00:00,185
114630165|38|7,7,114630165,38,2026-05-03,1,1942,16,22,7,1974.9319,1974.9319,1831.6863,0.0000,92.746808,89.7696,123.4332,1.3750,0,1,120,1840603,A168_HF9F_20260827_0900,2026-08-27 09:00:00,185
114630165|39|7,7,114630165,39,2026-05-03,1,1942,14,22,7,1766.6679,1766.6679,-1686.1586,0.2756,-95.442870,80.3031,126.1906,1.5714,0,1,91,1840604,A168_HF9F_20260827_0900,2026-08-27 09:00:00,185
114630165|4|7,7,114630165,4,2026-05-03,1,1485,4,4,2,811.2376,811.2376,-200.6455,0.0000,-24.733263,202.8094,202.8094,1.0000,0,1,6,1840605,A168_HF9F_20260827_0900,2026-08-27 09:00:00,185
114630165|40|7,7,114630165,40,2026-05-03,1,1942,19,27,9,2537.6869,2537.6869,2360.8805,0.2756,93.032773,93.9884,133.5625,1.4211,0,1,171,1840606,A168_HF9F_20260827_0900,2026-08-27 09:00:00,185
114630165|41|7,7,114630165,41,2026-05-03,1,1942,14,17,5,1719.0479,1719.0479,-1770.6881,0.3361,-103.003996,101.1205,122.7891,1.2143,0,1,91,1840607,A168_HF9F_20260827_0900,2026-08-27 09:00:00,185
114630165|42|7,7,114630165,42,2026-05-03,1,1942,17,27,7,2573.9371,2482.6153,-2958.0362,0.3697,-119.150001,95.3310,151.4081,1.5882,1,1,136,1840608,A168_HF9F_20260827_0900,2026-08-27 09:00:00,185
114630165|43|7,7,114630165,43,2026-05-03,1,1942,20,30,8,2802.8582,2802.8582,-2576.1952,0.9233,-91.913147,93.4286,140.1429,1.5000,0,1,190,1840609,A168_HF9F_20260827_0900,2026-08-27 09:00:00,185
114630165|44|7,7,114630165,44,2026-05-03,1,1942,24,38,8,1350.7009,1350.7009,-621.1842,0.0639,-45.989769,35.5448,56.2792,1.5833,0,1,276,1840610,A168_HF9F_20260827_0900,2026-08-27 09:00:00,185
114630165|45|7,7,114630165,45,2026-05-03,1,1942,31,46,8,1937.2429,1937.2429,1349.8842,0.5512,69.680686,42.1140,62.4917,1.4839,0,1,465,1840611,A168_HF9F_20260827_0900,2026-08-27 09:00:00,185
114630165|46|7,7,114630165,46,2026-05-03,1,925,17,20,5,1265.6356,18.9056,-37.8112,0.0000,-200.000000,63.2818,74.4492,1.1765,17,1,136,1840612,A168_HF9F_20260827_0900,2026-08-27 09:00:00,185
114630165|47|7,7,114630165,47,2026-05-03,1,925,18,19,3,1986.6478,6.3019,6.3019,0.0000,100.000000,104.5604,110.3693,1.0556,18,1,153,1840613,A168_HF9F_20260827_0900,2026-08-27 09:00:00,185
114630165|48|7,7,114630165,48,2026-05-03,1,925,15,18,5,18913.1068,18913.1068,17620.4907,0.0000,93.165501,1050.7282,1260.8738,1.2000,0,1,105,1840614,A168_HF9F_20260827_0900,2026-08-27 09:00:00,185
114630165|5|7,7,114630165,5,2026-05-03,1,1485,9,11,4,1475.0660,110.4118,-505.1832,0.0000,-457.544408,134.0969,163.8962,1.2222,9,1,36,1840615,A168_HF9F_20260827_0900,2026-08-27 09:00:00,185
114630165|6|7,7,114630165,6,2026-05-03,1,1485,5,5,2,137.1912,137.1912,-123.3511,0.0000,-89.911861,27.4382,27.4382,1.0000,0,1,10,1840616,A168_HF9F_20260827_0900,2026-08-27 09:00:00,185
114630165|7|7,7,114630165,7,2026-05-03,1,1485,10,11,3,778.4093,778.4093,-425.2843,0.0000,-54.635048,70.7645,77.8409,1.1000,0,1,45,1840617,A168_HF9F_20260827_0900,2026-08-27 09:00:00,185
114630165|8|7,7,114630165,8,2026-05-03,1,1485,7,7,2,350.0916,350.0916,331.5381,0.0000,94.700400,50.0131,50.0131,1.0000,0,1,21,1840618,A168_HF9F_20260827_0900,2026-08-27 09:00:00,185
114630165|9|7,7,114630165,9,2026-05-03,1,1485,9,13,6,849.6838,849.6838,-137.1401,0.0000,-16.140137,65.3603,94.4093,1.4444,0,1,36,1840619,A168_HF9F_20260827_0900,2026-08-27 09:00:00,185
114630197|1|7,7,114630197,1,2026-05-03,1,925,6,7,3,1896.2653,1896.2653,-1286.0511,0.0000,-67.820210,270.8950,316.0442,1.1667,0,1,15,1840620,A168_HF9F_20260827_0900,2026-08-27 09:00:00,185
114630197|10|7,7,114630197,10,2026-05-03,1,925,11,14,4,1205.9417,1205.9417,74.3394,0.0840,6.164428,86.1387,109.6311,1.2727,0,1,55,1840621,A168_HF9F_20260827_0900,2026-08-27 09:00:00,185
114630197|11|7,7,114630197,11,2026-05-03,1,925,15,20,7,1544.6713,34.6308,-145.8303,0.0504,-421.100473,77.2336,102.9781,1.3333,14,1,105,1840622,A168_HF9F_20260827_0900,2026-08-27 09:00:00,185
114630197|12|7,7,114630197,12,2026-05-03,1,925,15,21,8,1709.7645,1709.7645,1019.8052,0.2017,59.645945,81.4174,113.9843,1.4000,0,1,105,1840623,A168_HF9F_20260827_0900,2026-08-27 09:00:00,185
114630197|13|7,7,114630197,13,2026-05-03,1,925,21,28,8,849.2617,849.2617,-628.8754,0.1344,-74.049660,30.3308,40.4410,1.3333,0,1,210,1840624,A168_HF9F_20260827_0900,2026-08-27 09:00:00,185
114630197|14|7,7,114630197,14,2026-05-03,1,925,26,33,6,2999.3682,242.8309,-724.6747,0.0336,-298.427747,90.8899,115.3603,1.2692,26,1,325,1840625,A168_HF9F_20260827_0900,2026-08-27 09:00:00,185
114630197|15|7,7,114630197,15,2026-05-03,1,925,29,45,9,1428.2841,1428.2841,-723.9225,0.9475,-50.684771,31.7396,49.2512,1.5517,0,1,406,1840626,A168_HF9F_20260827_0900,2026-08-27 09:00:00,185
114630197|16|7,7,114630197,16,2026-05-03,1,925,38,51,7,2147.7164,2106.7102,-1573.6675,0.2313,-74.697865,42.1121,56.5189,1.3421,2,1,703,1840627,A168_HF9F_20260827_0900,2026-08-27 09:00:00,185
114630197|17|7,7,114630197,17,2026-05-03,1,925,37,66,9,2795.2023,219.1627,-739.8644,0.1882,-337.586876,42.3515,75.5460,1.7838,34,1,666,1840628,A168_HF9F_20260827_0900,2026-08-27 09:00:00,185
114630197|18|7,7,114630197,18,2026-05-03,1,925,38,59,8,3343.4138,3343.4138,-2366.6235,1.3455,-70.784642,56.6680,87.9846,1.5526,0,1,703,1840629,A168_HF9F_20260827_0900,2026-08-27 09:00:00,185
114630197|19|7,7,114630197,19,2026-05-03,1,925,51,84,10,4077.2642,4056.2580,3366.2106,14.8205,82.988078,48.5389,79.9464,1.6471,1,1,1275,1840630,A168_HF9F_20260827_0900,2026-08-27 09:00:00,185
114630197|2|7,7,114630197,2,2026-05-03,1,925,4,4,2,528.5254,528.5254,523.3362,0.0000,99.018184,132.1313,132.1313,1.0000,0,1,6,1840631,A168_HF9F_20260827_0900,2026-08-27 09:00:00,185
114630197|20|7,7,114630197,20,2026-05-03,1,925,28,44,9,748.8882,76.9702,-149.8967,0.0672,-194.746402,17.0202,26.7460,1.5714,25,1,378,1840632,A168_HF9F_20260827_0900,2026-08-27 09:00:00,185
114630197|21|7,7,114630197,21,2026-05-03,1,925,32,50,8,1823.9879,1795.5855,101.5007,0.1344,5.652793,36.4798,56.9996,1.5625,2,1,496,1840633,A168_HF9F_20260827_0900,2026-08-27 09:00:00,185
114630197|22|7,7,114630197,22,2026-05-03,1,925,22,40,9,1350.8196,1330.8196,-531.1346,0.8403,-39.910338,33.7705,61.4009,1.8182,1,1,231,1840634,A168_HF9F_20260827_0900,2026-08-27 09:00:00,185
114630197|23|7,7,114630197,23,2026-05-03,1,925,21,33,8,1191.9888,1191.9888,844.4337,0.2017,70.842420,36.1209,56.7614,1.5714,0,1,210,1840635,A168_HF9F_20260827_0900,2026-08-27 09:00:00,185
114630197|24|7,7,114630197,24,2026-05-03,1,925,19,29,8,1521.1142,1521.1142,-525.6725,0.1344,-34.558384,52.4522,80.0586,1.5263,0,1,171,1840636,A168_HF9F_20260827_0900,2026-08-27 09:00:00,185
114630197|25|7,7,114630197,25,2026-05-03,1,925,22,35,8,1764.9846,1743.9784,-1309.5245,0.3025,-75.088347,50.4281,80.2266,1.5909,2,1,231,1840637,A168_HF9F_20260827_0900,2026-08-27 09:00:00,185
114630197|26|7,7,114630197,26,2026-05-03,1,1485,34,49,8,3701.9596,3701.9596,2361.6908,0.0672,63.795695,75.5502,108.8812,1.4412,0,1,561,1840638,A168_HF9F_20260827_0900,2026-08-27 09:00:00,185
114630197|27|7,7,114630197,27,2026-05-03,1,1485,22,30,7,1270.4491,1270.4491,-72.3661,0.0000,-5.696104,42.3483,57.7477,1.3636,0,1,231,1840639,A168_HF9F_20260827_0900,2026-08-27 09:00:00,185
114630197|28|7,7,114630197,28,2026-05-03,1,1485,22,38,8,3160.3186,3160.3186,1014.0480,0.0000,32.086891,83.1663,143.6508,1.7273,0,1,231,1840640,A168_HF9F_20260827_0900,2026-08-27 09:00:00,185
114630197|29|7,7,114630197,29,2026-05-03,1,1485,22,38,8,1491.7101,1491.7101,1070.4368,0.1849,71.759040,39.2555,67.8050,1.7273,0,1,231,1840641,A168_HF9F_20260827_0900,2026-08-27 09:00:00,185
114630197|3|7,7,114630197,3,2026-05-03,1,925,5,5,2,559.4355,559.4355,497.9924,0.0000,89.016942,111.8871,111.8871,1.0000,0,1,10,1840642,A168_HF9F_20260827_0900,2026-08-27 09:00:00,185
114630197|30|7,7,114630197,30,2026-05-03,1,1485,21,30,6,2069.0488,2069.0488,1169.5567,0.1344,56.526301,68.9683,98.5261,1.4286,0,1,210,1840643,A168_HF9F_20260827_0900,2026-08-27 09:00:00,185
114630197|31|7,7,114630197,31,2026-05-03,1,1485,17,28,7,881.8603,881.8603,-197.0274,0.1344,-22.342248,31.4950,51.8741,1.6471,0,1,136,1840644,A168_HF9F_20260827_0900,2026-08-27 09:00:00,185
114630197|32|7,7,114630197,32,2026-05-03,1,1485,17,38,8,520.3541,80.1548,-145.5888,0.1008,-181.634530,13.6935,30.6091,2.2353,18,1,136,1840645,A168_HF9F_20260827_0900,2026-08-27 09:00:00,185
114630197|33|7,7,114630197,33,2026-05-03,1,1485,17,34,8,522.5001,502.5001,-68.8050,0.2857,-13.692544,15.3676,30.7353,2.0000,1,1,136,1840646,A168_HF9F_20260827_0900,2026-08-27 09:00:00,185
114630197|34|7,7,114630197,34,2026-05-03,1,1485,14,30,7,1153.4046,1153.4046,29.2063,0.1512,2.532178,38.4468,82.3860,2.1429,0,1,91,1840647,A168_HF9F_20260827_0900,2026-08-27 09:00:00,185
114630197|35|7,7,114630197,35,2026-05-03,1,1485,14,30,7,1557.9056,120.7232,-167.3060,0.0672,-138.586424,51.9302,111.2790,2.1429,13,1,91,1840648,A168_HF9F_20260827_0900,2026-08-27 09:00:00,185
114630197|36|7,7,114630197,36,2026-05-03,1,1485,19,38,7,1800.4280,1780.4280,403.2094,0.2017,22.646766,47.3797,94.7594,2.0000,1,1,171,1840649,A168_HF9F_20260827_0900,2026-08-27 09:00:00,185
114630197|37|7,7,114630197,37,2026-05-03,1,1485,11,26,8,206.5150,83.1564,-204.8728,0.0672,-246.370466,7.9429,18.7741,2.3636,10,1,55,1840650,A168_HF9F_20260827_0900,2026-08-27 09:00:00,185
114630197|38|7,7,114630197,38,2026-05-03,1,1485,11,28,8,251.9909,231.9909,10.8230,0.1680,4.665248,8.9997,22.9083,2.5455,1,1,55,1840651,A168_HF9F_20260827_0900,2026-08-27 09:00:00,185
114630197|39|7,7,114630197,39,2026-05-03,1,1485,19,37,7,1679.7273,1679.7273,-1135.7594,0.2689,-67.615701,45.3980,88.4067,1.9474,0,1,171,1840652,A168_HF9F_20260827_0900,2026-08-27 09:00:00,185
114630197|4|7,7,114630197,4,2026-05-03,1,925,7,7,3,380.5406,380.5406,39.2160,0.0000,10.305330,54.3629,54.3629,1.0000,0,1,21,1840653,A168_HF9F_20260827_0900,2026-08-27 09:00:00,185
114630197|40|7,7,114630197,40,2026-05-03,1,1485,22,44,8,3424.0801,3424.0801,1498.1802,9.8000,43.754238,77.8200,155.6400,2.0000,0,1,231,1840654,A168_HF9F_20260827_0900,2026-08-27 09:00:00,185
114630197|41|7,7,114630197,41,2026-05-03,1,1485,19,35,8,1771.6696,1771.6696,886.2615,1.8689,50.024087,50.6191,93.2458,1.8421,0,1,171,1840655,A168_HF9F_20260827_0900,2026-08-27 09:00:00,185
114630197|42|7,7,114630197,42,2026-05-03,1,1485,17,35,6,1925.9942,1925.9942,593.9152,0.2353,30.836812,55.0284,113.2938,2.0588,0,1,136,1840656,A168_HF9F_20260827_0900,2026-08-27 09:00:00,185
114630197|43|7,7,114630197,43,2026-05-03,1,1485,14,33,8,848.7922,848.7922,635.5666,0.2857,74.878939,25.7210,60.6280,2.3571,0,1,91,1840657,A168_HF9F_20260827_0900,2026-08-27 09:00:00,185
114630197|44|7,7,114630197,44,2026-05-03,1,1485,16,32,8,1056.1073,1056.1073,339.0085,0.3529,32.099810,33.0034,66.0067,2.0000,0,1,120,1840658,A168_HF9F_20260827_0900,2026-08-27 09:00:00,185
114630197|45|7,7,114630197,45,2026-05-03,1,1485,14,23,6,1307.2292,1307.2292,-569.3911,0.1849,-43.557096,56.8361,93.3735,1.6429,0,1,91,1840659,A168_HF9F_20260827_0900,2026-08-27 09:00:00,185
114630197|46|7,7,114630197,46,2026-05-03,1,1485,16,29,6,1555.8171,1555.8171,-856.0452,0.4705,-55.022228,53.6489,97.2386,1.8125,0,1,120,1840660,A168_HF9F_20260827_0900,2026-08-27 09:00:00,185
114630197|47|7,7,114630197,47,2026-05-03,1,1485,24,34,6,2831.9156,2831.9156,2551.1636,5.4776,90.086145,83.2916,117.9965,1.4167,0,1,276,1840661,A168_HF9F_20260827_0900,2026-08-27 09:00:00,185
114630197|48|7,7,114630197,48,2026-05-03,1,1485,19,26,6,3436.5063,3436.5063,-1807.2573,1.7460,-52.589962,132.1733,180.8688,1.3684,0,1,171,1840662,A168_HF9F_20260827_0900,2026-08-27 09:00:00,185
114630197|49|7,7,114630197,49,2026-05-03,1,1485,19,24,5,1525.4667,1525.4667,-26.1560,0.4033,-1.714625,63.5611,80.2877,1.2632,0,1,171,1840663,A168_HF9F_20260827_0900,2026-08-27 09:00:00,185
114630197|5|7,7,114630197,5,2026-05-03,1,925,6,9,6,265.9021,265.9021,201.0204,0.0000,75.599404,29.5447,44.3170,1.5000,0,1,15,1840664,A168_HF9F_20260827_0900,2026-08-27 09:00:00,185
114630197|6|7,7,114630197,6,2026-05-03,1,925,8,10,3,1068.5391,1068.5391,-561.6744,0.1008,-52.564708,106.8539,133.5674,1.2500,0,1,28,1840665,A168_HF9F_20260827_0900,2026-08-27 09:00:00,185
114630197|7|7,7,114630197,7,2026-05-03,1,925,12,17,7,1046.0728,1046.0728,489.3897,0.0672,46.783526,61.5337,87.1727,1.4167,0,1,66,1840666,A168_HF9F_20260827_0900,2026-08-27 09:00:00,185
114630197|8|7,7,114630197,8,2026-05-03,1,925,15,24,8,1842.1482,1842.1482,-1331.7008,7.0419,-72.290642,76.7562,122.8099,1.6000,0,1,105,1840667,A168_HF9F_20260827_0900,2026-08-27 09:00:00,185
114630197|9|7,7,114630197,9,2026-05-03,1,925,12,17,8,447.6995,447.6995,-36.1956,0.1765,-8.084789,26.3353,37.3083,1.4167,0,1,66,1840668,A168_HF9F_20260827_0900,2026-08-27 09:00:00,185
114630223|1|7,7,114630223,1,2026-05-03,1,1485,3,4,3,146.3775,146.3775,-89.2969,0.0000,-61.004523,36.5944,48.7925,1.3333,0,1,3,1840669,A168_HF9F_20260827_0900,2026-08-27 09:00:00,185
114630223|10|7,7,114630223,10,2026-05-03,1,1942,4,4,2,104.7439,104.7439,-36.5361,0.0000,-34.881402,26.1860,26.1860,1.0000,0,1,6,1840670,A168_HF9F_20260827_0900,2026-08-27 09:00:00,185
114630223|11|7,7,114630223,11,2026-05-03,1,1942,8,9,3,396.1535,396.1535,-232.3293,0.0000,-58.646265,44.0171,49.5192,1.1250,0,1,28,1840671,A168_HF9F_20260827_0900,2026-08-27 09:00:00,185
114630223|12|7,7,114630223,12,2026-05-03,1,1942,9,10,3,247.5149,247.5149,-174.3677,0.0000,-70.447333,24.7515,27.5017,1.1111,0,1,36,1840672,A168_HF9F_20260827_0900,2026-08-27 09:00:00,185
114630223|13|7,7,114630223,13,2026-05-03,1,1942,8,8,2,1006.9053,1006.9053,-999.3431,0.0000,-99.248963,125.8632,125.8632,1.0000,0,1,28,1840673,A168_HF9F_20260827_0900,2026-08-27 09:00:00,185
114630223|14|7,7,114630223,14,2026-05-03,1,1942,11,11,2,430.4056,430.4056,418.0119,0.0672,97.120471,39.1278,39.1278,1.0000,0,1,55,1840674,A168_HF9F_20260827_0900,2026-08-27 09:00:00,185
114630223|15|7,7,114630223,15,2026-05-03,1,1942,13,13,2,1239.3491,1239.3491,-610.1617,0.3361,-49.232430,95.3345,95.3345,1.0000,0,1,78,1840675,A168_HF9F_20260827_0900,2026-08-27 09:00:00,185
114630223|16|7,7,114630223,16,2026-05-03,1,1942,12,14,3,1605.0313,1605.0313,-800.8846,0.0000,-49.898379,114.6451,133.7526,1.1667,0,1,66,1840676,A168_HF9F_20260827_0900,2026-08-27 09:00:00,185
114630223|17|7,7,114630223,17,2026-05-03,1,1942,15,18,6,1137.4912,1137.4912,-67.8740,0.5415,-5.966991,63.1940,75.8327,1.2000,0,1,105,1840677,A168_HF9F_20260827_0900,2026-08-27 09:00:00,185
114630223|18|7,7,114630223,18,2026-05-03,1,1942,12,12,2,898.4713,0.0000,0.0000,0.0000,,74.8726,74.8726,1.0000,12,1,66,1840678,A168_HF9F_20260827_0900,2026-08-27 09:00:00,185
114630223|19|7,7,114630223,19,2026-05-03,1,1942,13,15,4,650.8846,650.8846,607.9961,0.6891,93.410737,43.3923,50.0680,1.1538,0,1,78,1840679,A168_HF9F_20260827_0900,2026-08-27 09:00:00,185
114630223|2|7,7,114630223,2,2026-05-03,1,1485,6,6,2,1522.6404,1522.6404,1277.3596,0.0000,83.891087,253.7734,253.7734,1.0000,0,1,15,1840680,A168_HF9F_20260827_0900,2026-08-27 09:00:00,185
114630223|20|7,7,114630223,20,2026-05-03,1,1942,14,14,2,552.3949,552.3949,192.5141,0.0840,34.850812,39.4568,39.4568,1.0000,0,1,91,1840681,A168_HF9F_20260827_0900,2026-08-27 09:00:00,185
114630223|21|7,7,114630223,21,2026-05-03,1,1942,17,18,3,744.0182,744.0182,-51.0646,0.6891,-6.863347,41.3343,43.7658,1.0588,0,1,136,1840682,A168_HF9F_20260827_0900,2026-08-27 09:00:00,185
114630223|22|7,7,114630223,22,2026-05-03,1,1942,15,19,5,748.0606,748.0606,515.0841,2.0796,68.855933,39.3716,49.8707,1.2667,0,1,105,1840683,A168_HF9F_20260827_0900,2026-08-27 09:00:00,185
114630223|23|7,7,114630223,23,2026-05-03,1,1942,12,14,5,356.9581,356.9581,-72.1457,0.0000,-20.211266,25.4970,29.7465,1.1667,0,1,66,1840684,A168_HF9F_20260827_0900,2026-08-27 09:00:00,185
114630223|24|7,7,114630223,24,2026-05-03,1,1942,11,16,6,443.8446,443.8446,8.2632,0.0000,1.861737,27.7403,40.3495,1.4545,0,1,55,1840685,A168_HF9F_20260827_0900,2026-08-27 09:00:00,185
114630223|25|7,7,114630223,25,2026-05-03,1,1942,18,19,3,552.1091,552.1091,-209.0754,0.0840,-37.868487,29.0584,30.6727,1.0556,0,1,153,1840686,A168_HF9F_20260827_0900,2026-08-27 09:00:00,185
114630223|26|7,7,114630223,26,2026-05-03,1,1942,10,10,2,473.7472,473.7472,-78.4787,0.0000,-16.565516,47.3747,47.3747,1.0000,0,1,45,1840687,A168_HF9F_20260827_0900,2026-08-27 09:00:00,185
114630223|27|7,7,114630223,27,2026-05-03,1,1942,21,25,6,522.5327,522.5327,-347.3396,0.3361,-66.472314,20.9013,24.8825,1.1905,0,1,210,1840688,A168_HF9F_20260827_0900,2026-08-27 09:00:00,185
114630223|28|7,7,114630223,28,2026-05-03,1,1942,35,43,9,7501.8815,7501.8815,-1761.7737,0.3361,-23.484424,174.4624,214.3395,1.2286,0,1,595,1840689,A168_HF9F_20260827_0900,2026-08-27 09:00:00,185
114630223|29|7,7,114630223,29,2026-05-03,1,1942,32,37,6,3321.1356,3303.9091,-2494.2222,0.9075,-75.493064,89.7604,103.7855,1.1563,1,1,496,1840690,A168_HF9F_20260827_0900,2026-08-27 09:00:00,185
114630223|3|7,7,114630223,3,2026-05-03,1,1485,3,3,1,7.3401,7.3401,7.3401,0.0000,100.000000,2.4467,2.4467,1.0000,0,1,3,1840691,A168_HF9F_20260827_0900,2026-08-27 09:00:00,185
114630223|30|7,7,114630223,30,2026-05-03,1,1942,29,32,3,2967.3048,2967.3048,-2336.3899,0.0000,-78.737779,92.7283,102.3209,1.1034,0,1,406,1840692,A168_HF9F_20260827_0900,2026-08-27 09:00:00,185
114630223|31|7,7,114630223,31,2026-05-03,1,1942,32,36,4,2005.7016,1988.4751,448.4455,5.7557,22.552229,55.7139,62.6782,1.1250,1,1,496,1840693,A168_HF9F_20260827_0900,2026-08-27 09:00:00,185
114630223|32|7,7,114630223,32,2026-05-03,1,1942,31,37,6,5120.8716,5120.8716,-1938.0778,8.5883,-37.846640,138.4019,165.1894,1.1935,0,1,465,1840694,A168_HF9F_20260827_0900,2026-08-27 09:00:00,185
114630223|33|7,7,114630223,33,2026-05-03,1,925,33,38,7,4935.1606,4935.1606,-4503.5193,0.0000,-91.253753,129.8726,149.5503,1.1515,0,1,528,1840695,A168_HF9F_20260827_0900,2026-08-27 09:00:00,185
114630223|34|7,7,114630223,34,2026-05-03,1,925,36,42,6,4282.0489,4282.0489,-1944.9909,0.0000,-45.421969,101.9535,118.9458,1.1667,0,1,630,1840696,A168_HF9F_20260827_0900,2026-08-27 09:00:00,185
114630223|35|7,7,114630223,35,2026-05-03,1,925,40,50,9,5051.3206,5051.3206,-1748.9862,0.0000,-34.624335,101.0264,126.2830,1.2500,0,1,780,1840697,A168_HF9F_20260827_0900,2026-08-27 09:00:00,185
114630223|36|7,7,114630223,36,2026-05-03,1,925,38,56,10,5506.2352,5506.2352,-1717.5117,0.7058,-31.192124,98.3256,144.9009,1.4737,0,1,703,1840698,A168_HF9F_20260827_0900,2026-08-27 09:00:00,185
114630223|37|7,7,114630223,37,2026-05-03,1,925,45,59,10,8331.2506,8331.2506,-512.4395,5.8733,-6.150812,141.2076,185.1389,1.3111,0,1,990,1840699,A168_HF9F_20260827_0900,2026-08-27 09:00:00,185
114630223|38|7,7,114630223,38,2026-05-03,1,925,47,61,10,10688.5473,10688.5473,1867.5015,0.5041,17.471986,175.2221,227.4159,1.2979,0,1,1081,1840700,A168_HF9F_20260827_0900,2026-08-27 09:00:00,185
114630223|39|7,7,114630223,39,2026-05-03,1,925,46,58,10,8561.8565,8561.8565,1687.9303,0.0000,19.714537,147.6182,186.1273,1.2609,0,1,1035,1840701,A168_HF9F_20260827_0900,2026-08-27 09:00:00,185
114630223|4|7,7,114630223,4,2026-05-03,1,1942,2,2,1,34.1039,34.1039,34.1039,0.0000,100.000000,17.0519,17.0519,1.0000,0,1,1,1840702,A168_HF9F_20260827_0900,2026-08-27 09:00:00,185
114630223|40|7,7,114630223,40,2026-05-03,1,925,22,32,10,5141.7781,5141.7781,-3919.7435,0.0000,-76.233229,160.6806,233.7172,1.4545,0,1,231,1840703,A168_HF9F_20260827_0900,2026-08-27 09:00:00,185
114630223|41|7,7,114630223,41,2026-05-03,1,925,25,40,8,3603.4923,3603.4923,-2557.7033,0.0000,-70.978457,90.0873,144.1397,1.6000,0,1,300,1840704,A168_HF9F_20260827_0900,2026-08-27 09:00:00,185
114630223|42|7,7,114630223,42,2026-05-03,1,925,24,30,7,2633.9103,2633.9103,-1976.0885,0.0000,-75.024896,87.7970,109.7463,1.2500,0,1,276,1840705,A168_HF9F_20260827_0900,2026-08-27 09:00:00,185
114630223|43|7,7,114630223,43,2026-05-03,1,925,24,31,7,3926.0702,3926.0702,3425.5555,0.0000,87.251511,126.6474,163.5863,1.2917,0,1,276,1840706,A168_HF9F_20260827_0900,2026-08-27 09:00:00,185
114630223|44|7,7,114630223,44,2026-05-03,1,925,23,29,8,4647.3780,4647.3780,-3645.9194,0.0000,-78.451106,160.2544,202.0599,1.2609,0,1,253,1840707,A168_HF9F_20260827_0900,2026-08-27 09:00:00,185
114630223|45|7,7,114630223,45,2026-05-03,1,925,20,24,6,2276.5502,136.7989,136.7989,0.0000,100.000000,94.8563,113.8275,1.2000,20,1,190,1840708,A168_HF9F_20260827_0900,2026-08-27 09:00:00,185
114630223|46|7,7,114630223,46,2026-05-03,1,925,21,26,7,4369.2238,4369.2238,4123.4457,0.0000,94.374788,168.0471,208.0583,1.2381,0,1,210,1840709,A168_HF9F_20260827_0900,2026-08-27 09:00:00,185
114630223|47|7,7,114630223,47,2026-05-03,1,925,22,27,7,4635.0939,4635.0939,-5116.3413,0.0000,-110.382689,171.6701,210.6861,1.2273,0,1,231,1840710,A168_HF9F_20260827_0900,2026-08-27 09:00:00,185
114630223|5|7,7,114630223,5,2026-05-03,1,1942,4,4,2,427.6151,427.6151,-355.9457,0.0000,-83.239722,106.9038,106.9038,1.0000,0,1,6,1840711,A168_HF9F_20260827_0900,2026-08-27 09:00:00,185
114630223|6|7,7,114630223,6,2026-05-03,1,1942,3,3,2,1006.9200,0.0000,0.0000,0.0000,,335.6400,335.6400,1.0000,3,1,3,1840712,A168_HF9F_20260827_0900,2026-08-27 09:00:00,185
114630223|7|7,7,114630223,7,2026-05-03,1,1942,7,7,2,618.1563,618.1563,-531.4597,0.0000,-85.974976,88.3080,88.3080,1.0000,0,1,21,1840713,A168_HF9F_20260827_0900,2026-08-27 09:00:00,185
114630223|8|7,7,114630223,8,2026-05-03,1,1942,10,10,2,1353.6865,0.0000,0.0000,0.0000,,135.3687,135.3687,1.0000,10,1,45,1840714,A168_HF9F_20260827_0900,2026-08-27 09:00:00,185
114630223|9|7,7,114630223,9,2026-05-03,1,1942,5,5,2,210.6970,210.6970,145.1576,0.0000,68.894028,42.1394,42.1394,1.0000,0,1,10,1840715,A168_HF9F_20260827_0900,2026-08-27 09:00:00,185
114630243|1|7,7,114630243,1,2026-05-03,1,925,1,1,1,2.5946,2.5946,-2.5946,0.0000,-100.000000,2.5946,2.5946,1.0000,0,0,0,1840716,A168_HF9F_20260827_0900,2026-08-27 09:00:00,185
114630243|10|7,7,114630243,10,2026-05-03,1,925,9,14,6,378.8277,344.3746,270.8306,0.2353,78.644197,27.0591,42.0920,1.5556,1,1,36,1840717,A168_HF9F_20260827_0900,2026-08-27 09:00:00,185
114630243|11|7,7,114630243,11,2026-05-03,1,925,9,11,4,1049.9005,1049.9005,963.1219,0.0840,91.734588,95.4455,116.6556,1.2222,0,1,36,1840718,A168_HF9F_20260827_0900,2026-08-27 09:00:00,185
114630243|12|7,7,114630243,12,2026-05-03,1,925,11,12,3,645.4459,645.4459,-102.8914,0.2017,-15.941138,53.7872,58.6769,1.0909,0,1,55,1840719,A168_HF9F_20260827_0900,2026-08-27 09:00:00,185
114630243|13|7,7,114630243,13,2026-05-03,1,925,18,20,4,898.7277,898.7277,-547.8457,0.5041,-60.957921,44.9364,49.9293,1.1111,0,1,153,1840720,A168_HF9F_20260827_0900,2026-08-27 09:00:00,185
114630243|14|7,7,114630243,14,2026-05-03,1,925,40,50,8,3682.5347,45.5971,-115.6820,0.0504,-253.704701,73.6507,92.0634,1.2500,40,1,780,1840721,A168_HF9F_20260827_0900,2026-08-27 09:00:00,185
114630243|15|7,7,114630243,15,2026-05-03,1,1485,31,48,7,2300.9987,2300.9987,-1014.7453,0.6218,-44.100214,47.9375,74.2258,1.5484,0,1,465,1840722,A168_HF9F_20260827_0900,2026-08-27 09:00:00,185
114630243|16|7,7,114630243,16,2026-05-03,1,1485,39,55,8,3173.7708,84.7653,-108.7561,0.0000,-128.302583,57.7049,81.3787,1.4103,39,1,741,1840723,A168_HF9F_20260827_0900,2026-08-27 09:00:00,185
114630243|17|7,7,114630243,17,2026-05-03,1,1485,48,66,8,3456.9717,3456.9717,1884.0797,0.5260,54.500871,52.3784,72.0202,1.3750,0,1,1128,1840724,A168_HF9F_20260827_0900,2026-08-27 09:00:00,185
114630243|18|7,7,114630243,18,2026-05-03,1,1485,24,33,6,1206.5790,1206.5790,97.0585,0.0000,8.044110,36.5630,50.2741,1.3750,0,1,276,1840725,A168_HF9F_20260827_0900,2026-08-27 09:00:00,185
114630243|19|7,7,114630243,19,2026-05-03,1,1485,27,31,5,1245.5667,66.8050,-458.8174,0.0000,-686.801352,40.1796,46.1321,1.1481,26,1,351,1840726,A168_HF9F_20260827_0900,2026-08-27 09:00:00,185
114630243|2|7,7,114630243,2,2026-05-03,1,925,5,6,3,272.8374,272.8374,188.4912,0.0000,69.085544,45.4729,54.5675,1.2000,0,1,10,1840727,A168_HF9F_20260827_0900,2026-08-27 09:00:00,185
114630243|20|7,7,114630243,20,2026-05-03,1,1485,32,40,6,1542.4456,1542.4456,259.6869,0.0000,16.836046,38.5611,48.2014,1.2500,0,1,496,1840728,A168_HF9F_20260827_0900,2026-08-27 09:00:00,185
114630243|21|7,7,114630243,21,2026-05-03,1,1485,31,35,7,1833.5493,1833.5493,189.1325,0.1680,10.315102,52.3871,59.1468,1.1290,0,1,465,1840729,A168_HF9F_20260827_0900,2026-08-27 09:00:00,185
114630243|22|7,7,114630243,22,2026-05-03,1,1485,40,47,5,3179.8030,80.6922,-487.1868,0.0000,-603.759142,67.6554,79.4951,1.1750,40,1,780,1840730,A168_HF9F_20260827_0900,2026-08-27 09:00:00,185
114630243|23|7,7,114630243,23,2026-05-03,1,1485,39,57,8,2820.7765,2820.7765,609.6191,0.0000,21.611747,49.4873,72.3276,1.4615,0,1,741,1840731,A168_HF9F_20260827_0900,2026-08-27 09:00:00,185
114630243|24|7,7,114630243,24,2026-05-03,1,1485,38,47,6,1736.2236,1736.2236,-520.0685,0.2571,-29.954008,36.9409,45.6901,1.2368,0,1,703,1840732,A168_HF9F_20260827_0900,2026-08-27 09:00:00,185
114630243|25|7,7,114630243,25,2026-05-03,1,1485,40,54,7,1533.9130,1533.9130,416.3481,0.3059,27.142875,28.4058,38.3478,1.3500,0,1,780,1840733,A168_HF9F_20260827_0900,2026-08-27 09:00:00,185
114630243|26|7,7,114630243,26,2026-05-03,1,1485,32,39,6,1856.2213,1856.2213,-1123.5810,4.8642,-60.530553,47.5954,58.0069,1.2188,0,1,496,1840734,A168_HF9F_20260827_0900,2026-08-27 09:00:00,185
114630243|27|7,7,114630243,27,2026-05-03,1,1485,31,34,4,2397.2865,2397.2865,1959.1766,5.8397,81.724755,70.5084,77.3318,1.0968,0,1,465,1840735,A168_HF9F_20260827_0900,2026-08-27 09:00:00,185
114630243|28|7,7,114630243,28,2026-05-03,1,1485,23,24,4,3469.3830,3469.3830,2154.4118,0.2017,62.097839,144.5576,150.8427,1.0435,0,1,253,1840736,A168_HF9F_20260827_0900,2026-08-27 09:00:00,185
114630243|29|7,7,114630243,29,2026-05-03,1,1485,25,28,6,945.7647,945.7647,686.3012,0.3059,72.565750,33.7773,37.8306,1.1200,0,1,300,1840737,A168_HF9F_20260827_0900,2026-08-27 09:00:00,185
114630243|3|7,7,114630243,3,2026-05-03,1,925,4,5,3,185.9559,185.9559,110.0647,0.0000,59.188592,37.1912,46.4890,1.2500,0,1,6,1840738,A168_HF9F_20260827_0900,2026-08-27 09:00:00,185
114630243|30|7,7,114630243,30,2026-05-03,1,1485,23,26,4,1331.4412,1331.4412,-772.4206,0.1680,-58.013872,51.2093,57.8887,1.1304,0,1,253,1840739,A168_HF9F_20260827_0900,2026-08-27 09:00:00,185
114630243|31|7,7,114630243,31,2026-05-03,1,1485,27,33,7,1249.3836,1249.3836,-801.3078,0.2521,-64.136250,37.8601,46.2735,1.2222,0,1,351,1840740,A168_HF9F_20260827_0900,2026-08-27 09:00:00,185
114630243|32|7,7,114630243,32,2026-05-03,1,1485,19,28,9,943.3465,943.3465,817.8140,0.1680,86.692854,33.6909,49.6498,1.4737,0,1,171,1840741,A168_HF9F_20260827_0900,2026-08-27 09:00:00,185
114630243|33|7,7,114630243,33,2026-05-03,1,1485,21,26,7,997.8191,25.2074,-97.6788,0.0000,-387.500000,38.3777,47.5152,1.2381,20,1,210,1840742,A168_HF9F_20260827_0900,2026-08-27 09:00:00,185
114630243|34|7,7,114630243,34,2026-05-03,1,1485,24,29,7,1887.3232,1887.3232,17.6143,0.1680,0.933297,65.0801,78.6385,1.2083,0,1,276,1840743,A168_HF9F_20260827_0900,2026-08-27 09:00:00,185
114630243|35|7,7,114630243,35,2026-05-03,1,1485,16,16,2,660.4233,660.4233,-95.0484,0.1680,-14.392040,41.2765,41.2765,1.0000,0,1,120,1840744,A168_HF9F_20260827_0900,2026-08-27 09:00:00,185
114630243|36|7,7,114630243,36,2026-05-03,1,1485,22,26,6,1111.6981,1111.6981,-504.1746,0.8571,-45.351759,42.7576,50.5317,1.1818,0,1,231,1840745,A168_HF9F_20260827_0900,2026-08-27 09:00:00,185
114630243|37|7,7,114630243,37,2026-05-03,1,1485,29,39,7,5310.0762,5289.0700,4800.5310,0.4437,90.763234,136.1558,183.1061,1.3448,1,1,406,1840746,A168_HF9F_20260827_0900,2026-08-27 09:00:00,185
114630243|38|7,7,114630243,38,2026-05-03,1,1485,21,27,7,978.3617,978.3617,538.3747,0.1680,55.028187,36.2356,46.5887,1.2857,0,1,210,1840747,A168_HF9F_20260827_0900,2026-08-27 09:00:00,185
114630243|39|7,7,114630243,39,2026-05-03,1,1485,20,24,4,846.8491,846.8491,442.7496,0.1680,52.281991,35.2854,42.3425,1.2000,0,1,190,1840748,A168_HF9F_20260827_0900,2026-08-27 09:00:00,185
114630243|4|7,7,114630243,4,2026-05-03,1,925,5,5,2,497.2025,497.2025,437.2025,0.0000,87.932482,99.4405,99.4405,1.0000,0,1,10,1840749,A168_HF9F_20260827_0900,2026-08-27 09:00:00,185
114630243|40|7,7,114630243,40,2026-05-03,1,1485,19,27,7,1475.9814,1475.9814,-488.2954,0.1176,-33.082758,54.6660,77.6832,1.4211,0,1,171,1840750,A168_HF9F_20260827_0900,2026-08-27 09:00:00,185
114630243|41|7,7,114630243,41,2026-05-03,1,1485,15,16,5,1017.0024,1017.0024,512.6053,0.1680,50.403548,63.5626,67.8002,1.0667,0,1,105,1840751,A168_HF9F_20260827_0900,2026-08-27 09:00:00,185
114630243|42|7,7,114630243,42,2026-05-03,1,1485,19,23,4,579.9893,571.5869,-308.6986,0.2370,-54.007299,25.2169,30.5258,1.2105,1,1,171,1840752,A168_HF9F_20260827_0900,2026-08-27 09:00:00,185
114630243|43|7,7,114630243,43,2026-05-03,1,1485,18,19,4,499.4153,499.4153,-244.2968,0.1680,-48.916562,26.2850,27.7453,1.0556,0,1,153,1840753,A168_HF9F_20260827_0900,2026-08-27 09:00:00,185
114630243|44|7,7,114630243,44,2026-05-03,1,1485,23,27,7,1200.1197,1200.1197,440.8830,0.3059,36.736588,44.4489,52.1791,1.1739,0,1,253,1840754,A168_HF9F_20260827_0900,2026-08-27 09:00:00,185
114630243|45|7,7,114630243,45,2026-05-03,1,1942,15,21,7,936.6439,111.6285,-543.7648,0.0000,-487.120054,44.6021,62.4429,1.4000,13,1,105,1840755,A168_HF9F_20260827_0900,2026-08-27 09:00:00,185
114630243|46|7,7,114630243,46,2026-05-03,1,1942,14,21,7,1541.1204,1541.1204,-148.5491,0.0000,-9.639032,73.3867,110.0800,1.5000,0,1,91,1840756,A168_HF9F_20260827_0900,2026-08-27 09:00:00,185
114630243|47|7,7,114630243,47,2026-05-03,1,1942,14,14,4,413.7349,32.6037,-80.8297,0.0000,-247.915727,29.5525,29.5525,1.0000,11,1,91,1840757,A168_HF9F_20260827_0900,2026-08-27 09:00:00,185
114630243|5|7,7,114630243,5,2026-05-03,1,925,9,13,6,904.2715,904.2715,650.4271,1.7227,71.928302,69.5593,100.4746,1.4444,0,1,36,1840758,A168_HF9F_20260827_0900,2026-08-27 09:00:00,185
114630243|6|7,7,114630243,6,2026-05-03,1,925,6,7,3,220.8704,220.8704,-173.9050,0.0000,-78.736229,31.5529,36.8117,1.1667,0,1,15,1840759,A168_HF9F_20260827_0900,2026-08-27 09:00:00,185
114630243|7|7,7,114630243,7,2026-05-03,1,925,3,5,3,111.5666,111.5666,111.5666,0.0000,100.000000,22.3133,37.1889,1.6667,0,1,3,1840760,A168_HF9F_20260827_0900,2026-08-27 09:00:00,185
114630243|8|7,7,114630243,8,2026-05-03,1,925,8,10,4,369.4208,369.4208,227.5138,0.0000,61.586620,36.9421,46.1776,1.2500,0,1,28,1840761,A168_HF9F_20260827_0900,2026-08-27 09:00:00,185
114630243|9|7,7,114630243,9,2026-05-03,1,925,6,6,2,163.6706,0.0000,0.0000,0.0000,,27.2784,27.2784,1.0000,6,1,15,1840762,A168_HF9F_20260827_0900,2026-08-27 09:00:00,185
114630266|1|7,7,114630266,1,2026-05-03,1,1942,2,2,2,10.3783,10.3783,5.3189,0.0000,51.250000,5.1891,5.1891,1.0000,0,1,1,1840763,A168_HF9F_20260827_0900,2026-08-27 09:00:00,185
114630266|10|7,7,114630266,10,2026-05-03,1,1942,15,20,5,540.3184,531.6675,16.9822,0.0000,3.194133,27.0159,36.0212,1.3333,2,1,105,1840764,A168_HF9F_20260827_0900,2026-08-27 09:00:00,185
114630266|11|7,7,114630266,11,2026-05-03,1,1942,17,18,3,875.1919,875.1919,-192.0911,0.1277,-21.948460,48.6218,51.4819,1.0588,0,1,136,1840765,A168_HF9F_20260827_0900,2026-08-27 09:00:00,185
114630266|12|7,7,114630266,12,2026-05-03,1,1942,15,18,5,872.9379,872.9379,-607.9996,0.0000,-69.649817,48.4965,58.1959,1.2000,0,1,105,1840766,A168_HF9F_20260827_0900,2026-08-27 09:00:00,185
114630266|13|7,7,114630266,13,2026-05-03,1,1942,18,22,5,1658.4850,1658.4850,-1224.6973,0.0168,-73.844342,75.3857,92.1381,1.2222,0,1,153,1840767,A168_HF9F_20260827_0900,2026-08-27 09:00:00,185
114630266|14|7,7,114630266,14,2026-05-03,1,1942,21,28,5,2251.6483,2251.6483,259.7601,7.8561,11.536441,80.4160,107.2213,1.3333,0,1,210,1840768,A168_HF9F_20260827_0900,2026-08-27 09:00:00,185
114630266|15|7,7,114630266,15,2026-05-03,1,1942,18,23,5,2336.3233,2336.3233,578.3500,13.0719,24.754706,101.5793,129.7957,1.2778,0,1,153,1840769,A168_HF9F_20260827_0900,2026-08-27 09:00:00,185
114630266|16|7,7,114630266,16,2026-05-03,1,1942,19,19,2,4609.4275,4609.4275,-1136.7166,23.5684,-24.660690,242.6014,242.6014,1.0000,0,1,171,1840770,A168_HF9F_20260827_0900,2026-08-27 09:00:00,185
114630266|17|7,7,114630266,17,2026-05-03,1,1942,12,12,2,2071.2015,2071.2015,1351.7558,15.3741,65.264327,172.6001,172.6001,1.0000,0,1,66,1840771,A168_HF9F_20260827_0900,2026-08-27 09:00:00,185
114630266|18|7,7,114630266,18,2026-05-03,1,1942,18,19,3,3876.5677,3876.5677,530.2685,21.6878,13.678815,204.0299,215.3649,1.0556,0,1,153,1840772,A168_HF9F_20260827_0900,2026-08-27 09:00:00,185
114630266|19|7,7,114630266,19,2026-05-03,1,1942,22,23,3,7801.4684,7749.3678,3172.4154,42.8819,40.937733,339.1943,354.6122,1.0455,0,1,231,1840773,A168_HF9F_20260827_0900,2026-08-27 09:00:00,185
114630266|2|7,7,114630266,2,2026-05-03,1,1942,6,8,4,166.6141,166.6141,106.6141,0.0000,63.988644,20.8268,27.7690,1.3333,0,1,15,1840774,A168_HF9F_20260827_0900,2026-08-27 09:00:00,185
114630266|20|7,7,114630266,20,2026-05-03,1,1942,29,34,7,4810.0567,4810.0567,-2573.4225,23.3038,-53.500876,141.4723,165.8640,1.1724,0,1,406,1840775,A168_HF9F_20260827_0900,2026-08-27 09:00:00,185
114630266|21|7,7,114630266,21,2026-05-03,1,1942,38,41,6,3191.5751,2645.9106,-289.0439,8.9801,-10.924176,77.8433,83.9888,1.0789,0,1,703,1840776,A168_HF9F_20260827_0900,2026-08-27 09:00:00,185
114630266|22|7,7,114630266,22,2026-05-03,1,1942,32,35,4,7621.1837,7050.3779,2109.5034,43.3533,29.920430,217.7481,238.1620,1.0938,1,1,496,1840777,A168_HF9F_20260827_0900,2026-08-27 09:00:00,185
114630266|23|7,7,114630266,23,2026-05-03,1,1942,23,27,5,6420.1208,6420.1208,-1777.0485,43.5327,-27.679363,237.7823,279.1357,1.1739,0,1,253,1840778,A168_HF9F_20260827_0900,2026-08-27 09:00:00,185
114630266|24|7,7,114630266,24,2026-05-03,1,1942,25,27,4,10551.3870,10291.9298,8467.5649,66.8432,82.273830,390.7921,422.0555,1.0800,1,1,300,1840779,A168_HF9F_20260827_0900,2026-08-27 09:00:00,185
114630266|25|7,7,114630266,25,2026-05-03,1,1942,21,23,4,12365.1314,12314.4579,1856.7159,90.4956,15.077529,537.6144,588.8158,1.0952,0,1,210,1840780,A168_HF9F_20260827_0900,2026-08-27 09:00:00,185
114630266|26|7,7,114630266,26,2026-05-03,1,2129,22,24,4,16485.5005,16485.5005,15817.9359,94.7779,95.950595,686.8959,749.3409,1.0909,0,1,231,1840781,A168_HF9F_20260827_0900,2026-08-27 09:00:00,185
114630266|27|7,7,114630266,27,2026-05-03,1,2129,30,36,6,2884.3729,2313.5670,-593.1615,3.1761,-25.638399,80.1215,96.1458,1.2000,1,1,435,1840782,A168_HF9F_20260827_0900,2026-08-27 09:00:00,185
114630266|28|7,7,114630266,28,2026-05-03,1,2129,18,26,8,1424.9876,1424.9876,-499.5499,7.2050,-35.056436,54.8072,79.1660,1.4444,0,1,153,1840783,A168_HF9F_20260827_0900,2026-08-27 09:00:00,185
114630266|29|7,7,114630266,29,2026-05-03,1,2129,17,21,5,2755.5033,1769.5659,1067.6564,2.4745,60.334368,131.2144,162.0884,1.2353,1,1,136,1840784,A168_HF9F_20260827_0900,2026-08-27 09:00:00,185
114630266|3|7,7,114630266,3,2026-05-03,1,1942,3,3,2,45.8386,45.8386,-38.4873,0.0000,-83.962543,15.2795,15.2795,1.0000,0,1,3,1840785,A168_HF9F_20260827_0900,2026-08-27 09:00:00,185
114630266|30|7,7,114630266,30,2026-05-03,1,2129,18,25,7,2360.4079,2360.4079,610.8550,12.6371,25.879213,94.4163,131.1338,1.3889,0,1,153,1840786,A168_HF9F_20260827_0900,2026-08-27 09:00:00,185
114630266|31|7,7,114630266,31,2026-05-03,1,2129,21,34,8,1102.0751,1102.0751,574.5021,0.7394,52.129122,32.4140,52.4798,1.6190,0,1,210,1840787,A168_HF9F_20260827_0900,2026-08-27 09:00:00,185
114630266|32|7,7,114630266,32,2026-05-03,1,2129,29,41,8,3508.3679,2377.1344,-1693.9795,0.5714,-71.261408,85.5699,120.9782,1.4138,1,1,406,1840788,A168_HF9F_20260827_0900,2026-08-27 09:00:00,185
114630266|33|7,7,114630266,33,2026-05-03,1,2129,30,38,7,2282.0183,221.0498,-692.5686,0.0000,-313.308838,60.0531,76.0673,1.2667,26,1,435,1840789,A168_HF9F_20260827_0900,2026-08-27 09:00:00,185
114630266|34|7,7,114630266,34,2026-05-03,1,2129,28,38,8,1149.6155,1143.3137,48.1394,0.0336,4.210520,30.2530,41.0577,1.3571,1,1,378,1840790,A168_HF9F_20260827_0900,2026-08-27 09:00:00,185
114630266|35|7,7,114630266,35,2026-05-03,1,2129,36,47,6,1944.0639,1944.0639,108.9333,0.0672,5.603379,41.3631,54.0018,1.3056,0,1,630,1840791,A168_HF9F_20260827_0900,2026-08-27 09:00:00,185
114630266|36|7,7,114630266,36,2026-05-03,1,2129,15,19,6,413.3212,413.3212,-13.0071,0.0000,-3.146962,21.7537,27.5547,1.2667,0,1,105,1840792,A168_HF9F_20260827_0900,2026-08-27 09:00:00,185
114630266|37|7,7,114630266,37,2026-05-03,1,2129,18,22,6,1013.5537,1013.5537,-538.0762,0.0000,-53.088077,46.0706,56.3085,1.2222,0,1,153,1840793,A168_HF9F_20260827_0900,2026-08-27 09:00:00,185
114630266|38|7,7,114630266,38,2026-05-03,1,2129,17,24,8,1106.2026,1106.2026,616.4767,0.0000,55.729096,46.0918,65.0707,1.4118,0,1,136,1840794,A168_HF9F_20260827_0900,2026-08-27 09:00:00,185
114630266|39|7,7,114630266,39,2026-05-03,1,2129,18,28,8,1245.8714,1168.0342,842.7979,0.0000,72.155244,44.4954,69.2151,1.5556,1,1,153,1840795,A168_HF9F_20260827_0900,2026-08-27 09:00:00,185
114630266|4|7,7,114630266,4,2026-05-03,1,1942,5,7,4,115.8920,115.8920,110.8326,0.0000,95.634372,16.5560,23.1784,1.4000,0,1,10,1840796,A168_HF9F_20260827_0900,2026-08-27 09:00:00,185
114630266|40|7,7,114630266,40,2026-05-03,1,2129,12,16,5,1915.8659,1291.0680,445.8213,1.6805,34.531200,119.7416,159.6555,1.3333,1,1,66,1840797,A168_HF9F_20260827_0900,2026-08-27 09:00:00,185
114630266|41|7,7,114630266,41,2026-05-03,1,2129,14,24,8,1147.6795,1139.2770,757.7584,0.0000,66.512222,47.8200,81.9771,1.7143,1,1,91,1840798,A168_HF9F_20260827_0900,2026-08-27 09:00:00,185
114630266|42|7,7,114630266,42,2026-05-03,1,2129,11,20,8,399.3379,399.3379,137.1016,0.0000,34.332231,19.9669,36.3034,1.8182,0,1,55,1840799,A168_HF9F_20260827_0900,2026-08-27 09:00:00,185
114630266|43|7,7,114630266,43,2026-05-03,1,2129,12,20,8,420.4500,420.4500,-74.2736,0.0000,-17.665261,21.0225,35.0375,1.6667,0,1,66,1840800,A168_HF9F_20260827_0900,2026-08-27 09:00:00,185
114630266|44|7,7,114630266,44,2026-05-03,1,2129,11,18,8,324.9620,324.9620,-19.6781,0.0000,-6.055507,18.0534,29.5420,1.6364,0,1,55,1840801,A168_HF9F_20260827_0900,2026-08-27 09:00:00,185
114630266|45|7,7,114630266,45,2026-05-03,1,2129,8,12,5,261.6680,261.6680,62.6693,0.0000,23.949937,21.8057,32.7085,1.5000,0,1,28,1840802,A168_HF9F_20260827_0900,2026-08-27 09:00:00,185
114630266|46|7,7,114630266,46,2026-05-03,1,2129,10,19,8,368.1867,368.1867,224.8194,0.0000,61.061249,19.3782,36.8187,1.9000,0,1,45,1840803,A168_HF9F_20260827_0900,2026-08-27 09:00:00,185
114630266|47|7,7,114630266,47,2026-05-03,1,2129,9,17,8,3568.1048,2506.6751,2291.0405,0.0000,91.397582,209.8885,396.4561,1.8889,2,1,36,1840804,A168_HF9F_20260827_0900,2026-08-27 09:00:00,185
114630266|48|7,7,114630266,48,2026-05-03,1,2129,16,24,8,5117.3910,5117.3910,2658.1240,30.0809,51.942953,213.2246,319.8369,1.5000,0,1,120,1840805,A168_HF9F_20260827_0900,2026-08-27 09:00:00,185
114630266|49|7,7,114630266,49,2026-05-03,1,2129,22,30,8,4173.7936,4173.7936,2464.6261,22.4766,59.050023,139.1265,189.7179,1.3636,0,1,231,1840806,A168_HF9F_20260827_0900,2026-08-27 09:00:00,185
114630266|5|7,7,114630266,5,2026-05-03,1,1942,7,9,4,898.8151,898.8151,-804.0949,0.0000,-89.461653,99.8683,128.4022,1.2857,0,1,21,1840807,A168_HF9F_20260827_0900,2026-08-27 09:00:00,185
114630266|6|7,7,114630266,6,2026-05-03,1,1942,4,6,4,118.2343,118.2343,113.0451,0.0000,95.611134,19.7057,29.5586,1.5000,0,1,6,1840808,A168_HF9F_20260827_0900,2026-08-27 09:00:00,185
114630266|7|7,7,114630266,7,2026-05-03,1,1942,6,9,5,248.6506,248.6506,-197.9676,0.0000,-79.616791,27.6278,41.4418,1.5000,0,1,15,1840809,A168_HF9F_20260827_0900,2026-08-27 09:00:00,185
114630266|8|7,7,114630266,8,2026-05-03,1,1942,10,12,4,311.9247,311.9247,-38.3315,0.0000,-12.288713,25.9937,31.1925,1.2000,0,1,45,1840810,A168_HF9F_20260827_0900,2026-08-27 09:00:00,185
114630266|9|7,7,114630266,9,2026-05-03,1,1942,19,26,6,1052.1575,77.4231,-79.3849,0.0000,-102.533895,40.4676,55.3767,1.3684,20,1,171,1840811,A168_HF9F_20260827_0900,2026-08-27 09:00:00,185
114630295|1|7,7,114630295,1,2026-05-03,1,2129,1,1,1,540.6808,270.3404,-270.3404,0.0000,-100.000000,540.6808,540.6808,1.0000,0,0,0,1840812,A168_HF9F_20260827_0900,2026-08-27 09:00:00,185
114630295|10|7,7,114630295,10,2026-05-03,1,2106,29,32,4,2488.3574,2488.3574,1585.3061,5.1465,63.708939,77.7612,85.8054,1.1034,0,1,406,1840813,A168_HF9F_20260827_0900,2026-08-27 09:00:00,185
114630295|11|7,7,114630295,11,2026-05-03,1,2106,23,30,8,2438.6162,299.1750,238.0127,0.0000,79.556347,81.2872,106.0268,1.3043,20,1,253,1840814,A168_HF9F_20260827_0900,2026-08-27 09:00:00,185
114630295|12|7,7,114630295,12,2026-05-03,1,2106,18,22,7,732.3047,620.3322,62.3403,0.0000,10.049500,33.2866,40.6836,1.2222,0,1,153,1840815,A168_HF9F_20260827_0900,2026-08-27 09:00:00,185
114630295|13|7,7,114630295,13,2026-05-03,1,2106,27,40,8,2017.0612,2017.0612,-1171.4202,0.7982,-58.075593,50.4265,74.7060,1.4815,0,1,351,1840816,A168_HF9F_20260827_0900,2026-08-27 09:00:00,185
114630295|14|7,7,114630295,14,2026-05-03,1,2106,25,32,8,936.9298,936.9298,-300.8479,0.3798,-32.109977,29.2791,37.4772,1.2800,0,1,300,1840817,A168_HF9F_20260827_0900,2026-08-27 09:00:00,185
114630295|15|7,7,114630295,15,2026-05-03,1,2106,26,37,8,2239.3072,2239.3072,-1412.6890,0.4773,-63.085987,60.5218,86.1272,1.4231,0,1,325,1840818,A168_HF9F_20260827_0900,2026-08-27 09:00:00,185
114630295|16|7,7,114630295,16,2026-05-03,1,2106,38,57,8,3749.6100,3749.6100,-2796.2448,0.1260,-74.574285,65.7826,98.6739,1.5000,0,1,703,1840819,A168_HF9F_20260827_0900,2026-08-27 09:00:00,185
114630295|17|7,7,114630295,17,2026-05-03,1,2106,64,89,8,5683.1071,5683.1071,-1350.1215,2.2681,-23.756750,63.8551,88.7985,1.3906,0,1,2016,1840820,A168_HF9F_20260827_0900,2026-08-27 09:00:00,185
114630295|18|7,7,114630295,18,2026-05-03,1,2106,62,90,8,7163.7929,246.8397,-782.6800,0.0168,-317.080322,79.5977,115.5450,1.4516,61,1,1891,1840821,A168_HF9F_20260827_0900,2026-08-27 09:00:00,185
114630295|19|7,7,114630295,19,2026-05-03,1,2106,73,105,8,7977.9057,7977.9057,-856.6950,16.3285,-10.738344,75.9801,109.2864,1.4384,0,1,2628,1840822,A168_HF9F_20260827_0900,2026-08-27 09:00:00,185
114630295|2|7,7,114630295,2,2026-05-03,1,2129,4,4,2,623.7846,623.7846,-590.9560,0.0000,-94.737182,155.9462,155.9462,1.0000,0,1,6,1840823,A168_HF9F_20260827_0900,2026-08-27 09:00:00,185
114630295|20|7,7,114630295,20,2026-05-03,1,2106,86,129,8,10059.2425,10059.2425,-4594.5349,3.2281,-45.674760,77.9786,116.9679,1.5000,0,1,3655,1840824,A168_HF9F_20260827_0900,2026-08-27 09:00:00,185
114630295|21|7,7,114630295,21,2026-05-03,1,2106,90,126,10,11428.6435,11402.6977,-2153.2588,19.9008,-18.883766,90.7035,126.9849,1.4000,2,1,4005,1840825,A168_HF9F_20260827_0900,2026-08-27 09:00:00,185
114630295|22|7,7,114630295,22,2026-05-03,1,2106,88,116,10,13317.4754,13317.4754,3715.8877,20.3514,27.902343,114.8058,151.3349,1.3182,0,1,3828,1840826,A168_HF9F_20260827_0900,2026-08-27 09:00:00,185
114630295|23|7,7,114630295,23,2026-05-03,1,2106,60,89,9,5633.1775,5633.1775,-2355.5394,10.2510,-41.815465,63.2941,93.8863,1.4833,0,1,1770,1840827,A168_HF9F_20260827_0900,2026-08-27 09:00:00,185
114630295|24|7,7,114630295,24,2026-05-03,1,2106,70,98,9,7658.1921,7658.1921,5861.4221,12.6037,76.537935,78.1448,109.4027,1.4000,0,1,2415,1840828,A168_HF9F_20260827_0900,2026-08-27 09:00:00,185
114630295|25|7,7,114630295,25,2026-05-03,1,2106,56,85,8,6655.3573,318.9241,-1078.7038,0.0840,-338.232141,78.2983,118.8457,1.5179,54,1,1540,1840829,A168_HF9F_20260827_0900,2026-08-27 09:00:00,185
114630295|26|7,7,114630295,26,2026-05-03,1,2106,53,82,8,6668.2966,6668.2966,-471.9204,14.8052,-7.077076,81.3207,125.8169,1.5472,0,1,1378,1840830,A168_HF9F_20260827_0900,2026-08-27 09:00:00,185
114630295|27|7,7,114630295,27,2026-05-03,1,2106,64,85,8,5957.1270,5957.1270,911.0326,12.5197,15.293155,70.0838,93.0801,1.3281,0,1,2016,1840831,A168_HF9F_20260827_0900,2026-08-27 09:00:00,185
114630295|28|7,7,114630295,28,2026-05-03,1,2106,56,76,8,3394.3135,3394.3135,-1733.9990,1.2436,-51.085411,44.6620,60.6127,1.3571,0,1,1540,1840832,A168_HF9F_20260827_0900,2026-08-27 09:00:00,185
114630295|29|7,7,114630295,29,2026-05-03,1,2106,55,73,8,3624.5207,3624.5207,1185.6898,0.9579,32.713010,49.6510,65.9004,1.3273,0,1,1485,1840833,A168_HF9F_20260827_0900,2026-08-27 09:00:00,185
114630295|3|7,7,114630295,3,2026-05-03,1,2129,5,6,2,2041.8275,2041.8275,-1951.9722,0.0000,-95.599268,340.3046,408.3655,1.2000,0,1,10,1840834,A168_HF9F_20260827_0900,2026-08-27 09:00:00,185
114630295|30|7,7,114630295,30,2026-05-03,1,2106,48,66,8,3634.9494,3634.9494,1551.8124,2.1275,42.691446,55.0750,75.7281,1.3750,0,1,1128,1840835,A168_HF9F_20260827_0900,2026-08-27 09:00:00,185
114630295|31|7,7,114630295,31,2026-05-03,1,2106,43,67,8,5912.7082,5912.7082,3991.6303,1.0083,67.509341,88.2494,137.5048,1.5581,0,1,903,1840836,A168_HF9F_20260827_0900,2026-08-27 09:00:00,185
114630295|32|7,7,114630295,32,2026-05-03,1,2106,33,48,8,2025.6691,2025.6691,864.8385,0.0000,42.693965,42.2014,61.3839,1.4545,0,1,528,1840837,A168_HF9F_20260827_0900,2026-08-27 09:00:00,185
114630295|33|7,7,114630295,33,2026-05-03,1,2106,32,39,8,1753.3389,1753.3389,-24.3312,0.6722,-1.387709,44.9574,54.7918,1.2188,0,1,496,1840838,A168_HF9F_20260827_0900,2026-08-27 09:00:00,185
114630295|34|7,7,114630295,34,2026-05-03,1,2106,23,31,5,1266.1296,1266.1296,-927.2211,0.1680,-73.232717,40.8429,55.0491,1.3478,0,1,253,1840839,A168_HF9F_20260827_0900,2026-08-27 09:00:00,185
114630295|35|7,7,114630295,35,2026-05-03,1,2106,29,38,7,3168.5837,3131.4537,-384.0483,0.0000,-12.264217,83.3838,109.2615,1.3103,0,1,406,1840840,A168_HF9F_20260827_0900,2026-08-27 09:00:00,185
114630295|36|7,7,114630295,36,2026-05-03,1,2160,33,40,6,3925.0695,3925.0695,1743.3671,0.3865,44.416210,98.1267,118.9415,1.2121,0,1,528,1840841,A168_HF9F_20260827_0900,2026-08-27 09:00:00,185
114630295|37|7,7,114630295,37,2026-05-03,1,2160,31,40,5,1692.9083,1692.9083,-730.0118,0.4705,-43.121754,42.3227,54.6099,1.2903,0,1,465,1840842,A168_HF9F_20260827_0900,2026-08-27 09:00:00,185
114630295|38|7,7,114630295,38,2026-05-03,1,2160,37,55,8,2923.3570,2923.3570,-1573.7590,0.3697,-53.833965,53.1519,79.0096,1.4865,0,1,666,1840843,A168_HF9F_20260827_0900,2026-08-27 09:00:00,185
114630295|39|7,7,114630295,39,2026-05-03,1,2160,41,53,5,2751.1936,2751.1936,-751.9145,0.7394,-27.330482,51.9093,67.1023,1.2927,0,1,820,1840844,A168_HF9F_20260827_0900,2026-08-27 09:00:00,185
114630295|4|7,7,114630295,4,2026-05-03,1,2129,7,7,2,2283.7176,2283.7176,-1963.9588,0.0000,-85.998318,326.2454,326.2454,1.0000,0,1,21,1840845,A168_HF9F_20260827_0900,2026-08-27 09:00:00,185
114630295|40|7,7,114630295,40,2026-05-03,1,2160,58,73,7,3979.5494,159.5186,-647.0119,0.1344,-405.602908,54.5144,68.6129,1.2586,57,1,1653,1840846,A168_HF9F_20260827_0900,2026-08-27 09:00:00,185
114630295|41|7,7,114630295,41,2026-05-03,1,2160,60,79,7,3606.4304,3532.3711,-2173.3844,0.8234,-61.527635,45.6510,60.1072,1.3167,0,1,1770,1840847,A168_HF9F_20260827_0900,2026-08-27 09:00:00,185
114630295|42|7,7,114630295,42,2026-05-03,1,2160,57,70,7,5568.9522,5568.9522,-103.8960,0.5714,-1.865629,79.5565,97.7009,1.2281,0,1,1596,1840848,A168_HF9F_20260827_0900,2026-08-27 09:00:00,185
114630295|43|7,7,114630295,43,2026-05-03,1,2160,32,36,4,2298.1947,2293.5415,-768.1985,0.6722,-33.493986,63.8387,71.8186,1.1250,0,1,496,1840849,A168_HF9F_20260827_0900,2026-08-27 09:00:00,185
114630295|44|7,7,114630295,44,2026-05-03,1,2160,28,36,5,2079.8753,2079.8753,-876.0627,0.0000,-42.120925,57.7743,74.2813,1.2857,0,1,378,1840850,A168_HF9F_20260827_0900,2026-08-27 09:00:00,185
114630295|45|7,7,114630295,45,2026-05-03,1,2160,32,46,7,1973.3835,1973.3835,1687.4023,0.0000,85.508081,42.8996,61.6682,1.4375,0,1,496,1840851,A168_HF9F_20260827_0900,2026-08-27 09:00:00,185
114630295|46|7,7,114630295,46,2026-05-03,1,2160,28,39,8,1660.9016,1660.9016,1222.5681,0.0000,73.608703,42.5872,59.3179,1.3929,0,1,378,1840852,A168_HF9F_20260827_0900,2026-08-27 09:00:00,185
114630295|47|7,7,114630295,47,2026-05-03,1,2160,37,59,8,3307.9385,3307.9385,1601.9204,0.0000,48.426547,56.0668,89.4037,1.5946,0,1,666,1840853,A168_HF9F_20260827_0900,2026-08-27 09:00:00,185
114630295|48|7,7,114630295,48,2026-05-03,1,2160,35,41,5,1839.9766,26.4518,-29.7033,0.0000,-112.292370,44.8775,52.5708,1.1714,35,1,595,1840854,A168_HF9F_20260827_0900,2026-08-27 09:00:00,185
114630295|49|7,7,114630295,49,2026-05-03,1,2160,34,41,7,1471.5097,1471.5097,-9.4469,0.0000,-0.641990,35.8905,43.2797,1.2059,0,1,561,1840855,A168_HF9F_20260827_0900,2026-08-27 09:00:00,185
114630295|5|7,7,114630295,5,2026-05-03,1,2129,30,31,3,2930.4518,2930.4518,-1588.2392,0.0336,-54.197758,94.5307,97.6817,1.0333,0,1,435,1840856,A168_HF9F_20260827_0900,2026-08-27 09:00:00,185
114630295|50|7,7,114630295,50,2026-05-03,1,2160,31,42,8,1706.9934,1706.9934,-291.6143,0.0000,-17.083504,40.6427,55.0643,1.3548,0,1,465,1840857,A168_HF9F_20260827_0900,2026-08-27 09:00:00,185
114630295|51|7,7,114630295,51,2026-05-03,1,2160,39,46,5,2480.2931,2480.2931,1969.7173,0.0672,79.414700,53.9194,63.5973,1.1795,0,1,741,1840858,A168_HF9F_20260827_0900,2026-08-27 09:00:00,185
114630295|6|7,7,114630295,6,2026-05-03,1,2106,46,51,4,3760.3495,3758.2489,2584.3591,0.2554,68.764980,73.7323,81.7467,1.1087,1,1,1035,1840859,A168_HF9F_20260827_0900,2026-08-27 09:00:00,185
114630295|7|7,7,114630295,7,2026-05-03,1,2106,12,15,5,666.9973,666.9973,249.7377,0.0000,37.442093,44.4665,55.5831,1.2500,0,1,66,1840860,A168_HF9F_20260827_0900,2026-08-27 09:00:00,185
114630295|8|7,7,114630295,8,2026-05-03,1,2106,17,22,6,804.1858,804.1858,139.0144,1.3444,17.286352,36.5539,47.3050,1.2941,0,1,136,1840861,A168_HF9F_20260827_0900,2026-08-27 09:00:00,185
114630295|9|7,7,114630295,9,2026-05-03,1,2106,19,24,4,2799.6420,2799.6420,-1128.6069,1.6805,-40.312543,116.6517,147.3496,1.2632,0,1,171,1840862,A168_HF9F_20260827_0900,2026-08-27 09:00:00,185
114630318|1|7,7,114630318,1,2026-05-03,1,2160,3,3,2,23.3511,0.0000,0.0000,0.0000,,7.7837,7.7837,1.0000,3,1,3,1840863,A168_HF9F_20260827_0900,2026-08-27 09:00:00,185
114630318|10|7,7,114630318,10,2026-05-03,1,2160,8,8,2,277.5284,277.5284,-191.3318,0.0000,-68.941336,34.6910,34.6910,1.0000,0,1,28,1840864,A168_HF9F_20260827_0900,2026-08-27 09:00:00,185
114630318|11|7,7,114630318,11,2026-05-03,1,2160,21,26,6,1127.9318,1127.9318,509.1898,0.0000,45.143670,43.3820,53.7110,1.2381,0,1,210,1840865,A168_HF9F_20260827_0900,2026-08-27 09:00:00,185
114630318|12|7,7,114630318,12,2026-05-03,1,2160,23,25,4,1618.0260,1618.0260,-1003.6339,0.4033,-62.028294,64.7210,70.3490,1.0870,0,1,253,1840866,A168_HF9F_20260827_0900,2026-08-27 09:00:00,185
114630318|13|7,7,114630318,13,2026-05-03,1,2160,23,28,6,6476.6634,6476.6634,-5629.9085,0.3361,-86.926062,231.3094,281.5941,1.2174,0,1,253,1840867,A168_HF9F_20260827_0900,2026-08-27 09:00:00,185
114630318|14|7,7,114630318,14,2026-05-03,1,2160,34,39,6,14373.6144,14368.4253,-13582.2563,0.9243,-94.528496,368.5542,422.7534,1.1471,1,1,561,1840868,A168_HF9F_20260827_0900,2026-08-27 09:00:00,185
114630318|15|7,7,114630318,15,2026-05-03,1,2160,36,46,7,11311.2311,11311.2311,10281.3683,0.5041,90.895219,245.8963,314.2009,1.2778,0,1,630,1840869,A168_HF9F_20260827_0900,2026-08-27 09:00:00,185
114630318|16|7,7,114630318,16,2026-05-03,1,2160,24,36,7,3545.3260,3545.3260,1153.2829,3.4575,32.529671,98.4813,147.7219,1.5000,0,1,276,1840870,A168_HF9F_20260827_0900,2026-08-27 09:00:00,185
114630318|17|7,7,114630318,17,2026-05-03,1,2160,17,18,3,962.5034,962.5034,187.0743,0.0000,19.436225,53.4724,56.6178,1.0588,0,1,136,1840871,A168_HF9F_20260827_0900,2026-08-27 09:00:00,185
114630318|18|7,7,114630318,18,2026-05-03,1,2129,20,25,6,1578.4745,1578.4745,-727.3248,0.4201,-46.077705,63.1390,78.9237,1.2500,0,1,190,1840872,A168_HF9F_20260827_0900,2026-08-27 09:00:00,185
114630318|19|7,7,114630318,19,2026-05-03,1,2129,19,23,6,2416.0143,2416.0143,-927.5071,0.0000,-38.389966,105.0441,127.1586,1.2105,0,1,171,1840873,A168_HF9F_20260827_0900,2026-08-27 09:00:00,185
114630318|2|7,7,114630318,2,2026-05-03,1,2160,4,4,2,67.9581,67.9581,27.0936,0.0000,39.868102,16.9895,16.9895,1.0000,0,1,6,1840874,A168_HF9F_20260827_0900,2026-08-27 09:00:00,185
114630318|20|7,7,114630318,20,2026-05-03,1,2129,22,32,8,9459.6361,9459.6361,-9029.7896,0.0874,-95.455994,295.6136,429.9835,1.4545,0,1,231,1840875,A168_HF9F_20260827_0900,2026-08-27 09:00:00,185
114630318|21|7,7,114630318,21,2026-05-03,1,2129,18,21,5,1071.6857,1071.6857,-58.3368,0.5041,-5.443460,51.0327,59.5381,1.1667,0,1,153,1840876,A168_HF9F_20260827_0900,2026-08-27 09:00:00,185
114630318|22|7,7,114630318,22,2026-05-03,1,2129,20,33,8,3058.1010,3058.1010,-2641.9790,0.5882,-86.392796,92.6697,152.9051,1.6500,0,1,190,1840877,A168_HF9F_20260827_0900,2026-08-27 09:00:00,185
114630318|23|7,7,114630318,23,2026-05-03,1,2129,23,30,5,4026.3364,4026.3364,-2844.5297,0.0840,-70.648087,134.2112,175.0581,1.3043,0,1,253,1840878,A168_HF9F_20260827_0900,2026-08-27 09:00:00,185
114630318|24|7,7,114630318,24,2026-05-03,1,2129,23,31,6,1309.8150,1309.8150,139.4665,0.5882,10.647798,42.2521,56.9485,1.3478,0,1,253,1840879,A168_HF9F_20260827_0900,2026-08-27 09:00:00,185
114630318|25|7,7,114630318,25,2026-05-03,1,2129,32,46,8,3318.5478,3318.5478,1715.2852,0.5882,51.687826,72.1423,103.7046,1.4375,0,1,496,1840880,A168_HF9F_20260827_0900,2026-08-27 09:00:00,185
114630318|26|7,7,114630318,26,2026-05-03,1,2129,27,36,8,1497.7829,1497.7829,26.4010,0.0000,1.762670,41.6051,55.4734,1.3333,0,1,351,1840881,A168_HF9F_20260827_0900,2026-08-27 09:00:00,185
114630318|27|7,7,114630318,27,2026-05-03,1,2129,26,35,8,1475.3765,1475.3765,-154.1214,0.0672,-10.446242,42.1536,56.7452,1.3462,0,1,325,1840882,A168_HF9F_20260827_0900,2026-08-27 09:00:00,185
114630318|28|7,7,114630318,28,2026-05-03,1,2129,29,34,7,2792.9246,2792.9246,-1697.1905,0.0672,-60.767500,82.1448,96.3077,1.1724,0,1,406,1840883,A168_HF9F_20260827_0900,2026-08-27 09:00:00,185
114630318|29|7,7,114630318,29,2026-05-03,1,2129,23,31,8,1296.6028,1296.6028,76.1626,0.3428,5.874009,41.8259,56.3740,1.3478,0,1,253,1840884,A168_HF9F_20260827_0900,2026-08-27 09:00:00,185
114630318|3|7,7,114630318,3,2026-05-03,1,2160,4,4,2,112.1113,112.1113,71.2468,0.0000,63.550065,28.0278,28.0278,1.0000,0,1,6,1840885,A168_HF9F_20260827_0900,2026-08-27 09:00:00,185
114630318|30|7,7,114630318,30,2026-05-03,1,2129,21,23,4,1376.2389,1376.2389,16.3139,0.0000,1.185399,59.8365,65.5352,1.0952,0,1,210,1840886,A168_HF9F_20260827_0900,2026-08-27 09:00:00,185
114630318|31|7,7,114630318,31,2026-05-03,1,2129,16,20,5,1065.5317,39.5373,39.5373,0.0000,100.000000,53.2766,66.5957,1.2500,16,1,120,1840887,A168_HF9F_20260827_0900,2026-08-27 09:00:00,185
114630318|32|7,7,114630318,32,2026-05-03,1,2129,15,16,3,1302.6099,1302.6099,-431.6210,0.0000,-33.135092,81.4131,86.8407,1.0667,0,1,105,1840888,A168_HF9F_20260827_0900,2026-08-27 09:00:00,185
114630318|33|7,7,114630318,33,2026-05-03,1,2129,15,21,6,959.1760,959.1760,590.8272,0.0000,61.597373,45.6750,63.9451,1.4000,0,1,105,1840889,A168_HF9F_20260827_0900,2026-08-27 09:00:00,185
114630318|34|7,7,114630318,34,2026-05-03,1,2129,15,19,6,1641.0163,1641.0163,-1479.4178,0.0000,-90.152537,86.3693,109.4011,1.2667,0,1,105,1840890,A168_HF9F_20260827_0900,2026-08-27 09:00:00,185
114630318|35|7,7,114630318,35,2026-05-03,1,2129,15,19,6,599.9243,599.9243,390.2698,0.0000,65.053173,31.5750,39.9950,1.2667,0,1,105,1840891,A168_HF9F_20260827_0900,2026-08-27 09:00:00,185
114630318|36|7,7,114630318,36,2026-05-03,1,2129,16,22,7,1102.7457,1102.7457,-680.0006,0.6722,-61.664315,50.1248,68.9216,1.3750,0,1,120,1840892,A168_HF9F_20260827_0900,2026-08-27 09:00:00,185
114630318|37|7,7,114630318,37,2026-05-03,1,2129,12,20,7,557.5843,557.5843,-99.9166,1.6805,-17.919547,27.8792,46.4654,1.6667,0,1,66,1840893,A168_HF9F_20260827_0900,2026-08-27 09:00:00,185
114630318|38|7,7,114630318,38,2026-05-03,1,2129,21,31,8,1163.4656,1163.4656,-382.6030,1.6805,-32.884767,37.5311,55.4031,1.4762,0,1,210,1840894,A168_HF9F_20260827_0900,2026-08-27 09:00:00,185
114630318|39|7,7,114630318,39,2026-05-03,1,2129,22,29,7,1033.3591,87.2926,-160.1410,0.0000,-183.453185,35.6331,46.9709,1.3182,20,1,231,1840895,A168_HF9F_20260827_0900,2026-08-27 09:00:00,185
114630318|4|7,7,114630318,4,2026-05-03,1,2160,9,10,3,1113.7548,1113.7548,734.3572,0.0000,65.935270,111.3755,123.7505,1.1111,0,1,36,1840896,A168_HF9F_20260827_0900,2026-08-27 09:00:00,185
114630318|40|7,7,114630318,40,2026-05-03,1,2129,19,25,6,1055.4134,1055.4134,-392.6249,0.0000,-37.201057,42.2165,55.5481,1.3158,0,1,171,1840897,A168_HF9F_20260827_0900,2026-08-27 09:00:00,185
114630318|41|7,7,114630318,41,2026-05-03,1,2129,20,27,9,7776.9649,7776.9649,6693.6151,0.0504,86.069761,288.0357,388.8482,1.3500,0,1,190,1840898,A168_HF9F_20260827_0900,2026-08-27 09:00:00,185
114630318|42|7,7,114630318,42,2026-05-03,1,2129,14,28,8,483.8308,483.8308,-205.0725,0.0000,-42.385160,17.2797,34.5593,2.0000,0,1,91,1840899,A168_HF9F_20260827_0900,2026-08-27 09:00:00,185
114630318|43|7,7,114630318,43,2026-05-03,1,2129,17,27,9,624.8407,624.8407,379.0001,0.0000,60.655469,23.1422,36.7553,1.5882,0,1,136,1840900,A168_HF9F_20260827_0900,2026-08-27 09:00:00,185
114630318|44|7,7,114630318,44,2026-05-03,1,2129,19,37,10,1095.3100,1095.3100,286.9202,0.0000,26.195344,29.6030,57.6479,1.9474,0,1,171,1840901,A168_HF9F_20260827_0900,2026-08-27 09:00:00,185
114630318|45|7,7,114630318,45,2026-05-03,1,2129,15,32,9,532.5200,532.5200,206.9223,0.0000,38.857190,16.6413,35.5013,2.1333,0,1,105,1840902,A168_HF9F_20260827_0900,2026-08-27 09:00:00,185
114630318|46|7,7,114630318,46,2026-05-03,1,2129,15,26,10,885.7283,885.7283,-44.3433,0.0000,-5.006424,34.0665,59.0486,1.7333,0,1,105,1840903,A168_HF9F_20260827_0900,2026-08-27 09:00:00,185
114630318|47|7,7,114630318,47,2026-05-03,1,2129,12,21,8,519.8608,519.8608,243.6546,0.5041,46.869195,24.7553,43.3217,1.7500,0,1,66,1840904,A168_HF9F_20260827_0900,2026-08-27 09:00:00,185
114630318|48|7,7,114630318,48,2026-05-03,1,2106,17,19,3,785.3508,785.3508,365.8184,0.8402,46.580257,41.3343,46.1971,1.1176,0,1,136,1840905,A168_HF9F_20260827_0900,2026-08-27 09:00:00,185
114630318|49|7,7,114630318,49,2026-05-03,1,2106,12,12,3,600.6079,2.5946,-20.7566,0.0000,-800.000000,50.0507,50.0507,1.0000,11,1,66,1840906,A168_HF9F_20260827_0900,2026-08-27 09:00:00,185
114630318|5|7,7,114630318,5,2026-05-03,1,2160,12,15,5,385.8846,385.8846,-38.8647,0.5831,-10.071581,25.7256,32.1571,1.2500,0,1,66,1840907,A168_HF9F_20260827_0900,2026-08-27 09:00:00,185
114630318|50|7,7,114630318,50,2026-05-03,1,2106,9,11,3,650.2599,650.2599,431.1486,0.0000,66.304047,59.1145,72.2511,1.2222,0,1,36,1840908,A168_HF9F_20260827_0900,2026-08-27 09:00:00,185
114630318|51|7,7,114630318,51,2026-05-03,1,2106,10,13,5,496.3693,496.3693,-171.4448,0.0000,-34.539774,38.1823,49.6369,1.3000,0,1,45,1840909,A168_HF9F_20260827_0900,2026-08-27 09:00:00,185
114630318|52|7,7,114630318,52,2026-05-03,1,2106,14,18,5,569.2077,569.2077,78.8875,0.0000,13.859173,31.6226,40.6577,1.2857,0,1,91,1840910,A168_HF9F_20260827_0900,2026-08-27 09:00:00,185
114630318|6|7,7,114630318,6,2026-05-03,1,2160,15,15,2,610.0484,0.0000,0.0000,0.0000,,40.6699,40.6699,1.0000,15,1,105,1840911,A168_HF9F_20260827_0900,2026-08-27 09:00:00,185
114630318|7|7,7,114630318,7,2026-05-03,1,2160,15,22,5,490.5468,490.5468,217.5768,0.0840,44.353938,22.2976,32.7031,1.4667,0,1,105,1840912,A168_HF9F_20260827_0900,2026-08-27 09:00:00,185
114630318|8|7,7,114630318,8,2026-05-03,1,2160,7,7,2,226.6310,226.6310,123.7637,0.0000,54.610207,32.3759,32.3759,1.0000,0,1,21,1840913,A168_HF9F_20260827_0900,2026-08-27 09:00:00,185
114630318|9|7,7,114630318,9,2026-05-03,1,2160,12,12,2,414.3494,414.3494,26.3588,0.5672,6.361482,34.5291,34.5291,1.0000,0,1,66,1840914,A168_HF9F_20260827_0900,2026-08-27 09:00:00,185
114630342|1|7,7,114630342,1,2026-05-03,1,2106,1,1,1,25.9457,25.9457,-25.9457,0.0000,-100.000000,25.9457,25.9457,1.0000,0,0,0,1840915,A168_HF9F_20260827_0900,2026-08-27 09:00:00,185
114630342|10|7,7,114630342,10,2026-05-03,1,2106,19,23,4,1591.1241,1585.9350,-171.4588,0.0000,-10.811210,69.1793,83.7434,1.2105,1,1,171,1840916,A168_HF9F_20260827_0900,2026-08-27 09:00:00,185
114630342|11|7,7,114630342,11,2026-05-03,1,2106,19,25,5,762.5318,753.5616,-199.8651,0.1865,-26.522733,30.5013,40.1333,1.3158,2,1,171,1840917,A168_HF9F_20260827_0900,2026-08-27 09:00:00,185
114630342|12|7,7,114630342,12,2026-05-03,1,2106,14,16,4,786.6889,786.6889,679.2820,0.0000,86.346961,49.1681,56.1921,1.1429,0,1,91,1840918,A168_HF9F_20260827_0900,2026-08-27 09:00:00,185
114630342|13|7,7,114630342,13,2026-05-03,1,2106,14,15,4,917.6121,917.6121,861.5194,0.0000,93.887103,61.1741,65.5437,1.0714,0,1,91,1840919,A168_HF9F_20260827_0900,2026-08-27 09:00:00,185
114630342|14|7,7,114630342,14,2026-05-03,1,2106,14,15,3,912.9552,912.9552,-423.0226,0.0000,-46.335528,60.8637,65.2111,1.0714,0,1,91,1840920,A168_HF9F_20260827_0900,2026-08-27 09:00:00,185
114630342|15|7,7,114630342,15,2026-05-03,1,2106,11,12,3,587.5727,587.5727,212.7930,0.1865,36.215612,48.9644,53.4157,1.0909,0,1,55,1840921,A168_HF9F_20260827_0900,2026-08-27 09:00:00,185
114630342|16|7,7,114630342,16,2026-05-03,1,2106,9,11,4,239.0654,239.0654,-137.2988,0.0000,-57.431508,21.7332,26.5628,1.2222,0,1,36,1840922,A168_HF9F_20260827_0900,2026-08-27 09:00:00,185
114630342|17|7,7,114630342,17,2026-05-03,1,2106,22,24,3,3513.1855,3513.1855,-2357.1971,6.8900,-67.095718,146.3827,159.6903,1.0909,0,1,231,1840923,A168_HF9F_20260827_0900,2026-08-27 09:00:00,185
114630342|18|7,7,114630342,18,2026-05-03,1,2106,19,20,4,2404.2185,2404.2185,-676.5968,0.0000,-28.142068,120.2109,126.5378,1.0526,0,1,171,1840924,A168_HF9F_20260827_0900,2026-08-27 09:00:00,185
114630342|19|7,7,114630342,19,2026-05-03,1,2106,14,23,7,1014.8902,1014.8902,383.8823,1.2100,37.825009,44.1257,72.4922,1.6429,0,1,91,1840925,A168_HF9F_20260827_0900,2026-08-27 09:00:00,185
114630342|2|7,7,114630342,2,2026-05-03,1,2106,4,6,3,174.4249,174.4249,174.4249,0.0000,100.000000,29.0708,43.6062,1.5000,0,1,6,1840926,A168_HF9F_20260827_0900,2026-08-27 09:00:00,185
114630342|20|7,7,114630342,20,2026-05-03,1,2106,16,22,7,579.5807,90.5710,-234.1461,0.0000,-258.522231,26.3446,36.2238,1.3750,14,1,120,1840927,A168_HF9F_20260827_0900,2026-08-27 09:00:00,185
114630342|21|7,7,114630342,21,2026-05-03,1,2106,12,15,5,418.8600,418.8600,276.5277,0.0000,66.019115,27.9240,34.9050,1.2500,0,1,66,1840928,A168_HF9F_20260827_0900,2026-08-27 09:00:00,185
114630342|22|7,7,114630342,22,2026-05-03,1,2106,10,12,4,677.0126,677.0126,-139.9665,0.0000,-20.674140,56.4177,67.7013,1.2000,0,1,45,1840929,A168_HF9F_20260827_0900,2026-08-27 09:00:00,185
114630342|23|7,7,114630342,23,2026-05-03,1,2106,9,10,3,190.0830,190.0830,-150.3478,0.0000,-79.095873,19.0083,21.1203,1.1111,0,1,36,1840930,A168_HF9F_20260827_0900,2026-08-27 09:00:00,185
114630342|24|7,7,114630342,24,2026-05-03,1,2106,13,14,3,834.9283,834.9283,253.7102,0.3529,30.387063,59.6377,64.2253,1.0769,0,1,78,1840931,A168_HF9F_20260827_0900,2026-08-27 09:00:00,185
114630342|25|7,7,114630342,25,2026-05-03,1,2106,11,15,6,930.0127,930.0127,888.0874,0.0000,95.491966,62.0008,84.5466,1.3636,0,1,55,1840932,A168_HF9F_20260827_0900,2026-08-27 09:00:00,185
114630342|26|7,7,114630342,26,2026-05-03,1,2160,22,28,8,557.8126,557.8126,-179.8687,0.5344,-32.245370,19.9219,25.3551,1.2727,0,1,231,1840933,A168_HF9F_20260827_0900,2026-08-27 09:00:00,185
114630342|27|7,7,114630342,27,2026-05-03,1,2160,12,23,8,319.0695,313.8804,-143.5189,0.0000,-45.724066,13.8726,26.5891,1.9167,1,1,66,1840934,A168_HF9F_20260827_0900,2026-08-27 09:00:00,185
114630342|28|7,7,114630342,28,2026-05-03,1,2160,13,23,8,387.8258,382.6366,1.4528,0.0000,0.379677,16.8620,29.8328,1.7692,1,1,78,1840935,A168_HF9F_20260827_0900,2026-08-27 09:00:00,185
114630342|29|7,7,114630342,29,2026-05-03,1,2160,15,21,7,685.2163,33.6099,14.7043,0.0000,43.750000,32.6293,45.6811,1.4000,15,1,105,1840936,A168_HF9F_20260827_0900,2026-08-27 09:00:00,185
114630342|3|7,7,114630342,3,2026-05-03,1,2106,6,8,5,732.8110,732.8110,-580.7836,0.0000,-79.254216,91.6014,122.1352,1.3333,0,1,15,1840937,A168_HF9F_20260827_0900,2026-08-27 09:00:00,185
114630342|30|7,7,114630342,30,2026-05-03,1,2160,12,18,7,325.1005,319.9114,315.7101,0.0000,98.686749,18.0611,27.0917,1.5000,1,1,66,1840938,A168_HF9F_20260827_0900,2026-08-27 09:00:00,185
114630342|31|7,7,114630342,31,2026-05-03,1,2160,14,22,8,751.9539,751.9539,-299.3001,0.0000,-39.802986,34.1797,53.7110,1.5714,0,1,91,1840939,A168_HF9F_20260827_0900,2026-08-27 09:00:00,185
114630342|32|7,7,114630342,32,2026-05-03,1,2160,13,19,7,491.7019,491.7019,216.6258,0.0000,44.056323,25.8790,37.8232,1.4615,0,1,78,1840940,A168_HF9F_20260827_0900,2026-08-27 09:00:00,185
114630342|33|7,7,114630342,33,2026-05-03,1,2160,7,17,8,366.3938,366.3938,-363.5716,0.0000,-99.229737,21.5526,52.3420,2.4286,0,1,21,1840941,A168_HF9F_20260827_0900,2026-08-27 09:00:00,185
114630342|34|7,7,114630342,34,2026-05-03,1,2160,11,14,5,258.5213,258.5213,61.2731,0.0000,23.701369,18.4658,23.5019,1.2727,0,1,55,1840942,A168_HF9F_20260827_0900,2026-08-27 09:00:00,185
114630342|35|7,7,114630342,35,2026-05-03,1,2160,6,15,8,299.7646,299.7646,157.6142,0.0000,52.579319,19.9843,49.9608,2.5000,0,1,15,1840943,A168_HF9F_20260827_0900,2026-08-27 09:00:00,185
114630342|36|7,7,114630342,36,2026-05-03,1,2160,10,18,8,876.2734,876.2734,-629.0147,0.0000,-71.782928,48.6819,87.6273,1.8000,0,1,45,1840944,A168_HF9F_20260827_0900,2026-08-27 09:00:00,185
114630342|37|7,7,114630342,37,2026-05-03,1,2160,10,14,5,251.1727,251.1727,-30.9243,0.0000,-12.311965,17.9409,25.1173,1.4000,0,1,45,1840945,A168_HF9F_20260827_0900,2026-08-27 09:00:00,185
114630342|38|7,7,114630342,38,2026-05-03,1,2160,14,16,4,490.3855,490.3855,-15.6844,0.0168,-3.198388,30.6491,35.0275,1.1429,0,1,91,1840946,A168_HF9F_20260827_0900,2026-08-27 09:00:00,185
114630342|39|7,7,114630342,39,2026-05-03,1,2160,8,9,3,347.0856,21.0062,21.0062,0.0000,100.000000,38.5651,43.3857,1.1250,8,1,28,1840947,A168_HF9F_20260827_0900,2026-08-27 09:00:00,185
114630342|4|7,7,114630342,4,2026-05-03,1,2106,7,8,3,421.4468,421.4468,-77.3095,0.0000,-18.343844,52.6809,60.2067,1.1429,0,1,21,1840948,A168_HF9F_20260827_0900,2026-08-27 09:00:00,185
114630342|40|7,7,114630342,40,2026-05-03,1,2160,7,9,4,288.6374,288.6374,242.8593,0.0000,84.139922,32.0708,41.2339,1.2857,0,1,21,1840949,A168_HF9F_20260827_0900,2026-08-27 09:00:00,185
114630342|41|7,7,114630342,41,2026-05-03,1,2160,11,15,6,505.4946,505.4946,406.2327,0.0000,80.363410,33.6996,45.9541,1.3636,0,1,55,1840950,A168_HF9F_20260827_0900,2026-08-27 09:00:00,185
114630342|42|7,7,114630342,42,2026-05-03,1,2160,8,8,2,1057.9505,1057.9505,1023.6023,0.0000,96.753326,132.2438,132.2438,1.0000,0,1,28,1840951,A168_HF9F_20260827_0900,2026-08-27 09:00:00,185
114630342|43|7,7,114630342,43,2026-05-03,1,2160,13,21,5,2215.2877,2174.5357,1902.1231,0.5092,87.472609,105.4899,170.4067,1.6154,1,1,78,1840952,A168_HF9F_20260827_0900,2026-08-27 09:00:00,185
114630342|44|7,7,114630342,44,2026-05-03,1,2160,7,7,2,221.2816,221.2816,-3.3375,0.0000,-1.508278,31.6117,31.6117,1.0000,0,1,21,1840953,A168_HF9F_20260827_0900,2026-08-27 09:00:00,185
114630342|45|7,7,114630342,45,2026-05-03,1,2160,6,6,2,132.0044,132.0044,-49.8491,0.0000,-37.763175,22.0007,22.0007,1.0000,0,1,15,1840954,A168_HF9F_20260827_0900,2026-08-27 09:00:00,185
114630342|46|7,7,114630342,46,2026-05-03,1,2160,15,21,5,1008.7654,960.8713,165.1274,0.2285,17.185170,48.0364,67.2510,1.4000,1,1,105,1840955,A168_HF9F_20260827_0900,2026-08-27 09:00:00,185
114630342|47|7,7,114630342,47,2026-05-03,1,2160,12,15,4,1179.2256,1179.2256,-126.6110,0.0000,-10.736795,78.6150,98.2688,1.2500,0,1,66,1840956,A168_HF9F_20260827_0900,2026-08-27 09:00:00,185
114630342|5|7,7,114630342,5,2026-05-03,1,2106,11,12,2,761.7764,0.0000,0.0000,0.0000,,63.4814,69.2524,1.0909,12,1,55,1840957,A168_HF9F_20260827_0900,2026-08-27 09:00:00,185
114630342|6|7,7,114630342,6,2026-05-03,1,2106,23,28,6,2493.8136,2488.6244,449.4900,1.6805,18.061785,89.0648,108.4267,1.2174,1,1,253,1840958,A168_HF9F_20260827_0900,2026-08-27 09:00:00,185
114630342|7|7,7,114630342,7,2026-05-03,1,2106,30,35,7,6885.2173,6880.0282,-6220.6106,1.6805,-90.415482,196.7205,229.5072,1.1667,1,1,435,1840959,A168_HF9F_20260827_0900,2026-08-27 09:00:00,185
114630342|8|7,7,114630342,8,2026-05-03,1,2106,31,34,4,2710.7637,2705.5745,2285.5105,1.6805,84.474128,79.7283,87.4440,1.0968,1,1,465,1840960,A168_HF9F_20260827_0900,2026-08-27 09:00:00,185
114630342|9|7,7,114630342,9,2026-05-03,1,2106,22,28,6,1195.8533,1190.6642,-109.0263,0.0000,-9.156761,42.7090,54.3570,1.2727,1,1,231,1840961,A168_HF9F_20260827_0900,2026-08-27 09:00:00,185
114630360|1|7,7,114630360,1,2026-05-03,1,2160,1,1,1,51.8914,51.8914,51.8914,0.0000,100.000000,51.8914,51.8914,1.0000,0,0,0,1840962,A168_HF9F_20260827_0900,2026-08-27 09:00:00,185
114630360|10|7,7,114630360,10,2026-05-03,1,2160,7,8,3,125.8841,125.8841,77.4495,0.0000,61.524425,15.7355,17.9834,1.1429,0,1,21,1840963,A168_HF9F_20260827_0900,2026-08-27 09:00:00,185
114630360|11|7,7,114630360,11,2026-05-03,1,2129,8,9,2,9357.6723,9315.6599,-9285.5130,0.0000,-99.676384,1039.7414,1169.7090,1.1250,1,1,28,1840964,A168_HF9F_20260827_0900,2026-08-27 09:00:00,185
114630360|12|7,7,114630360,12,2026-05-03,1,2129,20,22,3,1382.1848,1340.1724,481.4161,0.1680,35.921954,62.8266,69.1092,1.1000,1,1,190,1840965,A168_HF9F_20260827_0900,2026-08-27 09:00:00,185
114630360|13|7,7,114630360,13,2026-05-03,1,2129,19,22,3,450.9795,408.9671,-89.4811,0.0000,-21.879772,20.4991,23.7358,1.1579,1,1,171,1840966,A168_HF9F_20260827_0900,2026-08-27 09:00:00,185
114630360|14|7,7,114630360,14,2026-05-03,1,2129,14,15,4,1103.2997,1103.2997,-427.5469,0.0000,-38.751656,73.5533,78.8071,1.0714,0,1,91,1840967,A168_HF9F_20260827_0900,2026-08-27 09:00:00,185
114630360|15|7,7,114630360,15,2026-05-03,1,2129,16,17,2,433.2684,391.2560,134.0839,0.0000,34.270128,25.4864,27.0793,1.0625,1,1,120,1840968,A168_HF9F_20260827_0900,2026-08-27 09:00:00,185
114630360|16|7,7,114630360,16,2026-05-03,1,2129,21,22,3,996.1036,954.0912,434.4979,0.0000,45.540503,45.2774,47.4335,1.0476,1,1,210,1840969,A168_HF9F_20260827_0900,2026-08-27 09:00:00,185
114630360|17|7,7,114630360,17,2026-05-03,1,2129,15,23,7,1389.6840,1347.6716,-1009.9526,0.0000,-74.940554,60.4210,92.6456,1.5333,1,1,105,1840970,A168_HF9F_20260827_0900,2026-08-27 09:00:00,185
114630360|18|7,7,114630360,18,2026-05-03,1,2129,16,22,7,526.3267,505.3205,-2.9804,0.0000,-0.589808,23.9239,32.8954,1.3750,1,1,120,1840971,A168_HF9F_20260827_0900,2026-08-27 09:00:00,185
114630360|19|7,7,114630360,19,2026-05-03,1,2129,16,16,3,1178.2093,1178.2093,-906.4683,0.0000,-76.936102,73.6381,73.6381,1.0000,0,1,120,1840972,A168_HF9F_20260827_0900,2026-08-27 09:00:00,185
114630360|2|7,7,114630360,2,2026-05-03,1,2160,5,5,2,280.3541,280.3541,175.1650,0.0000,62.479902,56.0708,56.0708,1.0000,0,1,10,1840973,A168_HF9F_20260827_0900,2026-08-27 09:00:00,185
114630360|20|7,7,114630360,20,2026-05-03,1,2129,17,21,5,3412.9567,3391.9505,-3875.9955,0.0000,-114.270405,162.5217,200.7622,1.2353,1,1,136,1840974,A168_HF9F_20260827_0900,2026-08-27 09:00:00,185
114630360|21|7,7,114630360,21,2026-05-03,1,2129,21,22,3,2623.3425,2623.3425,2238.0761,0.0588,85.313913,119.2428,124.9211,1.0476,0,1,210,1840975,A168_HF9F_20260827_0900,2026-08-27 09:00:00,185
114630360|22|7,7,114630360,22,2026-05-03,1,2129,13,16,3,400.5860,379.5798,193.5598,0.0000,50.993185,25.0366,30.8143,1.2308,1,1,78,1840976,A168_HF9F_20260827_0900,2026-08-27 09:00:00,185
114630360|23|7,7,114630360,23,2026-05-03,1,2129,16,23,8,829.0077,17.5643,-32.6079,0.0000,-185.648510,36.0438,51.8130,1.4375,17,1,120,1840977,A168_HF9F_20260827_0900,2026-08-27 09:00:00,185
114630360|24|7,7,114630360,24,2026-05-03,1,2129,15,19,5,1187.7544,1166.7482,-12.8436,0.0000,-1.100807,62.5134,79.1836,1.2667,1,1,105,1840978,A168_HF9F_20260827_0900,2026-08-27 09:00:00,185
114630360|25|7,7,114630360,25,2026-05-03,1,2129,9,12,4,318.8648,16.7241,16.7241,0.0000,100.000000,26.5721,35.4294,1.3333,10,1,36,1840979,A168_HF9F_20260827_0900,2026-08-27 09:00:00,185
114630360|26|7,7,114630360,26,2026-05-03,1,2129,6,9,5,342.7182,342.7182,90.6452,0.0000,26.448912,38.0798,57.1197,1.5000,0,1,15,1840980,A168_HF9F_20260827_0900,2026-08-27 09:00:00,185
114630360|27|7,7,114630360,27,2026-05-03,1,2129,12,13,2,675.2834,654.2772,-442.8452,0.0000,-67.684652,51.9449,56.2736,1.0833,1,1,66,1840981,A168_HF9F_20260827_0900,2026-08-27 09:00:00,185
114630360|28|7,7,114630360,28,2026-05-03,1,2129,8,8,2,271.6209,271.6209,29.5995,0.0000,10.897375,33.9526,33.9526,1.0000,0,1,28,1840982,A168_HF9F_20260827_0900,2026-08-27 09:00:00,185
114630360|29|7,7,114630360,29,2026-05-03,1,2129,8,11,5,310.2864,5.1680,-10.3359,0.0413,-200.000000,28.2079,38.7858,1.3750,8,1,28,1840983,A168_HF9F_20260827_0900,2026-08-27 09:00:00,185
114630360|3|7,7,114630360,3,2026-05-03,1,2160,7,9,4,1078.6470,1078.6470,355.9496,0.0000,32.999643,119.8497,154.0924,1.2857,0,1,21,1840984,A168_HF9F_20260827_0900,2026-08-27 09:00:00,185
114630360|30|7,7,114630360,30,2026-05-03,1,2129,7,9,3,237.6731,211.2601,-89.7731,1.0280,-42.494140,26.4081,33.9533,1.2857,1,1,21,1840985,A168_HF9F_20260827_0900,2026-08-27 09:00:00,185
114630360|31|7,7,114630360,31,2026-05-03,1,2129,7,7,2,522.9130,522.9130,-494.2638,0.0000,-94.521223,74.7019,74.7019,1.0000,0,1,21,1840986,A168_HF9F_20260827_0900,2026-08-27 09:00:00,185
114630360|32|7,7,114630360,32,2026-05-03,1,2129,8,10,3,617.9005,596.8943,-536.8919,0.0000,-89.947568,61.7901,77.2376,1.2500,1,1,28,1840987,A168_HF9F_20260827_0900,2026-08-27 09:00:00,185
114630360|33|7,7,114630360,33,2026-05-03,1,2129,18,24,8,1930.1951,1930.1951,1683.0830,0.0000,87.197557,80.4248,107.2331,1.3333,0,1,153,1840988,A168_HF9F_20260827_0900,2026-08-27 09:00:00,185
114630360|34|7,7,114630360,34,2026-05-03,1,2129,10,11,3,1319.0430,1298.0368,-625.7241,0.0000,-48.205424,119.9130,131.9043,1.1000,1,1,45,1840989,A168_HF9F_20260827_0900,2026-08-27 09:00:00,185
114630360|35|7,7,114630360,35,2026-05-03,1,2129,10,13,4,856.6136,29.7192,-121.5254,0.0000,-408.912250,65.8934,85.6614,1.3000,9,1,45,1840990,A168_HF9F_20260827_0900,2026-08-27 09:00:00,185
114630360|36|7,7,114630360,36,2026-05-03,1,2129,14,18,4,3054.6603,3012.6479,2574.0396,0.0000,85.441102,169.7034,218.1900,1.2857,1,1,91,1840991,A168_HF9F_20260827_0900,2026-08-27 09:00:00,185
114630360|37|7,7,114630360,37,2026-05-03,1,2129,11,12,2,2067.5116,2025.4993,-1061.9727,0.0672,-52.430172,172.2926,187.9556,1.0909,1,1,55,1840992,A168_HF9F_20260827_0900,2026-08-27 09:00:00,185
114630360|38|7,7,114630360,38,2026-05-03,1,2129,19,24,6,513.0727,471.0603,422.8158,0.0672,89.758316,21.3780,27.0038,1.2632,1,1,171,1840993,A168_HF9F_20260827_0900,2026-08-27 09:00:00,185
114630360|39|7,7,114630360,39,2026-05-03,1,2129,12,18,5,4427.6861,4385.6737,-800.4311,10.4688,-18.251042,245.9826,368.9738,1.5000,1,1,66,1840994,A168_HF9F_20260827_0900,2026-08-27 09:00:00,185
114630360|4|7,7,114630360,4,2026-05-03,1,2160,10,14,6,1265.8093,1265.8093,942.9972,0.0000,74.497575,90.4149,126.5809,1.4000,0,1,45,1840995,A168_HF9F_20260827_0900,2026-08-27 09:00:00,185
114630360|40|7,7,114630360,40,2026-05-03,1,2129,8,9,3,322.1835,2.5207,-20.1659,0.0000,-800.000000,35.7982,40.2729,1.1250,8,1,28,1840996,A168_HF9F_20260827_0900,2026-08-27 09:00:00,185
114630360|41|7,7,114630360,41,2026-05-03,1,2129,13,14,3,716.8518,716.8518,-424.5018,0.9453,-59.217513,51.2037,55.1424,1.0769,0,1,78,1840997,A168_HF9F_20260827_0900,2026-08-27 09:00:00,185
114630360|42|7,7,114630360,42,2026-05-03,1,2129,15,19,5,1604.5943,1604.5943,1131.1810,0.3445,70.496389,84.4523,106.9730,1.2667,0,1,105,1840998,A168_HF9F_20260827_0900,2026-08-27 09:00:00,185
114630360|43|7,7,114630360,43,2026-05-03,1,2106,7,7,2,88.2254,88.2254,58.8180,0.0000,66.667805,12.6036,12.6036,1.0000,0,1,21,1840999,A168_HF9F_20260827_0900,2026-08-27 09:00:00,185
114630360|44|7,7,114630360,44,2026-05-03,1,2106,6,6,2,796.8644,796.8644,725.4609,0.0000,91.039443,132.8107,132.8107,1.0000,0,1,15,1841000,A168_HF9F_20260827_0900,2026-08-27 09:00:00,185
114630360|45|7,7,114630360,45,2026-05-03,1,2106,19,26,7,771.2449,771.2449,-461.1752,0.6386,-59.796210,29.6633,40.5918,1.3684,0,1,171,1841001,A168_HF9F_20260827_0900,2026-08-27 09:00:00,185
114630360|46|7,7,114630360,46,2026-05-03,1,2106,22,27,5,894.2721,894.2721,124.3661,0.4033,13.906969,33.1212,40.6487,1.2273,0,1,231,1841002,A168_HF9F_20260827_0900,2026-08-27 09:00:00,185
114630360|47|7,7,114630360,47,2026-05-03,1,2106,29,30,3,1452.3640,1452.3640,-365.0480,1.0621,-25.134743,48.4121,50.0815,1.0345,0,1,406,1841003,A168_HF9F_20260827_0900,2026-08-27 09:00:00,185
114630360|48|7,7,114630360,48,2026-05-03,1,2106,30,32,3,1001.6471,4.2012,-33.6099,0.0000,-800.000000,31.3015,33.3882,1.0667,30,1,435,1841004,A168_HF9F_20260827_0900,2026-08-27 09:00:00,185
114630360|49|7,7,114630360,49,2026-05-03,1,2106,26,28,3,1532.2678,21.3328,-170.6621,0.0000,-800.000000,54.7239,58.9334,1.0769,25,1,325,1841005,A168_HF9F_20260827_0900,2026-08-27 09:00:00,185
114630360|5|7,7,114630360,5,2026-05-03,1,2160,8,13,6,2300.1067,105.9457,-307.5658,0.0000,-290.305043,176.9313,287.5133,1.6250,8,1,28,1841006,A168_HF9F_20260827_0900,2026-08-27 09:00:00,185
114630360|6|7,7,114630360,6,2026-05-03,1,2160,10,15,6,2434.4149,100.0000,-80.0000,0.0000,-80.000000,162.2943,243.4415,1.5000,9,1,45,1841007,A168_HF9F_20260827_0900,2026-08-27 09:00:00,185
114630360|7|7,7,114630360,7,2026-05-03,1,2160,8,12,6,2352.4483,2352.4483,2154.7293,0.0000,91.595184,196.0374,294.0560,1.5000,0,1,28,1841008,A168_HF9F_20260827_0900,2026-08-27 09:00:00,185
114630360|8|7,7,114630360,8,2026-05-03,1,2160,9,13,6,5574.9872,5574.9872,-2271.3668,0.0000,-40.742098,428.8452,619.4430,1.4444,0,1,36,1841009,A168_HF9F_20260827_0900,2026-08-27 09:00:00,185
114630360|9|7,7,114630360,9,2026-05-03,1,2160,5,8,5,53.5470,53.5470,-8.6957,0.0000,-16.239433,6.6934,10.7094,1.6000,0,1,10,1841010,A168_HF9F_20260827_0900,2026-08-27 09:00:00,185
114630387|1|7,7,114630387,1,2026-05-03,1,2106,3,3,1,13.5916,13.5916,13.5916,0.0000,100.000000,4.5305,4.5305,1.0000,0,1,3,1841011,A168_HF9F_20260827_0900,2026-08-27 09:00:00,185
114630387|10|7,7,114630387,10,2026-05-03,1,2106,9,10,3,8868.6857,8868.6857,-8672.4505,0.0000,-97.787325,886.8686,985.4095,1.1111,0,1,36,1841012,A168_HF9F_20260827_0900,2026-08-27 09:00:00,185
114630387|11|7,7,114630387,11,2026-05-03,1,2106,12,17,6,1791.9941,1791.9941,-1412.8851,0.0000,-78.844290,105.4114,149.3328,1.4167,0,1,66,1841013,A168_HF9F_20260827_0900,2026-08-27 09:00:00,185
114630387|12|7,7,114630387,12,2026-05-03,1,2106,7,8,3,106.4870,106.4870,-63.4867,0.0000,-59.619197,13.3109,15.2124,1.1429,0,1,21,1841014,A168_HF9F_20260827_0900,2026-08-27 09:00:00,185
114630387|13|7,7,114630387,13,2026-05-03,1,2106,7,9,4,153.9519,153.9519,149.8557,0.0000,97.339293,17.1058,21.9931,1.2857,0,1,21,1841015,A168_HF9F_20260827_0900,2026-08-27 09:00:00,185
114630387|14|7,7,114630387,14,2026-05-03,1,2106,8,10,4,230.1745,6.7958,-16.5553,0.0000,-243.610766,23.0175,28.7718,1.2500,8,1,28,1841016,A168_HF9F_20260827_0900,2026-08-27 09:00:00,185
114630387|15|7,7,114630387,15,2026-05-03,1,2106,10,11,3,252.3252,252.3252,-147.3932,0.0000,-58.413978,22.9387,25.2325,1.1000,0,1,45,1841017,A168_HF9F_20260827_0900,2026-08-27 09:00:00,185
114630387|16|7,7,114630387,16,2026-05-03,1,2106,10,12,4,384.0874,384.0874,-291.9110,0.0000,-76.001182,32.0073,38.4087,1.2000,0,1,45,1841018,A168_HF9F_20260827_0900,2026-08-27 09:00:00,185
114630387|17|7,7,114630387,17,2026-05-03,1,2106,7,8,2,241.3634,241.3634,241.3634,0.0000,100.000000,30.1704,34.4805,1.1429,0,1,21,1841019,A168_HF9F_20260827_0900,2026-08-27 09:00:00,185
114630387|18|7,7,114630387,18,2026-05-03,1,2106,10,10,2,510.1295,510.1295,111.5099,1.0083,21.859130,51.0130,51.0130,1.0000,0,1,45,1841020,A168_HF9F_20260827_0900,2026-08-27 09:00:00,185
114630387|19|7,7,114630387,19,2026-05-03,1,2106,11,14,5,509.3437,509.3437,17.6820,1.0083,3.471530,36.3817,46.3040,1.2727,0,1,55,1841021,A168_HF9F_20260827_0900,2026-08-27 09:00:00,185
114630387|2|7,7,114630387,2,2026-05-03,1,2106,5,5,1,128.8434,128.8434,128.8434,0.0000,100.000000,25.7687,25.7687,1.0000,0,1,10,1841022,A168_HF9F_20260827_0900,2026-08-27 09:00:00,185
114630387|20|7,7,114630387,20,2026-05-03,1,2106,13,16,5,335.7624,335.7624,156.9536,0.0000,46.745433,20.9851,25.8279,1.2308,0,1,78,1841023,A168_HF9F_20260827_0900,2026-08-27 09:00:00,185
114630387|21|7,7,114630387,21,2026-05-03,1,2106,19,22,5,1198.9018,9.3904,-62.5193,0.0000,-665.780536,54.4955,63.1001,1.1579,19,1,171,1841024,A168_HF9F_20260827_0900,2026-08-27 09:00:00,185
114630387|22|7,7,114630387,22,2026-05-03,1,2106,9,12,6,629.7686,629.7686,-441.4383,1.1763,-70.095314,52.4807,69.9743,1.3333,0,1,36,1841025,A168_HF9F_20260827_0900,2026-08-27 09:00:00,185
114630387|23|7,7,114630387,23,2026-05-03,1,2106,22,26,6,1472.6930,1204.3086,-612.1932,2.3823,-50.833583,56.6420,66.9406,1.1818,0,1,231,1841026,A168_HF9F_20260827_0900,2026-08-27 09:00:00,185
114630387|24|7,7,114630387,24,2026-05-03,1,2106,28,33,6,2279.7841,2262.9792,1003.7591,0.8402,44.355649,69.0844,81.4209,1.1786,1,1,378,1841027,A168_HF9F_20260827_0900,2026-08-27 09:00:00,185
114630387|25|7,7,114630387,25,2026-05-03,1,2160,17,19,4,845.9951,845.9951,20.5071,1.0923,2.424017,44.5261,49.7644,1.1176,0,1,136,1841028,A168_HF9F_20260827_0900,2026-08-27 09:00:00,185
114630387|26|7,7,114630387,26,2026-05-03,1,2160,15,18,5,771.2009,771.2009,93.9849,0.0000,12.186820,42.8445,51.4134,1.2000,0,1,105,1841029,A168_HF9F_20260827_0900,2026-08-27 09:00:00,185
114630387|27|7,7,114630387,27,2026-05-03,1,2160,12,15,4,777.0389,777.0389,-496.8042,0.0000,-63.935561,51.8026,64.7532,1.2500,0,1,66,1841030,A168_HF9F_20260827_0900,2026-08-27 09:00:00,185
114630387|28|7,7,114630387,28,2026-05-03,1,2160,19,22,4,913.5289,913.5289,-495.9880,0.0000,-54.293629,41.5240,48.0805,1.1579,0,1,171,1841031,A168_HF9F_20260827_0900,2026-08-27 09:00:00,185
114630387|29|7,7,114630387,29,2026-05-03,1,2160,20,22,3,908.5947,908.5947,-444.7615,0.0000,-48.950487,41.2998,45.4297,1.1000,0,1,190,1841032,A168_HF9F_20260827_0900,2026-08-27 09:00:00,185
114630387|3|7,7,114630387,3,2026-05-03,1,2106,7,7,2,231.8850,231.8850,-223.2341,0.0000,-96.269317,33.1264,33.1264,1.0000,0,1,21,1841033,A168_HF9F_20260827_0900,2026-08-27 09:00:00,185
114630387|30|7,7,114630387,30,2026-05-03,1,2160,23,28,6,1950.3777,1881.4716,-1268.3160,0.0000,-67.410852,69.6563,84.7990,1.2174,2,1,253,1841034,A168_HF9F_20260827_0900,2026-08-27 09:00:00,185
114630387|31|7,7,114630387,31,2026-05-03,1,2160,28,31,5,2941.7664,2941.7664,-2703.1516,0.0000,-91.888726,94.8957,105.0631,1.1071,0,1,378,1841035,A168_HF9F_20260827_0900,2026-08-27 09:00:00,185
114630387|32|7,7,114630387,32,2026-05-03,1,2160,33,43,7,2906.1688,49.8918,-184.0784,0.0000,-368.954946,67.5853,88.0657,1.3030,33,1,528,1841036,A168_HF9F_20260827_0900,2026-08-27 09:00:00,185
114630387|33|7,7,114630387,33,2026-05-03,1,2160,37,48,8,2331.7163,2331.7163,-170.3926,0.1849,-7.307604,48.5774,63.0194,1.2973,0,1,666,1841037,A168_HF9F_20260827_0900,2026-08-27 09:00:00,185
114630387|34|7,7,114630387,34,2026-05-03,1,2160,39,44,5,3056.8047,3056.8047,1093.0324,0.0000,35.757351,69.4728,78.3796,1.1282,0,1,741,1841038,A168_HF9F_20260827_0900,2026-08-27 09:00:00,185
114630387|35|7,7,114630387,35,2026-05-03,1,2160,19,22,5,1706.8021,1706.8021,14.1682,0.0000,0.830103,77.5819,89.8317,1.1579,0,1,171,1841039,A168_HF9F_20260827_0900,2026-08-27 09:00:00,185
114630387|36|7,7,114630387,36,2026-05-03,1,2160,17,21,5,2019.0529,2019.0529,301.5467,0.0000,14.935057,96.1454,118.7678,1.2353,0,1,136,1841040,A168_HF9F_20260827_0900,2026-08-27 09:00:00,185
114630387|37|7,7,114630387,37,2026-05-03,1,2160,26,37,8,2250.2366,2250.2366,-70.8587,0.1966,-3.148943,60.8172,86.5476,1.4231,0,1,325,1841041,A168_HF9F_20260827_0900,2026-08-27 09:00:00,185
114630387|38|7,7,114630387,38,2026-05-03,1,2160,27,36,8,2227.4323,2227.4323,-627.6978,0.1378,-28.180330,61.8731,82.4975,1.3333,0,1,351,1841042,A168_HF9F_20260827_0900,2026-08-27 09:00:00,185
114630387|39|7,7,114630387,39,2026-05-03,1,2160,30,34,5,3334.7270,3334.7270,-1504.2786,0.1378,-45.109498,98.0802,111.1576,1.1333,0,1,435,1841043,A168_HF9F_20260827_0900,2026-08-27 09:00:00,185
114630387|4|7,7,114630387,4,2026-05-03,1,2106,11,11,2,360.0655,360.0655,33.7277,0.0000,9.367102,32.7332,32.7332,1.0000,0,1,55,1841044,A168_HF9F_20260827_0900,2026-08-27 09:00:00,185
114630387|40|7,7,114630387,40,2026-05-03,1,2160,38,60,8,3649.9661,3649.9661,-1406.3122,0.0000,-38.529458,60.8328,96.0517,1.5789,0,1,703,1841045,A168_HF9F_20260827_0900,2026-08-27 09:00:00,185
114630387|41|7,7,114630387,41,2026-05-03,1,2160,38,58,8,7002.2287,7002.2287,1830.7858,0.0000,26.145759,120.7281,184.2692,1.5263,0,1,703,1841046,A168_HF9F_20260827_0900,2026-08-27 09:00:00,185
114630387|42|7,7,114630387,42,2026-05-03,1,2160,37,60,8,11573.1105,11573.1105,6797.6658,0.2638,58.736722,192.8852,312.7868,1.6216,0,1,666,1841047,A168_HF9F_20260827_0900,2026-08-27 09:00:00,185
114630387|43|7,7,114630387,43,2026-05-03,1,2160,20,24,5,1822.5107,1822.5107,-930.4710,0.0000,-51.054353,75.9379,91.1255,1.2000,0,1,190,1841048,A168_HF9F_20260827_0900,2026-08-27 09:00:00,185
114630387|44|7,7,114630387,44,2026-05-03,1,2160,18,24,5,1491.0025,1491.0025,1065.7682,0.0000,71.479974,62.1251,82.8335,1.3333,0,1,153,1841049,A168_HF9F_20260827_0900,2026-08-27 09:00:00,185
114630387|45|7,7,114630387,45,2026-05-03,1,2160,14,17,5,480.5805,480.5805,52.5540,0.0000,10.935519,28.2694,34.3272,1.2143,0,1,91,1841050,A168_HF9F_20260827_0900,2026-08-27 09:00:00,185
114630387|46|7,7,114630387,46,2026-05-03,1,2160,13,14,3,1478.0631,1478.0631,-1293.8869,0.0000,-87.539359,105.5759,113.6972,1.0769,0,1,78,1841051,A168_HF9F_20260827_0900,2026-08-27 09:00:00,185
114630387|47|7,7,114630387,47,2026-05-03,1,2160,17,17,2,2034.6768,2034.6768,-1716.3513,0.0000,-84.354984,119.6869,119.6869,1.0000,0,1,136,1841052,A168_HF9F_20260827_0900,2026-08-27 09:00:00,185
114630387|48|7,7,114630387,48,2026-05-03,1,2160,23,24,3,2162.1549,2162.1549,-1535.8170,0.0000,-71.031773,90.0898,94.0067,1.0435,0,1,253,1841053,A168_HF9F_20260827_0900,2026-08-27 09:00:00,185
114630387|49|7,7,114630387,49,2026-05-03,1,2160,41,50,6,6521.7411,6521.7411,6186.5315,5.2431,94.860121,130.4348,159.0669,1.2195,0,1,820,1841054,A168_HF9F_20260827_0900,2026-08-27 09:00:00,185
114630387|5|7,7,114630387,5,2026-05-03,1,2106,9,9,2,2449.4788,0.0000,0.0000,0.0000,,272.1643,272.1643,1.0000,9,1,36,1841055,A168_HF9F_20260827_0900,2026-08-27 09:00:00,185
114630387|50|7,7,114630387,50,2026-05-03,1,2160,18,20,3,812.6157,812.6157,236.7276,0.0000,29.131553,40.6308,45.1453,1.1111,0,1,153,1841056,A168_HF9F_20260827_0900,2026-08-27 09:00:00,185
114630387|51|7,7,114630387,51,2026-05-03,1,2160,23,26,5,1229.3132,1229.3132,331.2758,0.1008,26.948036,47.2813,53.4484,1.1304,0,1,253,1841057,A168_HF9F_20260827_0900,2026-08-27 09:00:00,185
114630387|6|7,7,114630387,6,2026-05-03,1,2106,7,7,2,184.1216,184.1216,145.0924,0.0000,78.802492,26.3031,26.3031,1.0000,0,1,21,1841058,A168_HF9F_20260827_0900,2026-08-27 09:00:00,185
114630387|7|7,7,114630387,7,2026-05-03,1,2106,8,8,1,38.9583,38.9583,38.9583,0.1219,100.000000,4.8698,4.8698,1.0000,0,1,28,1841059,A168_HF9F_20260827_0900,2026-08-27 09:00:00,185
114630387|8|7,7,114630387,8,2026-05-03,1,2106,5,7,4,193.1422,193.1422,-166.9786,0.0000,-86.453697,27.5917,38.6284,1.4000,0,1,10,1841060,A168_HF9F_20260827_0900,2026-08-27 09:00:00,185
114630387|9|7,7,114630387,9,2026-05-03,1,2106,7,8,3,2264.6016,2264.6016,2256.1670,0.0000,99.627545,283.0752,323.5145,1.1429,0,1,21,1841061,A168_HF9F_20260827_0900,2026-08-27 09:00:00,185
114630411|1|7,7,114630411,1,2026-05-03,1,2160,4,4,2,305.3123,305.3123,-37.0759,0.0000,-12.143593,76.3281,76.3281,1.0000,0,1,6,1841062,A168_HF9F_20260827_0900,2026-08-27 09:00:00,185
114630411|10|7,7,114630411,10,2026-05-03,1,2129,13,19,7,588.8260,14.6419,-50.9659,0.0000,-348.082070,30.9908,45.2943,1.4615,13,1,78,1841063,A168_HF9F_20260827_0900,2026-08-27 09:00:00,185
114630411|11|7,7,114630411,11,2026-05-03,1,2129,19,24,6,1962.7325,1958.5312,-1016.2954,8.4025,-51.890692,81.7805,103.3017,1.2632,1,1,171,1841064,A168_HF9F_20260827_0900,2026-08-27 09:00:00,185
114630411|12|7,7,114630411,12,2026-05-03,1,2129,21,22,3,3610.6009,2.5946,-20.7566,0.0000,-800.000000,164.1182,171.9334,1.0476,21,1,210,1841065,A168_HF9F_20260827_0900,2026-08-27 09:00:00,185
114630411|13|7,7,114630411,13,2026-05-03,1,2129,19,25,6,3815.8729,3815.8729,-2668.2446,24.4512,-69.924881,152.6349,200.8354,1.3158,0,1,171,1841066,A168_HF9F_20260827_0900,2026-08-27 09:00:00,185
114630411|14|7,7,114630411,14,2026-05-03,1,2129,20,29,6,5062.1906,5062.1906,-3974.8820,28.5684,-78.520986,174.5583,253.1095,1.4500,0,1,190,1841067,A168_HF9F_20260827_0900,2026-08-27 09:00:00,185
114630411|15|7,7,114630411,15,2026-05-03,1,2129,21,31,6,4878.0373,4878.0373,3868.2251,29.4087,79.298802,157.3560,232.2875,1.4762,0,1,210,1841068,A168_HF9F_20260827_0900,2026-08-27 09:00:00,185
114630411|16|7,7,114630411,16,2026-05-03,1,2129,14,16,3,1991.6566,1991.6566,-837.0044,10.9232,-42.025538,124.4785,142.2612,1.1429,0,1,91,1841069,A168_HF9F_20260827_0900,2026-08-27 09:00:00,185
114630411|17|7,7,114630411,17,2026-05-03,1,2129,13,15,3,2157.2713,2157.2713,-1709.3420,14.2842,-79.236301,143.8181,165.9439,1.1538,0,1,78,1841070,A168_HF9F_20260827_0900,2026-08-27 09:00:00,185
114630411|18|7,7,114630411,18,2026-05-03,1,2129,14,16,4,2916.5924,2916.5924,2026.0092,18.4855,69.464940,182.2870,208.3280,1.1429,0,1,91,1841071,A168_HF9F_20260827_0900,2026-08-27 09:00:00,185
114630411|19|7,7,114630411,19,2026-05-03,1,2129,14,21,6,4198.3148,27.1832,-141.8437,0.0000,-521.805452,199.9198,299.8796,1.5000,14,1,91,1841072,A168_HF9F_20260827_0900,2026-08-27 09:00:00,185
114630411|2|7,7,114630411,2,2026-05-03,1,2160,5,6,3,314.9712,2.5946,2.5946,0.0000,100.000000,52.4952,62.9942,1.2000,5,1,10,1841073,A168_HF9F_20260827_0900,2026-08-27 09:00:00,185
114630411|20|7,7,114630411,20,2026-05-03,1,2129,20,24,5,4152.5939,4152.5939,3503.4045,29.2406,84.366653,173.0247,207.6297,1.2000,0,1,190,1841074,A168_HF9F_20260827_0900,2026-08-27 09:00:00,185
114630411|21|7,7,114630411,21,2026-05-03,1,2129,24,35,8,3102.0856,3102.0856,429.3354,7.6717,13.840219,88.6310,129.2536,1.4583,0,1,276,1841075,A168_HF9F_20260827_0900,2026-08-27 09:00:00,185
114630411|22|7,7,114630411,22,2026-05-03,1,2129,17,28,8,3555.0791,3555.0791,-600.9408,15.1245,-16.903725,126.9671,209.1223,1.6471,0,1,136,1841076,A168_HF9F_20260827_0900,2026-08-27 09:00:00,185
114630411|23|7,7,114630411,23,2026-05-03,1,2129,12,20,8,1704.2975,1704.2975,-1378.1611,12.0371,-80.863882,85.2149,142.0248,1.6667,0,1,66,1841077,A168_HF9F_20260827_0900,2026-08-27 09:00:00,185
114630411|24|7,7,114630411,24,2026-05-03,1,2129,10,19,8,1232.8674,1232.8674,1121.5115,8.4572,90.967737,64.8878,123.2867,1.9000,0,1,45,1841078,A168_HF9F_20260827_0900,2026-08-27 09:00:00,185
114630411|25|7,7,114630411,25,2026-05-03,1,2129,15,23,8,2462.1297,2462.1297,-2301.5355,11.8729,-93.477428,107.0491,164.1420,1.5333,0,1,105,1841079,A168_HF9F_20260827_0900,2026-08-27 09:00:00,185
114630411|26|7,7,114630411,26,2026-05-03,1,2129,11,17,8,2097.3500,2097.3500,-1460.3508,13.5534,-69.628379,123.3735,190.6682,1.5455,0,1,55,1841080,A168_HF9F_20260827_0900,2026-08-27 09:00:00,185
114630411|27|7,7,114630411,27,2026-05-03,1,2129,15,17,3,3368.7713,3368.7713,-3142.9188,24.0690,-93.295700,198.1630,224.5848,1.1333,0,1,105,1841081,A168_HF9F_20260827_0900,2026-08-27 09:00:00,185
114630411|28|7,7,114630411,28,2026-05-03,1,2129,9,10,3,3177.8898,3177.8898,3086.1264,23.8630,97.112440,317.7890,353.0989,1.1111,0,1,36,1841082,A168_HF9F_20260827_0900,2026-08-27 09:00:00,185
114630411|29|7,7,114630411,29,2026-05-03,1,2129,13,15,3,3456.6119,3456.6119,-2932.0548,25.2074,-84.824529,230.4408,265.8932,1.1538,0,1,78,1841083,A168_HF9F_20260827_0900,2026-08-27 09:00:00,185
114630411|3|7,7,114630411,3,2026-05-03,1,2160,9,9,2,476.2759,476.2759,154.6677,0.0336,32.474396,52.9195,52.9195,1.0000,0,1,36,1841084,A168_HF9F_20260827_0900,2026-08-27 09:00:00,185
114630411|30|7,7,114630411,30,2026-05-03,1,2129,13,17,5,4161.6797,4161.6797,-3050.2596,28.5684,-73.293954,244.8047,320.1292,1.3077,0,1,78,1841085,A168_HF9F_20260827_0900,2026-08-27 09:00:00,185
114630411|31|7,7,114630411,31,2026-05-03,1,2129,7,8,3,1628.0081,1628.0081,1606.8777,12.0371,98.702070,203.5010,232.5726,1.1429,0,1,21,1841086,A168_HF9F_20260827_0900,2026-08-27 09:00:00,185
114630411|32|7,7,114630411,32,2026-05-03,1,2129,7,8,3,3244.6838,3244.6838,3111.7597,24.3672,95.903327,405.5855,463.5263,1.1429,0,1,21,1841087,A168_HF9F_20260827_0900,2026-08-27 09:00:00,185
114630411|33|7,7,114630411,33,2026-05-03,1,2129,14,15,3,2615.7693,2615.7693,2388.0956,13.6120,91.296109,174.3846,186.8407,1.0714,0,1,91,1841088,A168_HF9F_20260827_0900,2026-08-27 09:00:00,185
114630411|34|7,7,114630411,34,2026-05-03,1,2129,8,11,5,3374.6615,3374.6615,3267.7193,25.4302,96.831023,306.7874,421.8327,1.3750,0,1,28,1841089,A168_HF9F_20260827_0900,2026-08-27 09:00:00,185
114630411|35|7,7,114630411,35,2026-05-03,1,2106,15,19,5,2793.6311,3.4348,0.9141,0.0000,26.612061,147.0332,186.2421,1.2667,15,1,105,1841090,A168_HF9F_20260827_0900,2026-08-27 09:00:00,185
114630411|36|7,7,114630411,36,2026-05-03,1,2106,17,21,5,2142.4250,2142.4250,-503.2706,0.0000,-23.490700,102.0202,126.0250,1.2353,0,1,136,1841091,A168_HF9F_20260827_0900,2026-08-27 09:00:00,185
114630411|37|7,7,114630411,37,2026-05-03,1,2106,10,13,3,2878.1578,2878.1578,2145.0026,16.8050,74.526929,221.3968,287.8158,1.3000,0,1,45,1841092,A168_HF9F_20260827_0900,2026-08-27 09:00:00,185
114630411|38|7,7,114630411,38,2026-05-03,1,2106,11,12,3,3877.2420,3877.2420,-3392.3109,28.5684,-87.492886,323.1035,352.4765,1.0909,0,1,55,1841093,A168_HF9F_20260827_0900,2026-08-27 09:00:00,185
114630411|39|7,7,114630411,39,2026-05-03,1,2106,10,15,5,3785.3206,3785.3206,3159.3582,26.8879,83.463425,252.3547,378.5321,1.5000,0,1,45,1841094,A168_HF9F_20260827_0900,2026-08-27 09:00:00,185
114630411|4|7,7,114630411,4,2026-05-03,1,2160,10,10,2,4905.1630,4905.1630,-4306.6571,0.0504,-87.798450,490.5163,490.5163,1.0000,0,1,45,1841095,A168_HF9F_20260827_0900,2026-08-27 09:00:00,185
114630411|40|7,7,114630411,40,2026-05-03,1,2106,10,17,7,1902.3452,1902.3452,-1645.2560,11.7635,-86.485668,111.9027,190.2345,1.7000,0,1,45,1841096,A168_HF9F_20260827_0900,2026-08-27 09:00:00,185
114630411|41|7,7,114630411,41,2026-05-03,1,2106,13,13,2,2097.7906,2097.7906,-1742.9852,11.8643,-83.086712,161.3685,161.3685,1.0000,0,1,78,1841097,A168_HF9F_20260827_0900,2026-08-27 09:00:00,185
114630411|42|7,7,114630411,42,2026-05-03,1,2106,9,11,4,3707.3407,3707.3407,-2376.9678,23.5269,-64.115171,337.0310,411.9267,1.2222,0,1,36,1841098,A168_HF9F_20260827_0900,2026-08-27 09:00:00,185
114630411|43|7,7,114630411,43,2026-05-03,1,2106,7,8,3,4465.9063,4465.9063,4312.0381,31.9294,96.554603,558.2383,637.9866,1.1429,0,1,21,1841099,A168_HF9F_20260827_0900,2026-08-27 09:00:00,185
114630411|44|7,7,114630411,44,2026-05-03,1,2106,6,6,2,3396.7143,3396.7143,-3364.7849,26.0477,-99.059991,566.1191,566.1191,1.0000,0,1,15,1841100,A168_HF9F_20260827_0900,2026-08-27 09:00:00,185
114630411|45|7,7,114630411,45,2026-05-03,1,2106,5,5,2,3425.5011,3425.5011,-3164.5303,25.2074,-92.381529,685.1002,685.1002,1.0000,0,1,10,1841101,A168_HF9F_20260827_0900,2026-08-27 09:00:00,185
114630411|46|7,7,114630411,46,2026-05-03,1,2106,10,13,3,4107.8281,4081.8824,3544.1237,28.5852,86.825719,315.9868,410.7828,1.3000,2,1,45,1841102,A168_HF9F_20260827_0900,2026-08-27 09:00:00,185
114630411|5|7,7,114630411,5,2026-05-03,1,2160,7,7,2,568.1235,568.1235,-90.4197,0.0336,-15.915507,81.1605,81.1605,1.0000,0,1,21,1841103,A168_HF9F_20260827_0900,2026-08-27 09:00:00,185
114630411|6|7,7,114630411,6,2026-05-03,1,2129,8,9,3,770.8693,770.8693,270.8988,0.0000,35.141987,85.6521,96.3587,1.1250,0,1,28,1841104,A168_HF9F_20260827_0900,2026-08-27 09:00:00,185
114630411|7|7,7,114630411,7,2026-05-03,1,2129,9,11,3,432.3013,432.3013,156.2142,0.0000,36.135484,39.3001,48.0335,1.2222,0,1,36,1841105,A168_HF9F_20260827_0900,2026-08-27 09:00:00,185
114630411|8|7,7,114630411,8,2026-05-03,1,2129,16,23,6,847.6556,847.6556,523.6274,0.0547,61.773606,36.8546,52.9785,1.4375,0,1,120,1841106,A168_HF9F_20260827_0900,2026-08-27 09:00:00,185
114630411|9|7,7,114630411,9,2026-05-03,1,2129,14,19,6,537.3036,537.3036,109.0877,0.0000,20.302812,28.2791,38.3788,1.3571,0,1,91,1841107,A168_HF9F_20260827_0900,2026-08-27 09:00:00,185
114630435|1|7,7,114630435,1,2026-05-03,1,2106,2,2,2,166.0372,166.0372,-79.7353,1.0083,-48.022570,83.0186,83.0186,1.0000,0,1,1,1841108,A168_HF9F_20260827_0900,2026-08-27 09:00:00,185
114630435|10|7,7,114630435,10,2026-05-03,1,2106,9,9,2,427.2497,0.0000,0.0000,0.0000,,47.4722,47.4722,1.0000,9,1,36,1841109,A168_HF9F_20260827_0900,2026-08-27 09:00:00,185
114630435|11|7,7,114630435,11,2026-05-03,1,2106,11,11,2,421.1359,421.1359,-198.9470,0.0168,-47.240574,38.2851,38.2851,1.0000,0,1,55,1841110,A168_HF9F_20260827_0900,2026-08-27 09:00:00,185
114630435|12|7,7,114630435,12,2026-05-03,1,2106,7,7,2,191.1414,191.1414,92.7735,0.0168,48.536593,27.3059,27.3059,1.0000,0,1,21,1841111,A168_HF9F_20260827_0900,2026-08-27 09:00:00,185
114630435|13|7,7,114630435,13,2026-05-03,1,2106,6,6,2,245.6606,245.6606,-244.8203,0.0000,-99.657964,40.9434,40.9434,1.0000,0,1,15,1841112,A168_HF9F_20260827_0900,2026-08-27 09:00:00,185
114630435|14|7,7,114630435,14,2026-05-03,1,2106,7,7,2,424.2739,316.1377,-228.7858,0.0168,-72.369043,60.6106,60.6106,1.0000,0,1,21,1841113,A168_HF9F_20260827_0900,2026-08-27 09:00:00,185
114630435|15|7,7,114630435,15,2026-05-03,1,2106,9,9,2,664.7558,664.7558,255.1349,0.0168,38.380250,73.8618,73.8618,1.0000,0,1,36,1841114,A168_HF9F_20260827_0900,2026-08-27 09:00:00,185
114630435|16|7,7,114630435,16,2026-05-03,1,2106,11,11,2,620.7798,620.7798,-281.0561,0.0000,-45.274690,56.4345,56.4345,1.0000,0,1,55,1841115,A168_HF9F_20260827_0900,2026-08-27 09:00:00,185
114630435|17|7,7,114630435,17,2026-05-03,1,2106,8,8,2,609.3548,609.3548,401.7891,0.0000,65.936798,76.1694,76.1694,1.0000,0,1,28,1841116,A168_HF9F_20260827_0900,2026-08-27 09:00:00,185
114630435|18|7,7,114630435,18,2026-05-03,1,2106,11,12,3,618.9046,618.9046,-240.5684,0.4537,-38.870020,51.5754,56.2641,1.0909,0,1,55,1841117,A168_HF9F_20260827_0900,2026-08-27 09:00:00,185
114630435|19|7,7,114630435,19,2026-05-03,1,2160,12,12,2,658.3541,658.3541,371.2707,0.0000,56.393768,54.8628,54.8628,1.0000,0,1,66,1841118,A168_HF9F_20260827_0900,2026-08-27 09:00:00,185
114630435|2|7,7,114630435,2,2026-05-03,1,2106,3,3,2,1058.5854,1058.5854,-1027.4506,0.0000,-97.058824,352.8618,352.8618,1.0000,0,1,3,1841119,A168_HF9F_20260827_0900,2026-08-27 09:00:00,185
114630435|20|7,7,114630435,20,2026-05-03,1,2160,6,9,4,748.8255,98.7291,-184.8545,0.0000,-187.234043,83.2028,124.8043,1.5000,7,1,15,1841120,A168_HF9F_20260827_0900,2026-08-27 09:00:00,185
114630435|21|7,7,114630435,21,2026-05-03,1,2160,7,9,3,147.7992,130.9943,-10.9509,0.0000,-8.359841,16.4221,21.1142,1.2857,1,1,21,1841121,A168_HF9F_20260827_0900,2026-08-27 09:00:00,185
114630435|22|7,7,114630435,22,2026-05-03,1,2160,9,12,4,784.2332,32.0032,-232.6748,0.0000,-727.035063,65.3528,87.1370,1.3333,10,1,36,1841122,A168_HF9F_20260827_0900,2026-08-27 09:00:00,185
114630435|23|7,7,114630435,23,2026-05-03,1,2160,11,13,3,810.8371,752.0198,-71.7003,0.0000,-9.534367,62.3721,73.7125,1.1818,1,1,55,1841123,A168_HF9F_20260827_0900,2026-08-27 09:00:00,185
114630435|24|7,7,114630435,24,2026-05-03,1,2160,16,20,3,1027.6281,36.6246,-292.9969,0.0202,-800.000000,51.3814,64.2268,1.2500,17,1,120,1841124,A168_HF9F_20260827_0900,2026-08-27 09:00:00,185
114630435|25|7,7,114630435,25,2026-05-03,1,2160,14,19,4,749.2397,707.2273,-63.1807,0.2119,-8.933573,39.4337,53.5171,1.3571,1,1,91,1841125,A168_HF9F_20260827_0900,2026-08-27 09:00:00,185
114630435|26|7,7,114630435,26,2026-05-03,1,2160,18,32,7,1049.1524,973.5301,703.8301,0.1244,72.296694,32.7860,58.2862,1.7778,1,1,153,1841126,A168_HF9F_20260827_0900,2026-08-27 09:00:00,185
114630435|27|7,7,114630435,27,2026-05-03,1,2160,18,31,7,1029.3320,970.5147,-150.7826,1.2865,-15.536357,33.2043,57.1851,1.7222,1,1,153,1841127,A168_HF9F_20260827_0900,2026-08-27 09:00:00,185
114630435|28|7,7,114630435,28,2026-05-03,1,2160,17,26,6,551.1048,517.4949,155.6658,0.3161,30.080655,21.1963,32.4179,1.5294,1,1,136,1841128,A168_HF9F_20260827_0900,2026-08-27 09:00:00,185
114630435|29|7,7,114630435,29,2026-05-03,1,2160,15,20,5,721.6644,38.7991,-263.6902,0.0168,-679.630332,36.0832,48.1110,1.3333,16,1,105,1841129,A168_HF9F_20260827_0900,2026-08-27 09:00:00,185
114630435|3|7,7,114630435,3,2026-05-03,1,2106,3,3,1,37.9025,37.9025,-36.0074,0.0000,-95.000000,12.6342,12.6342,1.0000,0,1,3,1841130,A168_HF9F_20260827_0900,2026-08-27 09:00:00,185
114630435|30|7,7,114630435,30,2026-05-03,1,2160,12,17,3,459.2953,434.0878,184.2110,0.2103,42.436351,27.0174,38.2746,1.4167,1,1,66,1841131,A168_HF9F_20260827_0900,2026-08-27 09:00:00,185
114630435|31|7,7,114630435,31,2026-05-03,1,2160,21,28,5,1859.6793,1826.0694,-1435.8639,0.3869,-78.631401,66.4171,88.5562,1.3333,1,1,210,1841132,A168_HF9F_20260827_0900,2026-08-27 09:00:00,185
114630435|32|7,7,114630435,32,2026-05-03,1,2160,15,19,4,1624.5133,1565.6959,-791.9810,0.1978,-50.583324,85.5007,108.3009,1.2667,1,1,105,1841133,A168_HF9F_20260827_0900,2026-08-27 09:00:00,185
114630435|33|7,7,114630435,33,2026-05-03,1,2160,18,22,4,1271.8437,1238.2338,156.4081,0.4080,12.631547,57.8111,70.6580,1.2222,1,1,153,1841134,A168_HF9F_20260827_0900,2026-08-27 09:00:00,185
114630435|34|7,7,114630435,34,2026-05-03,1,2160,15,18,3,542.6209,542.6209,285.4518,0.4753,52.606111,30.1456,36.1747,1.2000,0,1,105,1841135,A168_HF9F_20260827_0900,2026-08-27 09:00:00,185
114630435|35|7,7,114630435,35,2026-05-03,1,2160,12,16,3,1388.9555,1355.3456,-189.0894,0.2122,-13.951383,86.8097,115.7463,1.3333,1,1,66,1841136,A168_HF9F_20260827_0900,2026-08-27 09:00:00,185
114630435|36|7,7,114630435,36,2026-05-03,1,2160,10,12,3,582.0423,514.8224,79.1311,0.0000,15.370553,48.5035,58.2042,1.2000,1,1,45,1841137,A168_HF9F_20260827_0900,2026-08-27 09:00:00,185
114630435|37|7,7,114630435,37,2026-05-03,1,2160,7,8,3,695.4406,695.4406,380.8181,0.0975,54.759256,86.9301,99.3487,1.1429,0,1,21,1841138,A168_HF9F_20260827_0900,2026-08-27 09:00:00,185
114630435|38|7,7,114630435,38,2026-05-03,1,2160,23,31,6,1875.6665,1825.2517,92.5531,0.1008,5.070702,60.5054,81.5507,1.3478,1,1,253,1841139,A168_HF9F_20260827_0900,2026-08-27 09:00:00,185
114630435|39|7,7,114630435,39,2026-05-03,1,2160,16,18,3,1050.2705,991.4531,-315.5407,0.0000,-31.826081,58.3484,65.6419,1.1250,1,1,120,1841140,A168_HF9F_20260827_0900,2026-08-27 09:00:00,185
114630435|4|7,7,114630435,4,2026-05-03,1,2106,3,3,2,35.1891,35.1891,-4.8109,0.0000,-13.671420,11.7297,11.7297,1.0000,0,1,3,1841141,A168_HF9F_20260827_0900,2026-08-27 09:00:00,185
114630435|40|7,7,114630435,40,2026-05-03,1,2160,13,16,3,976.3540,25.7014,-205.6111,0.0000,-800.000000,61.0221,75.1042,1.2308,13,1,78,1841142,A168_HF9F_20260827_0900,2026-08-27 09:00:00,185
114630435|41|7,7,114630435,41,2026-05-03,1,2160,13,18,5,973.6951,910.6765,-111.0025,0.0000,-12.189015,54.0942,74.8996,1.3846,2,1,78,1841143,A168_HF9F_20260827_0900,2026-08-27 09:00:00,185
114630435|42|7,7,114630435,42,2026-05-03,1,2160,16,21,5,1209.7775,1138.3565,554.1268,0.2736,48.677790,57.6085,75.6111,1.3125,2,1,120,1841144,A168_HF9F_20260827_0900,2026-08-27 09:00:00,185
114630435|43|7,7,114630435,43,2026-05-03,1,2160,13,14,3,658.7789,658.7789,-106.5671,0.6607,-16.176463,47.0556,50.6753,1.0769,0,1,78,1841145,A168_HF9F_20260827_0900,2026-08-27 09:00:00,185
114630435|44|7,7,114630435,44,2026-05-03,1,2160,13,15,3,527.2478,502.0404,-98.3502,0.1094,-19.590102,35.1499,40.5575,1.1538,1,1,78,1841146,A168_HF9F_20260827_0900,2026-08-27 09:00:00,185
114630435|45|7,7,114630435,45,2026-05-03,1,2134,14,19,6,590.3506,569.3444,-173.9498,1.0419,-30.552647,31.0711,42.1679,1.3571,2,1,91,1841147,A168_HF9F_20260827_0900,2026-08-27 09:00:00,185
114630435|46|7,7,114630435,46,2026-05-03,1,2134,14,17,3,609.2175,537.7964,-169.3055,0.0336,-31.481331,35.8363,43.5155,1.2143,3,1,91,1841148,A168_HF9F_20260827_0900,2026-08-27 09:00:00,185
114630435|47|7,7,114630435,47,2026-05-03,1,2134,11,11,3,294.1652,270.5644,-77.2735,0.0336,-28.560125,26.7423,26.7423,1.0000,0,1,55,1841149,A168_HF9F_20260827_0900,2026-08-27 09:00:00,185
114630435|48|7,7,114630435,48,2026-05-03,1,2134,11,15,6,637.4567,627.0784,87.3688,1.0419,13.932681,42.4971,57.9506,1.3636,1,1,55,1841150,A168_HF9F_20260827_0900,2026-08-27 09:00:00,185
114630435|49|7,7,114630435,49,2026-05-03,1,2134,12,15,5,981.9491,960.9429,-836.4034,0.0000,-87.039869,65.4633,81.8291,1.2500,2,1,66,1841151,A168_HF9F_20260827_0900,2026-08-27 09:00:00,185
114630435|5|7,7,114630435,5,2026-05-03,1,2106,11,11,2,384.8482,384.8482,-318.7813,0.1849,-82.832978,34.9862,34.9862,1.0000,0,1,55,1841152,A168_HF9F_20260827_0900,2026-08-27 09:00:00,185
114630435|6|7,7,114630435,6,2026-05-03,1,2106,20,20,2,1054.8790,1054.8790,-852.5024,0.0168,-80.815182,52.7440,52.7440,1.0000,0,1,190,1841153,A168_HF9F_20260827_0900,2026-08-27 09:00:00,185
114630435|7|7,7,114630435,7,2026-05-03,1,2106,24,26,4,1735.1711,1735.1711,-1056.4846,1.3949,-60.886481,66.7373,72.2988,1.0833,0,1,276,1841154,A168_HF9F_20260827_0900,2026-08-27 09:00:00,185
114630435|8|7,7,114630435,8,2026-05-03,1,2106,21,23,5,1776.7655,10.3783,-36.3240,0.0000,-350.000000,77.2507,84.6079,1.0952,20,1,210,1841155,A168_HF9F_20260827_0900,2026-08-27 09:00:00,185
114630435|9|7,7,114630435,9,2026-05-03,1,2106,17,20,5,1342.2324,1342.2324,1071.2928,0.0000,79.814259,67.1116,78.9548,1.1765,0,1,136,1841156,A168_HF9F_20260827_0900,2026-08-27 09:00:00,185
114630459|1|7,7,114630459,1,2026-05-03,1,2134,2,3,3,273.9208,273.9208,-258.5863,0.0000,-94.401840,91.3069,136.9604,1.5000,0,1,1,1841157,A168_HF9F_20260827_0900,2026-08-27 09:00:00,185
114630459|10|7,7,114630459,10,2026-05-03,1,2134,9,9,2,681.9543,681.9543,-538.1865,0.0000,-78.918264,75.7727,75.7727,1.0000,0,1,36,1841158,A168_HF9F_20260827_0900,2026-08-27 09:00:00,185
114630459|11|7,7,114630459,11,2026-05-03,1,2134,10,13,5,184.0850,184.0850,61.5213,0.0000,33.420064,14.1604,18.4085,1.3000,0,1,45,1841159,A168_HF9F_20260827_0900,2026-08-27 09:00:00,185
114630459|12|7,7,114630459,12,2026-05-03,1,2134,15,19,6,1717.2816,1717.2816,43.7321,0.0000,2.546589,90.3832,114.4854,1.2667,0,1,105,1841160,A168_HF9F_20260827_0900,2026-08-27 09:00:00,185
114630459|13|7,7,114630459,13,2026-05-03,1,2134,9,11,5,331.0104,331.0104,200.2898,0.0000,60.508603,30.0919,36.7789,1.2222,0,1,36,1841161,A168_HF9F_20260827_0900,2026-08-27 09:00:00,185
114630459|14|7,7,114630459,14,2026-05-03,1,2134,16,16,2,1706.1233,1706.1233,-1126.7798,0.0000,-66.043277,106.6327,106.6327,1.0000,0,1,120,1841162,A168_HF9F_20260827_0900,2026-08-27 09:00:00,185
114630459|15|7,7,114630459,15,2026-05-03,1,2134,18,19,3,1049.5014,1049.5014,106.0403,0.0000,10.103871,55.2369,58.3056,1.0556,0,1,153,1841163,A168_HF9F_20260827_0900,2026-08-27 09:00:00,185
114630459|16|7,7,114630459,16,2026-05-03,1,2134,23,25,4,823.2773,823.2773,272.0185,0.0168,33.040932,32.9311,35.7947,1.0870,0,1,253,1841164,A168_HF9F_20260827_0900,2026-08-27 09:00:00,185
114630459|17|7,7,114630459,17,2026-05-03,1,2134,19,22,6,741.0262,741.0262,-421.0225,0.0168,-56.816142,33.6830,39.0014,1.1579,0,1,171,1841165,A168_HF9F_20260827_0900,2026-08-27 09:00:00,185
114630459|18|7,7,114630459,18,2026-05-03,1,2134,23,25,3,954.8370,954.8370,211.5701,0.7226,22.157717,38.1935,41.5147,1.0870,0,1,253,1841166,A168_HF9F_20260827_0900,2026-08-27 09:00:00,185
114630459|19|7,7,114630459,19,2026-05-03,1,2134,15,16,3,563.8681,4.2012,-33.6099,0.0000,-800.000000,35.2418,37.5912,1.0667,15,1,105,1841167,A168_HF9F_20260827_0900,2026-08-27 09:00:00,185
114630459|2|7,7,114630459,2,2026-05-03,1,2134,6,9,4,962.4988,912.0839,-777.4039,0.0000,-85.233810,106.9443,160.4165,1.5000,1,1,15,1841168,A168_HF9F_20260827_0900,2026-08-27 09:00:00,185
114630459|20|7,7,114630459,20,2026-05-03,1,2134,16,22,7,1193.2242,916.4296,108.1740,0.0393,11.803848,54.2375,74.5765,1.3750,0,1,120,1841169,A168_HF9F_20260827_0900,2026-08-27 09:00:00,185
114630459|21|7,7,114630459,21,2026-05-03,1,2134,19,22,5,1123.1959,1123.1959,260.2262,0.0168,23.168371,51.0544,59.1156,1.1579,0,1,171,1841170,A168_HF9F_20260827_0900,2026-08-27 09:00:00,185
114630459|22|7,7,114630459,22,2026-05-03,1,2134,33,38,6,1907.8922,1907.8922,-748.6973,0.0786,-39.242116,50.2077,57.8149,1.1515,0,1,528,1841171,A168_HF9F_20260827_0900,2026-08-27 09:00:00,185
114630459|23|7,7,114630459,23,2026-05-03,1,2134,27,33,6,1927.4762,24.4639,-130.1030,0.0000,-531.817200,58.4084,71.3880,1.2222,28,1,351,1841172,A168_HF9F_20260827_0900,2026-08-27 09:00:00,185
114630459|24|7,7,114630459,24,2026-05-03,1,2134,30,36,7,2424.7791,2420.9980,256.1577,1.9422,10.580666,67.3550,80.8260,1.2000,1,1,435,1841173,A168_HF9F_20260827_0900,2026-08-27 09:00:00,185
114630459|25|7,7,114630459,25,2026-05-03,1,2134,16,19,5,505.8095,505.8095,-57.5250,0.0168,-11.372863,26.6216,31.6131,1.1875,0,1,120,1841174,A168_HF9F_20260827_0900,2026-08-27 09:00:00,185
114630459|26|7,7,114630459,26,2026-05-03,1,2134,14,17,5,436.5571,436.5571,389.8548,0.0954,89.302134,25.6798,31.1827,1.2143,0,1,91,1841175,A168_HF9F_20260827_0900,2026-08-27 09:00:00,185
114630459|27|7,7,114630459,27,2026-05-03,1,2134,12,14,4,692.3800,692.3800,-567.2916,0.0218,-81.933562,49.4557,57.6983,1.1667,0,1,66,1841176,A168_HF9F_20260827_0900,2026-08-27 09:00:00,185
114630459|28|7,7,114630459,28,2026-05-03,1,2134,13,17,5,560.0010,560.0010,-237.3899,0.0954,-42.390967,32.9412,43.0770,1.3077,0,1,78,1841177,A168_HF9F_20260827_0900,2026-08-27 09:00:00,185
114630459|29|7,7,114630459,29,2026-05-03,1,2134,9,12,5,519.5203,47.2015,23.8504,0.0000,50.528838,43.2934,57.7245,1.3333,9,1,36,1841178,A168_HF9F_20260827_0900,2026-08-27 09:00:00,185
114630459|3|7,7,114630459,3,2026-05-03,1,2134,15,19,4,2302.1586,2243.3413,133.8613,0.0672,5.967050,121.1662,153.4772,1.2667,1,1,105,1841179,A168_HF9F_20260827_0900,2026-08-27 09:00:00,185
114630459|30|7,7,114630459,30,2026-05-03,1,2134,16,18,5,756.2125,756.2125,656.7160,0.0954,86.842785,42.0118,47.2633,1.1250,0,1,120,1841180,A168_HF9F_20260827_0900,2026-08-27 09:00:00,185
114630459|31|7,7,114630459,31,2026-05-03,1,2134,12,14,4,255.6243,255.6243,-8.0217,0.0168,-3.138073,18.2589,21.3020,1.1667,0,1,66,1841181,A168_HF9F_20260827_0900,2026-08-27 09:00:00,185
114630459|32|7,7,114630459,32,2026-05-03,1,2134,14,19,9,321.9804,321.9804,-30.5140,0.0168,-9.476972,16.9463,22.9986,1.3571,0,1,91,1841182,A168_HF9F_20260827_0900,2026-08-27 09:00:00,185
114630459|33|7,7,114630459,33,2026-05-03,1,2134,17,23,6,1259.3346,1259.3346,-484.2983,0.0891,-38.456686,54.7537,74.0785,1.3529,0,1,136,1841183,A168_HF9F_20260827_0900,2026-08-27 09:00:00,185
114630459|34|7,7,114630459,34,2026-05-03,1,2134,15,18,5,1021.4040,1021.4040,280.0167,0.0954,27.414883,56.7447,68.0936,1.2000,0,1,105,1841184,A168_HF9F_20260827_0900,2026-08-27 09:00:00,185
114630459|35|7,7,114630459,35,2026-05-03,1,1704,10,13,5,271.8272,271.8272,6.4108,0.0000,2.358413,20.9098,27.1827,1.3000,0,1,45,1841185,A168_HF9F_20260827_0900,2026-08-27 09:00:00,185
114630459|36|7,7,114630459,36,2026-05-03,1,1704,29,40,9,1511.6304,1511.6304,-929.5920,0.0715,-61.495981,37.7908,52.1252,1.3793,0,1,406,1841186,A168_HF9F_20260827_0900,2026-08-27 09:00:00,185
114630459|37|7,7,114630459,37,2026-05-03,1,1704,18,21,5,1079.9728,872.4071,-197.6208,0.0168,-22.652358,51.4273,59.9985,1.1667,0,1,153,1841187,A168_HF9F_20260827_0900,2026-08-27 09:00:00,185
114630459|38|7,7,114630459,38,2026-05-03,1,1704,16,19,5,1754.5146,1754.5146,91.0950,0.0168,5.192036,92.3429,109.6572,1.1875,0,1,120,1841188,A168_HF9F_20260827_0900,2026-08-27 09:00:00,185
114630459|39|7,7,114630459,39,2026-05-03,1,1704,29,35,6,7224.3913,7198.4456,-310.3106,0.7680,-4.310799,206.4112,249.1169,1.2069,2,1,406,1841189,A168_HF9F_20260827_0900,2026-08-27 09:00:00,185
114630459|4|7,7,114630459,4,2026-05-03,1,2134,13,16,4,1746.2398,1695.8250,1396.4113,0.0672,82.344073,109.1400,134.3261,1.2308,1,1,78,1841190,A168_HF9F_20260827_0900,2026-08-27 09:00:00,185
114630459|40|7,7,114630459,40,2026-05-03,1,1704,17,21,6,535.9261,535.9261,81.1774,0.1630,15.147129,25.5203,31.5251,1.2353,0,1,136,1841191,A168_HF9F_20260827_0900,2026-08-27 09:00:00,185
114630459|41|7,7,114630459,41,2026-05-03,1,1704,14,16,4,560.1353,560.1353,-473.5940,0.0168,-84.549925,35.0085,40.0097,1.1429,0,1,91,1841192,A168_HF9F_20260827_0900,2026-08-27 09:00:00,185
114630459|42|7,7,114630459,42,2026-05-03,1,1704,18,22,4,961.2650,909.3736,139.6863,0.0954,15.360716,43.6939,53.4036,1.2222,1,1,153,1841193,A168_HF9F_20260827_0900,2026-08-27 09:00:00,185
114630459|43|7,7,114630459,43,2026-05-03,1,1704,9,13,5,414.1418,54.4860,-435.8881,0.0000,-800.000000,31.8571,46.0158,1.4444,11,1,36,1841194,A168_HF9F_20260827_0900,2026-08-27 09:00:00,185
114630459|44|7,7,114630459,44,2026-05-03,1,1704,9,12,5,601.7707,601.7707,-559.6725,0.0168,-93.004281,50.1476,66.8634,1.3333,0,1,36,1841195,A168_HF9F_20260827_0900,2026-08-27 09:00:00,185
114630459|45|7,7,114630459,45,2026-05-03,1,1704,11,16,7,221.8945,11.6756,-58.3779,0.0000,-500.000000,13.8684,20.1722,1.4545,11,1,55,1841196,A168_HF9F_20260827_0900,2026-08-27 09:00:00,185
114630459|46|7,7,114630459,46,2026-05-03,1,1704,8,13,7,506.2228,506.2228,-459.6504,0.0168,-90.800017,38.9402,63.2778,1.6250,0,1,28,1841197,A168_HF9F_20260827_0900,2026-08-27 09:00:00,185
114630459|47|7,7,114630459,47,2026-05-03,1,1704,12,16,5,750.7050,750.7050,562.4087,0.0168,74.917400,46.9191,62.5588,1.3333,0,1,66,1841198,A168_HF9F_20260827_0900,2026-08-27 09:00:00,185
114630459|48|7,7,114630459,48,2026-05-03,1,1704,10,16,6,437.0831,437.0831,395.5699,0.0954,90.502228,27.3177,43.7083,1.6000,0,1,45,1841199,A168_HF9F_20260827_0900,2026-08-27 09:00:00,185
114630459|49|7,7,114630459,49,2026-05-03,1,1704,9,12,4,219.4256,219.4256,13.6078,0.0168,6.201547,18.2855,24.3806,1.3333,0,1,36,1841200,A168_HF9F_20260827_0900,2026-08-27 09:00:00,185
114630459|5|7,7,114630459,5,2026-05-03,1,2134,15,18,4,982.8601,924.0428,324.3257,0.2067,35.098564,54.6033,65.5240,1.2000,1,1,105,1841201,A168_HF9F_20260827_0900,2026-08-27 09:00:00,185
114630459|6|7,7,114630459,6,2026-05-03,1,2134,17,19,3,967.3779,916.9631,13.2498,0.1378,1.444965,50.9146,56.9046,1.1176,1,1,136,1841202,A168_HF9F_20260827_0900,2026-08-27 09:00:00,185
114630459|7|7,7,114630459,7,2026-05-03,1,2134,9,11,3,587.5670,553.9570,172.3370,0.0000,31.110172,53.4152,65.2852,1.2222,1,1,36,1841203,A168_HF9F_20260827_0900,2026-08-27 09:00:00,185
114630459|8|7,7,114630459,8,2026-05-03,1,2134,9,9,2,379.3916,379.3916,-24.3100,0.0689,-6.407620,42.1546,42.1546,1.0000,0,1,36,1841204,A168_HF9F_20260827_0900,2026-08-27 09:00:00,185
114630459|9|7,7,114630459,9,2026-05-03,1,2134,7,7,2,178.6639,178.6639,-141.2048,0.0000,-79.033769,25.5234,25.5234,1.0000,0,1,21,1841205,A168_HF9F_20260827_0900,2026-08-27 09:00:00,185
114630483|1|7,7,114630483,1,2026-05-03,1,1704,2,3,2,21.0800,21.0800,21.0800,0.0000,100.000000,7.0267,10.5400,1.5000,0,1,1,1841206,A168_HF9F_20260827_0900,2026-08-27 09:00:00,185
114630483|10|7,7,114630483,10,2026-05-03,1,1704,10,11,3,938.1436,722.5444,-1101.9504,0.0000,-152.509710,85.2858,93.8144,1.1000,0,1,45,1841207,A168_HF9F_20260827_0900,2026-08-27 09:00:00,185
114630483|11|7,7,114630483,11,2026-05-03,1,1704,7,10,5,227.7194,227.7194,184.1111,0.0000,80.849977,22.7719,32.5313,1.4286,0,1,21,1841208,A168_HF9F_20260827_0900,2026-08-27 09:00:00,185
114630483|12|7,7,114630483,12,2026-05-03,1,1704,15,19,7,1771.7054,1771.7054,-1088.2659,0.0000,-61.424768,93.2477,118.1137,1.2667,0,1,105,1841209,A168_HF9F_20260827_0900,2026-08-27 09:00:00,185
114630483|13|7,7,114630483,13,2026-05-03,1,1704,25,31,6,2455.5281,2455.5281,-590.8953,0.7226,-24.063879,79.2106,98.2211,1.2400,0,1,300,1841210,A168_HF9F_20260827_0900,2026-08-27 09:00:00,185
114630483|14|7,7,114630483,14,2026-05-03,1,2167,34,42,6,3738.6506,3738.6506,438.9061,0.1512,11.739692,89.0155,109.9603,1.2353,0,1,561,1841211,A168_HF9F_20260827_0900,2026-08-27 09:00:00,185
114630483|15|7,7,114630483,15,2026-05-03,1,2167,40,53,7,3137.2991,3137.2991,-1476.6668,0.1849,-47.068092,59.1943,78.4325,1.3250,0,1,780,1841212,A168_HF9F_20260827_0900,2026-08-27 09:00:00,185
114630483|16|7,7,114630483,16,2026-05-03,1,2167,41,62,6,3659.0972,3659.0972,2098.7167,0.0840,57.356133,59.0177,89.2463,1.5122,0,1,820,1841213,A168_HF9F_20260827_0900,2026-08-27 09:00:00,185
114630483|17|7,7,114630483,17,2026-05-03,1,2167,33,44,6,1512.1601,1512.1601,28.2492,0.1176,1.868136,34.3673,45.8230,1.3333,0,1,528,1841214,A168_HF9F_20260827_0900,2026-08-27 09:00:00,185
114630483|18|7,7,114630483,18,2026-05-03,1,2167,32,41,7,2174.1509,2174.1509,-1290.7223,0.1512,-59.366730,53.0281,67.9422,1.2813,0,1,496,1841215,A168_HF9F_20260827_0900,2026-08-27 09:00:00,185
114630483|19|7,7,114630483,19,2026-05-03,1,2167,40,51,6,2164.8085,2164.8085,522.2103,0.0504,24.122701,42.4472,54.1202,1.2750,0,1,780,1841216,A168_HF9F_20260827_0900,2026-08-27 09:00:00,185
114630483|2|7,7,114630483,2,2026-05-03,1,1704,6,7,3,604.5572,604.5572,568.2332,0.0000,93.991634,86.3653,100.7595,1.1667,0,1,15,1841217,A168_HF9F_20260827_0900,2026-08-27 09:00:00,185
114630483|20|7,7,114630483,20,2026-05-03,1,2167,37,46,7,1772.4075,1772.4075,817.8784,0.1512,46.145052,38.5306,47.9029,1.2432,0,1,666,1841218,A168_HF9F_20260827_0900,2026-08-27 09:00:00,185
114630483|21|7,7,114630483,21,2026-05-03,1,2167,27,39,7,1158.8678,1158.8678,-422.5034,0.0504,-36.458294,29.7146,42.9210,1.4444,0,1,351,1841219,A168_HF9F_20260827_0900,2026-08-27 09:00:00,185
114630483|22|7,7,114630483,22,2026-05-03,1,2167,30,45,7,1737.9284,1737.9284,-295.3409,0.0672,-16.993849,38.6206,57.9309,1.5000,0,1,435,1841220,A168_HF9F_20260827_0900,2026-08-27 09:00:00,185
114630483|23|7,7,114630483,23,2026-05-03,1,2167,26,46,8,1679.4802,1679.4802,119.0186,0.1008,7.086633,36.5104,64.5954,1.7692,0,1,325,1841221,A168_HF9F_20260827_0900,2026-08-27 09:00:00,185
114630483|24|7,7,114630483,24,2026-05-03,1,2167,28,38,6,1171.3386,1171.3386,14.0716,0.0672,1.201325,30.8247,41.8335,1.3571,0,1,378,1841222,A168_HF9F_20260827_0900,2026-08-27 09:00:00,185
114630483|25|7,7,114630483,25,2026-05-03,1,2167,19,31,6,1235.5453,1235.5453,-371.9701,0.0840,-30.105746,39.8563,65.0287,1.6316,0,1,171,1841223,A168_HF9F_20260827_0900,2026-08-27 09:00:00,185
114630483|26|7,7,114630483,26,2026-05-03,1,2167,31,46,7,1508.0417,1508.0417,137.3801,0.1580,9.109833,32.7835,48.6465,1.4839,0,1,465,1841224,A168_HF9F_20260827_0900,2026-08-27 09:00:00,185
114630483|27|7,7,114630483,27,2026-05-03,1,2167,22,33,5,1986.4169,1986.4169,-776.8074,0.0840,-39.105958,60.1945,90.2917,1.5000,0,1,231,1841225,A168_HF9F_20260827_0900,2026-08-27 09:00:00,185
114630483|28|7,7,114630483,28,2026-05-03,1,2167,25,34,6,1355.9478,1355.9478,-111.6240,0.0840,-8.232179,39.8808,54.2379,1.3600,0,1,300,1841226,A168_HF9F_20260827_0900,2026-08-27 09:00:00,185
114630483|29|7,7,114630483,29,2026-05-03,1,2167,29,41,8,2112.7170,2112.7170,1141.9107,0.0672,54.049394,51.5297,72.8523,1.4138,0,1,406,1841227,A168_HF9F_20260827_0900,2026-08-27 09:00:00,185
114630483|3|7,7,114630483,3,2026-05-03,1,1704,6,6,2,546.5198,546.5198,-457.3959,0.0000,-83.692470,91.0866,91.0866,1.0000,0,1,15,1841228,A168_HF9F_20260827_0900,2026-08-27 09:00:00,185
114630483|30|7,7,114630483,30,2026-05-03,1,2167,21,34,7,2357.8589,2282.8589,-1137.3024,0.0672,-49.819215,69.3488,112.2790,1.6190,0,1,210,1841229,A168_HF9F_20260827_0900,2026-08-27 09:00:00,185
114630483|31|7,7,114630483,31,2026-05-03,1,2167,27,39,7,1213.7148,1213.7148,-300.4791,0.9957,-24.756976,31.1209,44.9524,1.4444,0,1,351,1841230,A168_HF9F_20260827_0900,2026-08-27 09:00:00,185
114630483|32|7,7,114630483,32,2026-05-03,1,2167,37,47,6,3253.8815,3253.8815,1468.7958,0.9957,45.139805,69.2315,87.9427,1.2703,0,1,666,1841231,A168_HF9F_20260827_0900,2026-08-27 09:00:00,185
114630483|33|7,7,114630483,33,2026-05-03,1,2167,19,27,7,946.4911,946.4911,414.1332,0.9453,43.754583,35.0552,49.8153,1.4211,0,1,171,1841232,A168_HF9F_20260827_0900,2026-08-27 09:00:00,185
114630483|34|7,7,114630483,34,2026-05-03,1,2167,18,22,6,977.1182,977.1182,109.8305,0.9453,11.240244,44.4145,54.2843,1.2222,0,1,153,1841233,A168_HF9F_20260827_0900,2026-08-27 09:00:00,185
114630483|35|7,7,114630483,35,2026-05-03,1,2167,24,30,7,1972.8428,49.0043,-45.5236,0.0000,-92.897294,65.7614,82.2018,1.2500,24,1,276,1841234,A168_HF9F_20260827_0900,2026-08-27 09:00:00,185
114630483|36|7,7,114630483,36,2026-05-03,1,2167,27,33,8,1290.0888,1252.1159,305.3349,0.9453,24.385511,39.0936,47.7811,1.2222,0,1,351,1841235,A168_HF9F_20260827_0900,2026-08-27 09:00:00,185
114630483|37|7,7,114630483,37,2026-05-03,1,2167,15,17,4,937.8997,937.8997,-54.5770,1.3234,-5.819068,55.1706,62.5266,1.1333,0,1,105,1841236,A168_HF9F_20260827_0900,2026-08-27 09:00:00,185
114630483|38|7,7,114630483,38,2026-05-03,1,2167,12,14,4,432.2540,432.2540,-204.7493,0.0000,-47.367833,30.8753,36.0212,1.1667,0,1,66,1841237,A168_HF9F_20260827_0900,2026-08-27 09:00:00,185
114630483|39|7,7,114630483,39,2026-05-03,1,2167,14,19,6,382.7094,382.7094,162.6897,0.9453,42.509978,20.1426,27.3364,1.3571,0,1,91,1841238,A168_HF9F_20260827_0900,2026-08-27 09:00:00,185
114630483|4|7,7,114630483,4,2026-05-03,1,1704,8,8,2,625.5263,625.5263,586.8752,0.0000,93.821020,78.1908,78.1908,1.0000,0,1,28,1841239,A168_HF9F_20260827_0900,2026-08-27 09:00:00,185
114630483|40|7,7,114630483,40,2026-05-03,1,2167,11,17,8,433.0617,433.0617,114.6656,0.0000,26.477881,25.4742,39.3692,1.5455,0,1,55,1841240,A168_HF9F_20260827_0900,2026-08-27 09:00:00,185
114630483|41|7,7,114630483,41,2026-05-03,1,2167,17,25,6,1161.1115,33.2938,-65.0814,0.0000,-195.475996,46.4445,68.3007,1.4706,17,1,136,1841241,A168_HF9F_20260827_0900,2026-08-27 09:00:00,185
114630483|42|7,7,114630483,42,2026-05-03,1,2167,19,28,7,1587.9153,1587.9153,-590.4439,0.9453,-37.183587,56.7113,83.5745,1.4737,0,1,171,1841242,A168_HF9F_20260827_0900,2026-08-27 09:00:00,185
114630483|43|7,7,114630483,43,2026-05-03,1,2167,10,17,8,512.4109,22.3632,-88.4651,0.0000,-395.582461,30.1418,51.2411,1.7000,9,1,45,1841243,A168_HF9F_20260827_0900,2026-08-27 09:00:00,185
114630483|44|7,7,114630483,44,2026-05-03,1,2167,11,18,7,601.3919,601.3919,182.0576,0.9453,30.272710,33.4107,54.6720,1.6364,0,1,55,1841244,A168_HF9F_20260827_0900,2026-08-27 09:00:00,185
114630483|45|7,7,114630483,45,2026-05-03,1,2167,10,20,7,305.9177,305.9177,-99.5084,0.0000,-32.527835,15.2959,30.5918,2.0000,0,1,45,1841245,A168_HF9F_20260827_0900,2026-08-27 09:00:00,185
114630483|46|7,7,114630483,46,2026-05-03,1,2167,10,18,6,181.2797,29.4135,-111.2186,0.0000,-378.121371,10.0711,18.1280,1.8000,9,1,45,1841246,A168_HF9F_20260827_0900,2026-08-27 09:00:00,185
114630483|47|7,7,114630483,47,2026-05-03,1,2134,11,21,6,317.0107,317.0107,117.5031,0.0000,37.065973,15.0957,28.8192,1.9091,0,1,55,1841247,A168_HF9F_20260827_0900,2026-08-27 09:00:00,185
114630483|48|7,7,114630483,48,2026-05-03,1,2134,14,18,5,335.0245,328.7226,282.3872,0.0000,85.904402,18.6125,23.9303,1.2857,0,1,91,1841248,A168_HF9F_20260827_0900,2026-08-27 09:00:00,185
114630483|49|7,7,114630483,49,2026-05-03,1,2134,16,25,6,1019.7077,1019.7077,-100.8764,0.0000,-9.892678,40.7883,63.7317,1.5625,0,1,120,1841249,A168_HF9F_20260827_0900,2026-08-27 09:00:00,185
114630483|5|7,7,114630483,5,2026-05-03,1,1704,5,5,2,69.8110,0.0000,0.0000,0.0000,,13.9622,13.9622,1.0000,5,1,10,1841250,A168_HF9F_20260827_0900,2026-08-27 09:00:00,185
114630483|50|7,7,114630483,50,2026-05-03,1,2134,15,22,6,1032.7954,1032.7954,-480.4511,0.0000,-46.519484,46.9452,68.8530,1.4667,0,1,105,1841251,A168_HF9F_20260827_0900,2026-08-27 09:00:00,185
114630483|6|7,7,114630483,6,2026-05-03,1,1704,10,12,3,326.1017,326.1017,125.6551,0.0000,38.532481,27.1751,32.6102,1.2000,0,1,45,1841252,A168_HF9F_20260827_0900,2026-08-27 09:00:00,185
114630483|7|7,7,114630483,7,2026-05-03,1,1704,6,6,2,318.1445,318.1445,209.1724,0.0000,65.747627,53.0241,53.0241,1.0000,0,1,15,1841253,A168_HF9F_20260827_0900,2026-08-27 09:00:00,185
114630483|8|7,7,114630483,8,2026-05-03,1,1704,10,11,3,397.7283,397.7283,135.7749,0.0000,34.137594,36.1571,39.7728,1.1000,0,1,45,1841254,A168_HF9F_20260827_0900,2026-08-27 09:00:00,185
114630483|9|7,7,114630483,9,2026-05-03,1,1704,10,10,2,211.4137,0.0000,0.0000,0.0000,,21.1414,21.1414,1.0000,10,1,45,1841255,A168_HF9F_20260827_0900,2026-08-27 09:00:00,185
114630514|1|7,7,114630514,1,2026-05-03,1,2134,1,1,1,5.1891,5.1891,5.1891,0.0000,100.000000,5.1891,5.1891,1.0000,0,0,0,1841256,A168_HF9F_20260827_0900,2026-08-27 09:00:00,185
114630514|10|7,7,114630514,10,2026-05-03,1,2134,7,8,4,89.1805,23.1068,23.1068,0.0000,100.000000,11.1476,12.7401,1.1429,6,1,21,1841257,A168_HF9F_20260827_0900,2026-08-27 09:00:00,185
114630514|11|7,7,114630514,11,2026-05-03,1,2134,10,10,2,191.2372,191.2372,-149.4681,0.0000,-78.158473,19.1237,19.1237,1.0000,0,1,45,1841258,A168_HF9F_20260827_0900,2026-08-27 09:00:00,185
114630514|12|7,7,114630514,12,2026-05-03,1,2134,6,12,10,254.1707,254.1707,-290.9940,0.0000,-114.487604,21.1809,42.3618,2.0000,0,1,15,1841259,A168_HF9F_20260827_0900,2026-08-27 09:00:00,185
114630514|13|7,7,114630514,13,2026-05-03,1,2134,10,10,2,715.5850,715.5850,131.7963,0.8402,18.417976,71.5585,71.5585,1.0000,0,1,45,1841260,A168_HF9F_20260827_0900,2026-08-27 09:00:00,185
114630514|14|7,7,114630514,14,2026-05-03,1,2134,17,18,4,11512.9970,11512.9970,-9477.8708,0.8402,-82.323228,639.6109,677.2351,1.0588,0,1,136,1841261,A168_HF9F_20260827_0900,2026-08-27 09:00:00,185
114630514|15|7,7,114630514,15,2026-05-03,1,2134,14,16,3,9396.9910,9396.9910,-7716.9866,0.0000,-82.121890,587.3119,671.2136,1.1429,0,1,91,1841262,A168_HF9F_20260827_0900,2026-08-27 09:00:00,185
114630514|16|7,7,114630514,16,2026-05-03,1,2134,21,25,3,2657.4490,2573.4242,-1698.7480,0.0000,-66.011194,106.2980,126.5452,1.1905,1,1,210,1841263,A168_HF9F_20260827_0900,2026-08-27 09:00:00,185
114630514|17|7,7,114630514,17,2026-05-03,1,2134,12,13,2,335.3375,315.3375,131.0074,0.0000,41.545142,25.7952,27.9448,1.0833,1,1,66,1841264,A168_HF9F_20260827_0900,2026-08-27 09:00:00,185
114630514|18|7,7,114630514,18,2026-05-03,1,2134,17,17,2,1025.2676,1025.2676,640.0635,0.0000,62.428923,60.3099,60.3099,1.0000,0,1,136,1841265,A168_HF9F_20260827_0900,2026-08-27 09:00:00,185
114630514|19|7,7,114630514,19,2026-05-03,1,2134,14,14,2,1268.7474,1268.7474,202.8690,0.0000,15.989710,90.6248,90.6248,1.0000,0,1,91,1841266,A168_HF9F_20260827_0900,2026-08-27 09:00:00,185
114630514|2|7,7,114630514,2,2026-05-03,1,2134,3,4,3,189.0377,189.0377,-104.2713,0.0000,-55.159000,47.2594,63.0126,1.3333,0,1,3,1841267,A168_HF9F_20260827_0900,2026-08-27 09:00:00,185
114630514|20|7,7,114630514,20,2026-05-03,1,2134,10,10,2,757.7215,757.7215,235.6973,0.0000,31.106060,75.7721,75.7721,1.0000,0,1,45,1841268,A168_HF9F_20260827_0900,2026-08-27 09:00:00,185
114630514|21|7,7,114630514,21,2026-05-03,1,2134,12,12,2,902.2474,902.2474,781.8397,0.0000,86.654693,75.1873,75.1873,1.0000,0,1,66,1841269,A168_HF9F_20260827_0900,2026-08-27 09:00:00,185
114630514|22|7,7,114630514,22,2026-05-03,1,2134,12,13,3,1235.6710,1235.6710,784.7050,0.0000,63.504362,95.0516,102.9726,1.0833,0,1,66,1841270,A168_HF9F_20260827_0900,2026-08-27 09:00:00,185
114630514|23|7,7,114630514,23,2026-05-03,1,2134,17,24,7,867.5431,867.5431,-206.1559,0.1680,-23.763185,36.1476,51.0319,1.4118,0,1,136,1841271,A168_HF9F_20260827_0900,2026-08-27 09:00:00,185
114630514|24|7,7,114630514,24,2026-05-03,1,2134,12,12,2,499.7995,499.7995,71.6793,0.1680,14.341611,41.6500,41.6500,1.0000,0,1,66,1841272,A168_HF9F_20260827_0900,2026-08-27 09:00:00,185
114630514|25|7,7,114630514,25,2026-05-03,1,2134,18,24,8,949.1636,949.1636,-386.6898,0.1680,-40.740060,39.5485,52.7313,1.3333,0,1,153,1841273,A168_HF9F_20260827_0900,2026-08-27 09:00:00,185
114630514|26|7,7,114630514,26,2026-05-03,1,2134,15,15,2,528.8519,528.8519,-356.4669,0.0840,-67.403916,35.2568,35.2568,1.0000,0,1,105,1841274,A168_HF9F_20260827_0900,2026-08-27 09:00:00,185
114630514|27|7,7,114630514,27,2026-05-03,1,2134,21,23,4,1211.8272,1211.8272,-583.9702,0.1176,-48.189229,52.6881,57.7061,1.0952,0,1,210,1841275,A168_HF9F_20260827_0900,2026-08-27 09:00:00,185
114630514|28|7,7,114630514,28,2026-05-03,1,1704,21,23,3,1847.5041,1847.5041,-26.2772,0.1512,-1.422306,80.3263,87.9764,1.0952,0,1,210,1841276,A168_HF9F_20260827_0900,2026-08-27 09:00:00,185
114630514|29|7,7,114630514,29,2026-05-03,1,1704,29,31,3,4639.7599,4639.7599,-2364.0216,0.0336,-50.951378,149.6697,159.9917,1.0690,0,1,406,1841277,A168_HF9F_20260827_0900,2026-08-27 09:00:00,185
114630514|3|7,7,114630514,3,2026-05-03,1,2134,4,4,2,42.1092,42.1092,26.9309,0.0000,63.955002,10.5273,10.5273,1.0000,0,1,6,1841278,A168_HF9F_20260827_0900,2026-08-27 09:00:00,185
114630514|30|7,7,114630514,30,2026-05-03,1,1704,42,52,6,9810.8474,9806.6461,2006.8739,0.4705,20.464427,188.6701,233.5916,1.2381,1,1,861,1841279,A168_HF9F_20260827_0900,2026-08-27 09:00:00,185
114630514|31|7,7,114630514,31,2026-05-03,1,1704,55,65,7,5199.8167,5199.8167,4358.6032,1.7645,83.822248,79.9972,94.5421,1.1818,0,1,1485,1841280,A168_HF9F_20260827_0900,2026-08-27 09:00:00,185
114630514|32|7,7,114630514,32,2026-05-03,1,1704,30,35,6,2577.5912,2577.5912,1683.3622,3.9855,65.307570,73.6455,85.9197,1.1667,0,1,435,1841281,A168_HF9F_20260827_0900,2026-08-27 09:00:00,185
114630514|33|7,7,114630514,33,2026-05-03,1,1704,27,31,4,3455.6417,3455.6417,1218.3819,0.0000,35.257761,111.4723,127.9867,1.1481,0,1,351,1841282,A168_HF9F_20260827_0900,2026-08-27 09:00:00,185
114630514|34|7,7,114630514,34,2026-05-03,1,1704,26,29,5,7032.1916,7032.1916,-4300.7421,0.0000,-61.157919,242.4894,270.4689,1.1154,0,1,325,1841283,A168_HF9F_20260827_0900,2026-08-27 09:00:00,185
114630514|35|7,7,114630514,35,2026-05-03,1,1704,39,45,4,6171.7851,6171.7851,-5022.7200,0.0840,-81.381964,137.1508,158.2509,1.1538,0,1,741,1841284,A168_HF9F_20260827_0900,2026-08-27 09:00:00,185
114630514|36|7,7,114630514,36,2026-05-03,1,1704,46,54,5,5257.2534,5257.2534,-3333.7335,0.0840,-63.412076,97.3565,114.2881,1.1739,0,1,1035,1841285,A168_HF9F_20260827_0900,2026-08-27 09:00:00,185
114630514|37|7,7,114630514,37,2026-05-03,1,1704,42,51,7,4724.7461,4724.7461,3016.1103,2.0222,63.836452,92.6421,112.4940,1.2143,0,1,861,1841286,A168_HF9F_20260827_0900,2026-08-27 09:00:00,185
114630514|38|7,7,114630514,38,2026-05-03,1,1704,22,31,7,798.0993,793.8980,184.8069,0.0000,23.278420,25.7451,36.2772,1.4091,2,1,231,1841287,A168_HF9F_20260827_0900,2026-08-27 09:00:00,185
114630514|39|7,7,114630514,39,2026-05-03,1,1704,30,41,6,4498.8824,4494.6812,4047.7932,0.0840,90.057404,109.7288,149.9627,1.3667,1,1,435,1841288,A168_HF9F_20260827_0900,2026-08-27 09:00:00,185
114630514|4|7,7,114630514,4,2026-05-03,1,2134,8,8,2,924.7849,924.7849,882.2642,0.0000,95.402094,115.5981,115.5981,1.0000,0,1,28,1841289,A168_HF9F_20260827_0900,2026-08-27 09:00:00,185
114630514|40|7,7,114630514,40,2026-05-03,1,1704,25,34,8,5855.0432,5850.8420,2655.1340,8.0275,45.380375,172.2072,234.2017,1.3600,1,1,300,1841290,A168_HF9F_20260827_0900,2026-08-27 09:00:00,185
114630514|41|7,7,114630514,41,2026-05-03,1,1704,29,38,7,6851.1219,6846.9206,5468.0437,0.0000,79.861357,180.2927,236.2456,1.3103,1,1,406,1841291,A168_HF9F_20260827_0900,2026-08-27 09:00:00,185
114630514|42|7,7,114630514,42,2026-05-03,1,1704,23,27,4,7199.9041,7195.7029,-6731.6316,0.0000,-93.550716,266.6631,313.0393,1.1739,2,1,253,1841292,A168_HF9F_20260827_0900,2026-08-27 09:00:00,185
114630514|43|7,7,114630514,43,2026-05-03,1,1704,23,32,7,7599.9692,7595.7680,6892.5250,0.0000,90.741648,237.4990,330.4334,1.3913,1,1,253,1841293,A168_HF9F_20260827_0900,2026-08-27 09:00:00,185
114630514|44|7,7,114630514,44,2026-05-03,1,1704,22,29,6,6129.1137,6124.9125,-5256.9684,6.1103,-85.829282,211.3487,278.5961,1.3182,1,1,231,1841294,A168_HF9F_20260827_0900,2026-08-27 09:00:00,185
114630514|45|7,7,114630514,45,2026-05-03,1,1704,24,27,4,6538.9746,4.2012,4.2012,0.0000,100.000000,242.1842,272.4573,1.1250,25,1,276,1841295,A168_HF9F_20260827_0900,2026-08-27 09:00:00,185
114630514|46|7,7,114630514,46,2026-05-03,1,1704,26,36,7,8965.8961,8961.6948,8484.0994,0.0000,94.670702,249.0527,344.8422,1.3846,1,1,325,1841296,A168_HF9F_20260827_0900,2026-08-27 09:00:00,185
114630514|47|7,7,114630514,47,2026-05-03,1,1704,18,21,4,3423.9814,3423.9814,2096.8477,0.0000,61.240043,163.0467,190.2212,1.1667,0,1,153,1841297,A168_HF9F_20260827_0900,2026-08-27 09:00:00,185
114630514|48|7,7,114630514,48,2026-05-03,1,1704,17,22,6,1013.5298,10.5031,10.5031,0.0000,100.000000,46.0695,59.6194,1.2941,17,1,136,1841298,A168_HF9F_20260827_0900,2026-08-27 09:00:00,185
114630514|49|7,7,114630514,49,2026-05-03,1,1704,13,20,7,779.9983,758.9921,483.2172,0.0000,63.665638,38.9999,59.9999,1.5385,1,1,78,1841299,A168_HF9F_20260827_0900,2026-08-27 09:00:00,185
114630514|5|7,7,114630514,5,2026-05-03,1,2134,3,3,2,53.0977,53.0977,-45.3834,0.0000,-85.471492,17.6992,17.6992,1.0000,0,1,3,1841300,A168_HF9F_20260827_0900,2026-08-27 09:00:00,185
114630514|50|7,7,114630514,50,2026-05-03,1,1704,8,13,5,310.9775,306.7762,161.4333,0.0000,52.622508,23.9213,38.8722,1.6250,1,1,28,1841301,A168_HF9F_20260827_0900,2026-08-27 09:00:00,185
114630514|6|7,7,114630514,6,2026-05-03,1,2134,8,8,2,549.9250,0.0000,0.0000,0.0000,,68.7406,68.7406,1.0000,8,1,28,1841302,A168_HF9F_20260827_0900,2026-08-27 09:00:00,185
114630514|7|7,7,114630514,7,2026-05-03,1,2134,6,6,1,45.1650,45.1650,45.1650,0.0000,100.000000,7.5275,7.5275,1.0000,0,1,15,1841303,A168_HF9F_20260827_0900,2026-08-27 09:00:00,185
114630514|8|7,7,114630514,8,2026-05-03,1,2134,6,6,2,176.5532,176.5532,171.3641,0.0000,97.060861,29.4255,29.4255,1.0000,0,1,15,1841304,A168_HF9F_20260827_0900,2026-08-27 09:00:00,185
114630514|9|7,7,114630514,9,2026-05-03,1,2134,9,11,5,442.7709,275.5301,-297.5105,0.0000,-107.977522,40.2519,49.1968,1.2222,0,1,36,1841305,A168_HF9F_20260827_0900,2026-08-27 09:00:00,185
114630544|1|7,7,114630544,1,2026-05-03,1,1704,2,2,2,4.6952,0.0000,0.0000,0.0000,,2.3476,2.3476,1.0000,2,1,1,1841306,A168_HF9F_20260827_0900,2026-08-27 09:00:00,185
114630544|10|7,7,114630544,10,2026-05-03,1,2167,11,15,5,1566.1969,1522.9424,153.5986,0.0000,10.085647,104.4131,142.3815,1.3636,1,1,55,1841307,A168_HF9F_20260827_0900,2026-08-27 09:00:00,185
114630544|11|7,7,114630544,11,2026-05-03,1,2167,11,14,5,672.6913,672.6913,581.3768,4.7264,86.425490,48.0494,61.1538,1.2727,0,1,55,1841308,A168_HF9F_20260827_0900,2026-08-27 09:00:00,185
114630544|12|7,7,114630544,12,2026-05-03,1,2167,22,27,5,1712.7358,1712.7358,-94.0724,5.8733,-5.492523,63.4347,77.8516,1.2273,0,1,231,1841309,A168_HF9F_20260827_0900,2026-08-27 09:00:00,185
114630544|13|7,7,114630544,13,2026-05-03,1,2167,15,22,6,680.6040,680.6040,-402.5156,0.5882,-59.140942,30.9365,45.3736,1.4667,0,1,105,1841310,A168_HF9F_20260827_0900,2026-08-27 09:00:00,185
114630544|14|7,7,114630544,14,2026-05-03,1,2167,15,16,3,295.1000,295.1000,3.4018,0.0000,1.152771,18.4437,19.6733,1.0667,0,1,105,1841311,A168_HF9F_20260827_0900,2026-08-27 09:00:00,185
114630544|15|7,7,114630544,15,2026-05-03,1,2167,17,20,5,579.2375,579.2375,79.4728,0.0000,13.720252,28.9619,34.0728,1.1765,0,1,136,1841312,A168_HF9F_20260827_0900,2026-08-27 09:00:00,185
114630544|16|7,7,114630544,16,2026-05-03,1,2167,13,16,5,876.3137,876.3137,407.6782,0.0000,46.521947,54.7696,67.4087,1.2308,0,1,78,1841313,A168_HF9F_20260827_0900,2026-08-27 09:00:00,185
114630544|17|7,7,114630544,17,2026-05-03,1,2167,16,19,4,1221.7824,1006.1644,-515.3907,0.3361,-51.223302,64.3043,76.3614,1.1875,0,1,120,1841314,A168_HF9F_20260827_0900,2026-08-27 09:00:00,185
114630544|18|7,7,114630544,18,2026-05-03,1,2167,22,29,7,2332.5495,2332.5495,-1938.3275,0.0000,-83.099096,80.4327,106.0250,1.3182,0,1,231,1841315,A168_HF9F_20260827_0900,2026-08-27 09:00:00,185
114630544|19|7,7,114630544,19,2026-05-03,1,2167,34,40,7,4423.1188,4423.1188,-3891.3478,0.1008,-87.977465,110.5780,130.0917,1.1765,0,1,561,1841316,A168_HF9F_20260827_0900,2026-08-27 09:00:00,185
114630544|2|7,7,114630544,2,2026-05-03,1,1704,6,7,3,78.1803,78.1803,29.3763,0.0000,37.575059,11.1686,13.0301,1.1667,0,1,15,1841317,A168_HF9F_20260827_0900,2026-08-27 09:00:00,185
114630544|20|7,7,114630544,20,2026-05-03,1,2167,32,35,4,3083.7298,3083.7298,-2719.2205,0.0000,-88.179595,88.1066,96.3666,1.0938,0,1,496,1841318,A168_HF9F_20260827_0900,2026-08-27 09:00:00,185
114630544|21|7,7,114630544,21,2026-05-03,1,2167,43,54,5,5586.9291,5586.9291,-4848.6994,0.8402,-86.786485,103.4616,129.9286,1.2558,0,1,903,1841319,A168_HF9F_20260827_0900,2026-08-27 09:00:00,185
114630544|22|7,7,114630544,22,2026-05-03,1,2167,45,57,6,6126.9127,5952.3317,-5482.2568,0.9243,-92.102676,107.4897,136.1536,1.2667,1,1,990,1841320,A168_HF9F_20260827_0900,2026-08-27 09:00:00,185
114630544|23|7,7,114630544,23,2026-05-03,1,2167,46,64,8,5471.1812,5465.9921,3527.9158,0.8402,64.543010,85.4872,118.9387,1.3913,2,1,1035,1841321,A168_HF9F_20260827_0900,2026-08-27 09:00:00,185
114630544|24|7,7,114630544,24,2026-05-03,1,2167,30,43,7,7241.1424,7241.1424,5068.6139,0.0000,69.997434,168.3987,241.3714,1.4333,0,1,435,1841322,A168_HF9F_20260827_0900,2026-08-27 09:00:00,185
114630544|25|7,7,114630544,25,2026-05-03,1,2167,22,25,4,934.3919,934.3919,316.2465,0.0000,33.845167,37.3757,42.4724,1.1364,0,1,231,1841323,A168_HF9F_20260827_0900,2026-08-27 09:00:00,185
114630544|26|7,7,114630544,26,2026-05-03,1,2167,26,34,7,1258.8754,1258.8754,-88.5983,0.8402,-7.037893,37.0257,48.4183,1.3077,0,1,325,1841324,A168_HF9F_20260827_0900,2026-08-27 09:00:00,185
114630544|27|7,7,114630544,27,2026-05-03,1,2167,26,29,5,1344.7874,10.5031,10.5031,0.0000,100.000000,46.3720,51.7226,1.1154,26,1,325,1841325,A168_HF9F_20260827_0900,2026-08-27 09:00:00,185
114630544|28|7,7,114630544,28,2026-05-03,1,2167,29,41,7,1891.2687,1891.2687,1858.6207,0.0000,98.273753,46.1285,65.2162,1.4138,0,1,406,1841326,A168_HF9F_20260827_0900,2026-08-27 09:00:00,185
114630544|29|7,7,114630544,29,2026-05-03,1,2167,23,28,5,1621.4191,1621.4191,455.4859,0.0185,28.091804,57.9078,70.4965,1.2174,0,1,253,1841327,A168_HF9F_20260827_0900,2026-08-27 09:00:00,185
114630544|3|7,7,114630544,3,2026-05-03,1,1704,6,6,2,279.2544,271.1171,163.7629,0.0000,60.403001,46.5424,46.5424,1.0000,0,1,15,1841328,A168_HF9F_20260827_0900,2026-08-27 09:00:00,185
114630544|30|7,7,114630544,30,2026-05-03,1,2167,20,22,5,507.0526,40.9942,-234.5493,0.0000,-572.151899,23.0478,25.3526,1.1000,18,1,190,1841329,A168_HF9F_20260827_0900,2026-08-27 09:00:00,185
114630544|31|7,7,114630544,31,2026-05-03,1,2167,16,17,3,1238.4833,1238.4833,-710.2685,0.0000,-57.349866,72.8520,77.4052,1.0625,0,1,120,1841330,A168_HF9F_20260827_0900,2026-08-27 09:00:00,185
114630544|32|7,7,114630544,32,2026-05-03,1,2167,24,25,3,985.5127,985.5127,-60.5649,0.0672,-6.145520,39.4205,41.0630,1.0417,0,1,276,1841331,A168_HF9F_20260827_0900,2026-08-27 09:00:00,185
114630544|33|7,7,114630544,33,2026-05-03,1,2167,24,27,4,3280.6198,3280.6198,-2777.0493,2.5544,-84.650141,121.5044,136.6925,1.1250,0,1,276,1841332,A168_HF9F_20260827_0900,2026-08-27 09:00:00,185
114630544|34|7,7,114630544,34,2026-05-03,1,2167,28,38,7,2746.9661,2746.9661,2111.2555,3.4618,76.857722,72.2886,98.1059,1.3571,0,1,378,1841333,A168_HF9F_20260827_0900,2026-08-27 09:00:00,185
114630544|35|7,7,114630544,35,2026-05-03,1,2167,16,20,5,787.2661,787.2661,-461.7772,0.0689,-58.655789,39.3633,49.2041,1.2500,0,1,120,1841334,A168_HF9F_20260827_0900,2026-08-27 09:00:00,185
114630544|36|7,7,114630544,36,2026-05-03,1,2167,16,18,4,1929.6161,8.4025,8.4025,0.0000,100.000000,107.2009,120.6010,1.1250,16,1,120,1841335,A168_HF9F_20260827_0900,2026-08-27 09:00:00,185
114630544|37|7,7,114630544,37,2026-05-03,1,2167,24,30,8,2388.5660,2388.5660,-1622.2988,0.2836,-67.919364,79.6189,99.5236,1.2500,0,1,276,1841336,A168_HF9F_20260827_0900,2026-08-27 09:00:00,185
114630544|38|7,7,114630544,38,2026-05-03,1,2167,20,22,5,2259.3141,2259.3141,-2111.5854,1.1763,-93.461344,102.6961,112.9657,1.1000,0,1,190,1841337,A168_HF9F_20260827_0900,2026-08-27 09:00:00,185
114630544|39|7,7,114630544,39,2026-05-03,1,2167,27,35,7,2981.5751,2929.6837,1978.9750,1.9830,67.549100,85.1879,110.4287,1.2963,1,1,351,1841338,A168_HF9F_20260827_0900,2026-08-27 09:00:00,185
114630544|4|7,7,114630544,4,2026-05-03,1,1704,5,5,2,44.3234,44.3234,-38.8897,0.0000,-87.740590,8.8647,8.8647,1.0000,0,1,10,1841339,A168_HF9F_20260827_0900,2026-08-27 09:00:00,185
114630544|40|7,7,114630544,40,2026-05-03,1,2167,17,24,9,829.5817,46.5828,-47.9451,0.0000,-102.924545,34.5659,48.7989,1.4118,17,1,136,1841340,A168_HF9F_20260827_0900,2026-08-27 09:00:00,185
114630544|41|7,7,114630544,41,2026-05-03,1,2134,18,26,8,2370.4752,2328.4628,1093.4426,0.0000,46.959850,91.1721,131.6931,1.4444,1,1,153,1841341,A168_HF9F_20260827_0900,2026-08-27 09:00:00,185
114630544|42|7,7,114630544,42,2026-05-03,1,2134,12,18,6,2923.7876,2902.7814,-2675.7380,0.0000,-92.178420,162.4326,243.6490,1.5000,2,1,66,1841342,A168_HF9F_20260827_0900,2026-08-27 09:00:00,185
114630544|43|7,7,114630544,43,2026-05-03,1,2134,13,23,8,449.3000,428.2939,27.1397,0.0000,6.336709,19.5348,34.5615,1.7692,2,1,78,1841343,A168_HF9F_20260827_0900,2026-08-27 09:00:00,185
114630544|44|7,7,114630544,44,2026-05-03,1,2134,11,13,4,1583.4522,1583.4522,-1386.8703,0.0000,-87.585235,121.8040,143.9502,1.1818,0,1,55,1841344,A168_HF9F_20260827_0900,2026-08-27 09:00:00,185
114630544|45|7,7,114630544,45,2026-05-03,1,2134,17,26,9,1118.4284,1118.4284,-581.2373,0.7394,-51.969112,43.0165,65.7899,1.5294,0,1,136,1841345,A168_HF9F_20260827_0900,2026-08-27 09:00:00,185
114630544|46|7,7,114630544,46,2026-05-03,1,2134,18,22,6,2111.3826,2111.3826,-1666.2476,0.1680,-78.917368,95.9719,117.2990,1.2222,0,1,153,1841346,A168_HF9F_20260827_0900,2026-08-27 09:00:00,185
114630544|47|7,7,114630544,47,2026-05-03,1,2134,14,19,6,2053.4886,2053.4886,1175.4248,0.0000,57.240389,108.0783,146.6778,1.3571,0,1,91,1841347,A168_HF9F_20260827_0900,2026-08-27 09:00:00,185
114630544|48|7,7,114630544,48,2026-05-03,1,2134,18,24,6,4972.1656,4972.1656,293.8381,0.0000,5.909661,207.1736,276.2314,1.3333,0,1,153,1841348,A168_HF9F_20260827_0900,2026-08-27 09:00:00,185
114630544|49|7,7,114630544,49,2026-05-03,1,2134,17,20,5,1252.1644,1252.1644,894.6021,0.0000,71.444461,62.6082,73.6567,1.1765,0,1,136,1841349,A168_HF9F_20260827_0900,2026-08-27 09:00:00,185
114630544|5|7,7,114630544,5,2026-05-03,1,1704,7,10,4,111.8085,107.6073,84.5005,0.0000,78.526717,11.1809,15.9726,1.4286,1,1,21,1841350,A168_HF9F_20260827_0900,2026-08-27 09:00:00,185
114630544|50|7,7,114630544,50,2026-05-03,1,2134,18,22,5,2607.0730,2567.0730,-1789.9398,0.0000,-69.726875,118.5033,144.8374,1.2222,2,1,153,1841351,A168_HF9F_20260827_0900,2026-08-27 09:00:00,185
114630544|6|7,7,114630544,6,2026-05-03,1,1704,3,3,2,11.9850,11.9850,1.6067,0.0000,13.405700,3.9950,3.9950,1.0000,0,1,3,1841352,A168_HF9F_20260827_0900,2026-08-27 09:00:00,185
114630544|7|7,7,114630544,7,2026-05-03,1,1704,6,6,2,38.7899,38.7899,-26.7316,0.0000,-68.913756,6.4650,6.4650,1.0000,0,1,15,1841353,A168_HF9F_20260827_0900,2026-08-27 09:00:00,185
114630544|8|7,7,114630544,8,2026-05-03,1,2167,16,18,4,263.3378,263.3378,-69.2878,0.0945,-26.311398,14.6299,16.4586,1.1250,0,1,120,1841354,A168_HF9F_20260827_0900,2026-08-27 09:00:00,185
114630544|9|7,7,114630544,9,2026-05-03,1,2167,13,17,6,723.6137,723.6137,17.5665,2.8358,2.427603,42.5655,55.6626,1.3077,0,1,78,1841355,A168_HF9F_20260827_0900,2026-08-27 09:00:00,185
114630574|10|7,7,114630574,10,2026-05-03,1,2134,15,22,7,1512.7499,1505.5443,941.0327,0.0000,62.504485,68.7614,100.8500,1.4667,1,1,105,1841356,A168_HF9F_20260827_0900,2026-08-27 09:00:00,185
114630574|11|7,7,114630574,11,2026-05-03,1,2134,26,40,8,18779.3559,311.8784,-56.0540,0.0000,-17.973043,469.4839,722.2829,1.5385,24,1,325,1841357,A168_HF9F_20260827_0900,2026-08-27 09:00:00,185
114630574|12|7,7,114630574,12,2026-05-03,1,2134,28,36,7,3184.1779,3184.1779,695.8186,0.0672,21.852378,88.4494,113.7206,1.2857,0,1,378,1841358,A168_HF9F_20260827_0900,2026-08-27 09:00:00,185
114630574|13|7,7,114630574,13,2026-05-03,1,2134,20,26,7,2018.6208,2018.6208,299.9480,7.6295,14.859057,77.6393,100.9310,1.3000,0,1,190,1841359,A168_HF9F_20260827_0900,2026-08-27 09:00:00,185
114630574|14|7,7,114630574,14,2026-05-03,1,2134,23,32,7,4180.9640,4129.0725,-459.0354,0.0000,-11.117155,130.6551,181.7810,1.3913,1,1,253,1841360,A168_HF9F_20260827_0900,2026-08-27 09:00:00,185
114630574|15|7,7,114630574,15,2026-05-03,1,2134,25,38,8,2110.8145,2058.9230,1747.1242,0.0000,84.856218,55.5477,84.4326,1.5200,1,1,300,1841361,A168_HF9F_20260827_0900,2026-08-27 09:00:00,185
114630574|16|7,7,114630574,16,2026-05-03,1,2134,25,36,6,3427.5129,3358.8165,-1846.7316,23.5684,-54.981617,95.2087,137.1005,1.4400,2,1,300,1841362,A168_HF9F_20260827_0900,2026-08-27 09:00:00,185
114630574|17|7,7,114630574,17,2026-05-03,1,2134,25,36,7,3687.8147,64.1282,-73.2280,0.0000,-114.189973,102.4393,147.5126,1.4400,26,1,300,1841363,A168_HF9F_20260827_0900,2026-08-27 09:00:00,185
114630574|18|7,7,114630574,18,2026-05-03,1,2134,25,45,10,2186.9103,2161.7028,934.0763,0.0672,43.210206,48.5980,87.4764,1.8000,1,1,300,1841364,A168_HF9F_20260827_0900,2026-08-27 09:00:00,185
114630574|19|7,7,114630574,19,2026-05-03,1,2134,27,44,10,1201.1520,1180.1458,-319.1444,0.1176,-27.042798,27.2989,44.4871,1.6296,2,1,351,1841365,A168_HF9F_20260827_0900,2026-08-27 09:00:00,185
114630574|2|7,7,114630574,2,2026-05-03,1,2134,3,3,1,64.4860,64.4860,-63.8563,0.0000,-99.023465,21.4953,21.4953,1.0000,0,1,3,1841366,A168_HF9F_20260827_0900,2026-08-27 09:00:00,185
114630574|20|7,7,114630574,20,2026-05-03,1,2134,32,50,9,5163.6829,5142.6767,-4536.3196,0.9579,-88.209309,103.2737,161.3651,1.5625,1,1,496,1841367,A168_HF9F_20260827_0900,2026-08-27 09:00:00,185
114630574|21|7,7,114630574,21,2026-05-03,1,2134,31,36,4,3272.3878,3230.3754,2737.9210,1.8485,84.755505,90.8997,105.5609,1.1613,2,1,465,1841368,A168_HF9F_20260827_0900,2026-08-27 09:00:00,185
114630574|22|7,7,114630574,22,2026-05-03,1,1704,24,35,8,2727.8378,2706.8316,-1263.2145,0.1680,-46.667644,77.9382,113.6599,1.4583,2,1,276,1841369,A168_HF9F_20260827_0900,2026-08-27 09:00:00,185
114630574|23|7,7,114630574,23,2026-05-03,1,1704,20,30,8,2734.4185,2713.4123,-1936.3015,0.0000,-71.360384,91.1473,136.7209,1.5000,1,1,190,1841370,A168_HF9F_20260827_0900,2026-08-27 09:00:00,185
114630574|24|7,7,114630574,24,2026-05-03,1,1704,23,26,4,3608.7448,3608.7448,666.1437,0.8402,18.459151,138.7979,156.9019,1.1304,0,1,253,1841371,A168_HF9F_20260827_0900,2026-08-27 09:00:00,185
114630574|25|7,7,114630574,25,2026-05-03,1,1704,33,46,8,3753.1807,3753.1807,2847.3192,0.0000,75.864164,81.5909,113.7327,1.3939,0,1,528,1841372,A168_HF9F_20260827_0900,2026-08-27 09:00:00,185
114630574|26|7,7,114630574,26,2026-05-03,1,1704,20,25,6,2993.4732,2973.4732,2557.4393,0.2521,86.008486,119.7389,149.6737,1.2500,1,1,190,1841373,A168_HF9F_20260827_0900,2026-08-27 09:00:00,185
114630574|27|7,7,114630574,27,2026-05-03,1,1704,35,46,6,3068.5747,3068.5747,-464.2693,0.0000,-15.129803,66.7081,87.6736,1.3143,0,1,595,1841374,A168_HF9F_20260827_0900,2026-08-27 09:00:00,185
114630574|28|7,7,114630574,28,2026-05-03,1,1704,32,41,7,1748.7828,1626.9468,-836.1897,0.4117,-51.396250,42.6532,54.6495,1.2813,1,1,496,1841375,A168_HF9F_20260827_0900,2026-08-27 09:00:00,185
114630574|29|7,7,114630574,29,2026-05-03,1,1704,27,42,8,2148.5067,2148.5067,-843.9726,0.0000,-39.281823,51.1549,79.5743,1.5556,0,1,351,1841376,A168_HF9F_20260827_0900,2026-08-27 09:00:00,185
114630574|3|7,7,114630574,3,2026-05-03,1,2134,7,8,2,121.9709,119.8703,-99.2148,0.0000,-82.768430,15.2464,17.4244,1.1429,1,1,21,1841377,A168_HF9F_20260827_0900,2026-08-27 09:00:00,185
114630574|30|7,7,114630574,30,2026-05-03,1,1704,28,39,7,1933.8711,1933.8711,-95.6886,0.0840,-4.948033,49.5864,69.0668,1.3929,0,1,378,1841378,A168_HF9F_20260827_0900,2026-08-27 09:00:00,185
114630574|31|7,7,114630574,31,2026-05-03,1,1704,26,35,7,2308.2235,2308.2235,-1064.3020,0.1680,-46.109138,65.9492,88.7778,1.3462,0,1,325,1841379,A168_HF9F_20260827_0900,2026-08-27 09:00:00,185
114630574|32|7,7,114630574,32,2026-05-03,1,1704,43,55,7,7466.1709,7466.1709,-5259.1235,0.4975,-70.439366,135.7486,173.6319,1.2791,0,1,903,1841380,A168_HF9F_20260827_0900,2026-08-27 09:00:00,185
114630574|33|7,7,114630574,33,2026-05-03,1,1704,21,28,7,1542.6416,1542.6416,1091.5455,0.0840,70.758206,55.0943,73.4591,1.3333,0,1,210,1841381,A168_HF9F_20260827_0900,2026-08-27 09:00:00,185
114630574|34|7,7,114630574,34,2026-05-03,1,1704,20,24,5,716.5153,716.5153,174.9720,0.0000,24.419852,29.8548,35.8258,1.2000,0,1,190,1841382,A168_HF9F_20260827_0900,2026-08-27 09:00:00,185
114630574|35|7,7,114630574,35,2026-05-03,1,1704,18,30,8,842.8429,842.8429,89.0992,0.0840,10.571276,28.0948,46.8246,1.6667,0,1,153,1841383,A168_HF9F_20260827_0900,2026-08-27 09:00:00,185
114630574|36|7,7,114630574,36,2026-05-03,1,1704,30,46,8,8853.8041,8853.8041,-7305.3624,0.3193,-82.511001,192.4740,295.1268,1.5333,0,1,435,1841384,A168_HF9F_20260827_0900,2026-08-27 09:00:00,185
114630574|37|7,7,114630574,37,2026-05-03,1,1704,20,29,7,1480.4772,1480.4772,-366.8602,0.1596,-24.779864,51.0509,74.0239,1.4500,0,1,190,1841385,A168_HF9F_20260827_0900,2026-08-27 09:00:00,185
114630574|38|7,7,114630574,38,2026-05-03,1,1704,28,39,8,2843.7352,2843.7352,1030.4143,2.5081,36.234539,72.9163,101.5620,1.3929,0,1,378,1841386,A168_HF9F_20260827_0900,2026-08-27 09:00:00,185
114630574|39|7,7,114630574,39,2026-05-03,1,1704,19,29,7,1014.6566,1014.6566,-277.0953,2.0573,-27.309269,34.9882,53.4030,1.5263,0,1,171,1841387,A168_HF9F_20260827_0900,2026-08-27 09:00:00,185
114630574|4|7,7,114630574,4,2026-05-03,1,2134,6,9,3,78.2968,76.1962,46.3674,0.0000,60.852655,8.6996,13.0495,1.5000,1,1,15,1841388,A168_HF9F_20260827_0900,2026-08-27 09:00:00,185
114630574|40|7,7,114630574,40,2026-05-03,1,1704,27,37,7,7378.0650,7336.0526,-3858.1279,0.0000,-52.591334,199.4072,273.2617,1.3704,1,1,351,1841389,A168_HF9F_20260827_0900,2026-08-27 09:00:00,185
114630574|41|7,7,114630574,41,2026-05-03,1,1704,22,32,7,1263.1522,1204.3348,-779.5552,0.0000,-64.729109,39.4735,57.4160,1.4545,1,1,231,1841390,A168_HF9F_20260827_0900,2026-08-27 09:00:00,185
114630574|42|7,7,114630574,42,2026-05-03,1,1704,20,32,6,8523.6356,80.7248,-282.1788,0.0000,-349.556381,266.3636,426.1818,1.6000,19,1,190,1841391,A168_HF9F_20260827_0900,2026-08-27 09:00:00,185
114630574|43|7,7,114630574,43,2026-05-03,1,1704,23,34,7,880.5155,874.0019,672.1704,0.0000,76.907207,25.8975,38.2833,1.4783,1,1,253,1841392,A168_HF9F_20260827_0900,2026-08-27 09:00:00,185
114630574|44|7,7,114630574,44,2026-05-03,1,1704,30,45,8,2623.9182,2623.9182,-1202.5942,0.0000,-45.832000,58.3093,87.4639,1.5000,0,1,435,1841393,A168_HF9F_20260827_0900,2026-08-27 09:00:00,185
114630574|45|7,7,114630574,45,2026-05-03,1,1704,36,49,7,3944.0650,3944.0650,-914.0751,0.1680,-23.175964,80.4911,109.5574,1.3611,0,1,630,1841394,A168_HF9F_20260827_0900,2026-08-27 09:00:00,185
114630574|46|7,7,114630574,46,2026-05-03,1,1704,41,48,7,3592.8811,3592.8811,-1088.0760,0.0000,-30.284220,74.8517,87.6312,1.1707,0,1,820,1841395,A168_HF9F_20260827_0900,2026-08-27 09:00:00,185
114630574|47|7,7,114630574,47,2026-05-03,1,1704,46,64,7,4632.4300,4632.4300,-3358.0881,0.0000,-72.490855,72.3817,100.7050,1.3913,0,1,1035,1841396,A168_HF9F_20260827_0900,2026-08-27 09:00:00,185
114630574|48|7,7,114630574,48,2026-05-03,1,1704,49,62,8,5123.8969,5123.8969,-2597.0636,0.1596,-50.685322,82.6435,104.5693,1.2653,0,1,1176,1841397,A168_HF9F_20260827_0900,2026-08-27 09:00:00,185
114630574|49|7,7,114630574,49,2026-05-03,1,1704,50,63,8,5044.3068,5044.3068,2933.0105,0.2353,58.144968,80.0684,100.8861,1.2600,0,1,1225,1841398,A168_HF9F_20260827_0900,2026-08-27 09:00:00,185
114630574|5|7,7,114630574,5,2026-05-03,1,2134,8,15,10,104.3665,104.3665,47.0363,0.1176,45.068378,6.9578,13.0458,1.8750,0,1,28,1841399,A168_HF9F_20260827_0900,2026-08-27 09:00:00,185
114630574|50|7,7,114630574,50,2026-05-03,1,1704,24,34,8,1704.2288,1704.2288,-341.9818,0.0000,-20.066661,50.1244,71.0095,1.4167,0,1,276,1841400,A168_HF9F_20260827_0900,2026-08-27 09:00:00,185
114630574|51|7,7,114630574,51,2026-05-03,1,1704,26,35,6,2745.5605,2745.5605,1579.3030,1.5126,57.522064,78.4446,105.5985,1.3462,0,1,325,1841401,A168_HF9F_20260827_0900,2026-08-27 09:00:00,185
114630574|6|7,7,114630574,6,2026-05-03,1,2134,7,11,6,415.7674,415.7674,323.3402,0.8234,77.769480,37.7970,59.3953,1.5714,0,1,21,1841402,A168_HF9F_20260827_0900,2026-08-27 09:00:00,185
114630574|7|7,7,114630574,7,2026-05-03,1,2134,9,11,4,2269.1118,2269.1118,2249.1118,19.6404,99.118598,206.2829,252.1235,1.2222,0,1,36,1841403,A168_HF9F_20260827_0900,2026-08-27 09:00:00,185
114630574|8|7,7,114630574,8,2026-05-03,1,2134,11,18,9,374.4603,374.4603,-87.3732,0.1008,-23.333111,20.8034,34.0418,1.6364,0,1,55,1841404,A168_HF9F_20260827_0900,2026-08-27 09:00:00,185
114630574|9|7,7,114630574,9,2026-05-03,1,2134,11,14,4,1039.0137,1039.0137,514.9101,0.0000,49.557589,74.2153,94.4558,1.2727,0,1,55,1841405,A168_HF9F_20260827_0900,2026-08-27 09:00:00,185
114630600|1|7,7,114630600,1,2026-05-03,1,1704,3,3,2,84.6330,84.6330,76.2305,0.0000,90.071862,28.2110,28.2110,1.0000,0,1,3,1841406,A168_HF9F_20260827_0900,2026-08-27 09:00:00,185
114630600|10|7,7,114630600,10,2026-05-03,1,2167,7,7,1,121.6132,121.6132,-121.6132,0.0945,-100.000000,17.3733,17.3733,1.0000,0,1,21,1841407,A168_HF9F_20260827_0900,2026-08-27 09:00:00,185
114630600|11|7,7,114630600,11,2026-05-03,1,2167,8,8,2,821.5464,821.5464,-469.7898,5.6717,-57.183593,102.6933,102.6933,1.0000,0,1,28,1841408,A168_HF9F_20260827_0900,2026-08-27 09:00:00,185
114630600|12|7,7,114630600,12,2026-05-03,1,2167,11,11,2,1237.9237,1237.9237,-803.4877,5.6717,-64.906077,112.5385,112.5385,1.0000,0,1,55,1841409,A168_HF9F_20260827_0900,2026-08-27 09:00:00,185
114630600|13|7,7,114630600,13,2026-05-03,1,2167,9,9,2,1068.7152,1068.7152,1008.7152,5.6717,94.385782,118.7461,118.7461,1.0000,0,1,36,1841410,A168_HF9F_20260827_0900,2026-08-27 09:00:00,185
114630600|14|7,7,114630600,14,2026-05-03,1,2167,14,14,2,1416.7103,1416.7103,-1313.1395,5.6717,-92.689347,101.1936,101.1936,1.0000,0,1,91,1841411,A168_HF9F_20260827_0900,2026-08-27 09:00:00,185
114630600|15|7,7,114630600,15,2026-05-03,1,2167,18,21,5,4210.5038,4210.5038,-3480.6698,6.5119,-82.666351,200.5002,233.9169,1.1667,0,1,153,1841412,A168_HF9F_20260827_0900,2026-08-27 09:00:00,185
114630600|16|7,7,114630600,16,2026-05-03,1,2167,24,28,6,2423.4395,2423.4395,-1606.5777,5.6717,-66.293288,86.5514,100.9766,1.1667,0,1,276,1841413,A168_HF9F_20260827_0900,2026-08-27 09:00:00,185
114630600|17|7,7,114630600,17,2026-05-03,1,2167,23,26,5,2428.9090,2428.9090,-567.4841,5.6717,-23.363743,93.4196,105.6047,1.1304,0,1,253,1841414,A168_HF9F_20260827_0900,2026-08-27 09:00:00,185
114630600|18|7,7,114630600,18,2026-05-03,1,2167,27,31,5,2794.3762,2794.3762,153.4714,5.6717,5.492154,90.1412,103.4954,1.1481,0,1,351,1841415,A168_HF9F_20260827_0900,2026-08-27 09:00:00,185
114630600|19|7,7,114630600,19,2026-05-03,1,2167,44,49,4,9450.3428,9162.1168,-7052.1264,5.7662,-76.970492,192.8641,214.7805,1.1136,1,1,946,1841416,A168_HF9F_20260827_0900,2026-08-27 09:00:00,185
114630600|2|7,7,114630600,2,2026-05-03,1,2167,6,6,2,281.4806,281.4806,-16.8342,0.6891,-5.980588,46.9134,46.9134,1.0000,0,1,15,1841417,A168_HF9F_20260827_0900,2026-08-27 09:00:00,185
114630600|20|7,7,114630600,20,2026-05-03,1,2167,33,38,7,3526.7026,3526.7026,-1992.8546,5.9473,-56.507590,92.8080,106.8698,1.1515,0,1,528,1841418,A168_HF9F_20260827_0900,2026-08-27 09:00:00,185
114630600|21|7,7,114630600,21,2026-05-03,1,2167,43,49,6,6045.6376,6045.6376,4499.0513,5.6717,74.418145,123.3804,140.5962,1.1395,0,1,903,1841419,A168_HF9F_20260827_0900,2026-08-27 09:00:00,185
114630600|22|7,7,114630600,22,2026-05-03,1,2167,21,24,5,7796.2290,11.9850,-49.1773,0.0000,-410.325650,324.8429,371.2490,1.1429,20,1,210,1841420,A168_HF9F_20260827_0900,2026-08-27 09:00:00,185
114630600|23|7,7,114630600,23,2026-05-03,1,2167,22,25,4,6709.4673,6709.4673,-3495.7757,5.6717,-52.102135,268.3787,304.9758,1.1364,0,1,231,1841421,A168_HF9F_20260827_0900,2026-08-27 09:00:00,185
114630600|24|7,7,114630600,24,2026-05-03,1,2167,23,28,6,1807.1423,50.5271,-41.2164,0.0000,-81.572905,64.5408,78.5714,1.2174,23,1,253,1841422,A168_HF9F_20260827_0900,2026-08-27 09:00:00,185
114630600|25|7,7,114630600,25,2026-05-03,1,2167,22,26,5,1538.4895,1538.4895,1254.9720,5.7502,81.571698,59.1727,69.9313,1.1818,0,1,231,1841423,A168_HF9F_20260827_0900,2026-08-27 09:00:00,185
114630600|26|7,7,114630600,26,2026-05-03,1,2167,24,26,5,5956.7615,5956.7615,3635.3362,5.9183,61.028736,229.1062,248.1984,1.0833,0,1,276,1841424,A168_HF9F_20260827_0900,2026-08-27 09:00:00,185
114630600|27|7,7,114630600,27,2026-05-03,1,2167,26,33,7,6191.1678,5736.4909,-3916.7075,5.8920,-68.277063,187.6111,238.1218,1.2692,0,1,325,1841425,A168_HF9F_20260827_0900,2026-08-27 09:00:00,185
114630600|28|7,7,114630600,28,2026-05-03,1,2167,25,32,7,5370.6544,5370.6544,-2709.5608,5.7095,-50.451222,167.8330,214.8262,1.2800,0,1,300,1841426,A168_HF9F_20260827_0900,2026-08-27 09:00:00,185
114630600|29|7,7,114630600,29,2026-05-03,1,2167,30,39,8,7041.2565,7041.2565,-4830.3490,5.7473,-68.600668,180.5450,234.7086,1.3000,0,1,435,1841427,A168_HF9F_20260827_0900,2026-08-27 09:00:00,185
114630600|3|7,7,114630600,3,2026-05-03,1,2167,8,9,3,902.3347,902.3347,-419.5141,0.6891,-46.492076,100.2594,112.7918,1.1250,0,1,28,1841428,A168_HF9F_20260827_0900,2026-08-27 09:00:00,185
114630600|30|7,7,114630600,30,2026-05-03,1,2167,31,36,7,3457.8901,3457.8901,-2375.1274,5.8032,-68.687185,96.0525,111.5448,1.1613,0,1,465,1841429,A168_HF9F_20260827_0900,2026-08-27 09:00:00,185
114630600|31|7,7,114630600,31,2026-05-03,1,2167,34,45,8,12120.7644,12120.7644,10530.1768,5.7473,86.877168,269.3503,356.4931,1.3235,0,1,561,1841430,A168_HF9F_20260827_0900,2026-08-27 09:00:00,185
114630600|32|7,7,114630600,32,2026-05-03,1,2167,24,33,9,2456.8638,2456.8638,-537.4182,6.7838,-21.874155,74.4504,102.3693,1.3750,0,1,276,1841431,A168_HF9F_20260827_0900,2026-08-27 09:00:00,185
114630600|33|7,7,114630600,33,2026-05-03,1,2167,22,34,7,2026.0676,2026.0676,1018.8973,5.7662,50.289403,59.5902,92.0940,1.5455,0,1,231,1841432,A168_HF9F_20260827_0900,2026-08-27 09:00:00,185
114630600|34|7,7,114630600,34,2026-05-03,1,2134,22,31,9,2816.4403,2816.4403,-1107.6658,6.1443,-39.328573,90.8529,128.0200,1.4091,0,1,231,1841433,A168_HF9F_20260827_0900,2026-08-27 09:00:00,185
114630600|35|7,7,114630600,35,2026-05-03,1,2134,15,23,9,2216.0537,2216.0537,1927.7454,5.8229,86.990012,96.3502,147.7369,1.5333,0,1,105,1841434,A168_HF9F_20260827_0900,2026-08-27 09:00:00,185
114630600|36|7,7,114630600,36,2026-05-03,1,2134,13,17,6,2091.9978,2081.4947,2022.5429,5.9118,97.167813,123.0587,160.9229,1.3077,0,1,78,1841435,A168_HF9F_20260827_0900,2026-08-27 09:00:00,185
114630600|37|7,7,114630600,37,2026-05-03,1,2134,13,15,4,1154.1460,1154.1460,-429.5609,6.2388,-37.218940,76.9431,88.7805,1.1538,0,1,78,1841436,A168_HF9F_20260827_0900,2026-08-27 09:00:00,185
114630600|38|7,7,114630600,38,2026-05-03,1,2134,11,13,4,1264.6124,1264.6124,-464.6715,5.6717,-36.744179,97.2779,114.9648,1.1818,0,1,55,1841437,A168_HF9F_20260827_0900,2026-08-27 09:00:00,185
114630600|39|7,7,114630600,39,2026-05-03,1,2134,11,14,4,640.7193,640.7193,316.9167,0.0000,49.462642,45.7657,58.2472,1.2727,0,1,55,1841438,A168_HF9F_20260827_0900,2026-08-27 09:00:00,185
114630600|4|7,7,114630600,4,2026-05-03,1,2167,7,12,7,550.0695,550.0695,-95.5064,0.0000,-17.362609,45.8391,78.5814,1.7143,0,1,21,1841439,A168_HF9F_20260827_0900,2026-08-27 09:00:00,185
114630600|40|7,7,114630600,40,2026-05-03,1,2134,17,19,4,1995.8100,1995.8100,-1078.6989,6.7493,-54.048177,105.0426,117.4006,1.1176,0,1,136,1841440,A168_HF9F_20260827_0900,2026-08-27 09:00:00,185
114630600|41|7,7,114630600,41,2026-05-03,1,2134,20,27,6,2477.9680,2477.9680,-1645.5498,5.6717,-66.407226,91.7766,123.8984,1.3500,0,1,190,1841441,A168_HF9F_20260827_0900,2026-08-27 09:00:00,185
114630600|42|7,7,114630600,42,2026-05-03,1,2134,16,20,5,1712.2892,1712.2892,-517.7207,5.6717,-30.235586,85.6145,107.0181,1.2500,0,1,120,1841442,A168_HF9F_20260827_0900,2026-08-27 09:00:00,185
114630600|43|7,7,114630600,43,2026-05-03,1,2134,12,14,4,1152.6489,1152.6489,1124.9689,5.6717,97.598568,82.3321,96.0541,1.1667,0,1,66,1841443,A168_HF9F_20260827_0900,2026-08-27 09:00:00,185
114630600|44|7,7,114630600,44,2026-05-03,1,2134,11,15,5,1203.3814,1203.3814,724.8744,5.6717,60.236464,80.2254,109.3983,1.3636,0,1,55,1841444,A168_HF9F_20260827_0900,2026-08-27 09:00:00,185
114630600|45|7,7,114630600,45,2026-05-03,1,2134,16,20,6,1167.8840,1167.8840,820.3722,5.6717,70.244326,58.3942,72.9927,1.2500,0,1,120,1841445,A168_HF9F_20260827_0900,2026-08-27 09:00:00,185
114630600|46|7,7,114630600,46,2026-05-03,1,2134,7,9,5,934.8640,934.8640,-371.9985,5.6717,-39.791728,103.8738,133.5520,1.2857,0,1,21,1841446,A168_HF9F_20260827_0900,2026-08-27 09:00:00,185
114630600|47|7,7,114630600,47,2026-05-03,1,2134,9,11,5,979.2579,979.2579,-530.9628,4.7264,-54.220938,89.0234,108.8064,1.2222,0,1,36,1841447,A168_HF9F_20260827_0900,2026-08-27 09:00:00,185
114630600|48|7,7,114630600,48,2026-05-03,1,2134,13,14,3,1322.0877,1322.0877,-602.0799,5.6717,-45.540087,94.4348,101.6991,1.0769,0,1,78,1841448,A168_HF9F_20260827_0900,2026-08-27 09:00:00,185
114630600|49|7,7,114630600,49,2026-05-03,1,2134,14,17,5,3150.8948,59.2389,-95.7998,0.0000,-161.717724,185.3468,225.0639,1.2143,14,1,91,1841449,A168_HF9F_20260827_0900,2026-08-27 09:00:00,185
114630600|5|7,7,114630600,5,2026-05-03,1,2167,5,10,7,219.0568,219.0568,219.0568,0.0000,100.000000,21.9057,43.8114,2.0000,0,1,10,1841450,A168_HF9F_20260827_0900,2026-08-27 09:00:00,185
114630600|50|7,7,114630600,50,2026-05-03,1,2134,18,19,3,2627.2910,2627.2910,-997.4731,5.6717,-37.965839,138.2785,145.9606,1.0556,0,1,153,1841451,A168_HF9F_20260827_0900,2026-08-27 09:00:00,185
114630600|51|7,7,114630600,51,2026-05-03,1,2134,20,23,5,1419.3766,1311.6374,-652.4947,5.6717,-49.746577,61.7120,70.9688,1.1500,0,1,190,1841452,A168_HF9F_20260827_0900,2026-08-27 09:00:00,185
114630600|52|7,7,114630600,52,2026-05-03,1,2134,27,31,5,2330.4807,2330.4807,-1788.6996,7.0696,-76.752389,75.1768,86.3141,1.1481,0,1,351,1841453,A168_HF9F_20260827_0900,2026-08-27 09:00:00,185
114630600|6|7,7,114630600,6,2026-05-03,1,2167,5,7,5,151.2800,151.2800,88.0339,0.0000,58.192688,21.6114,30.2560,1.4000,0,1,10,1841454,A168_HF9F_20260827_0900,2026-08-27 09:00:00,185
114630600|7|7,7,114630600,7,2026-05-03,1,2167,5,5,2,1021.1138,1021.1138,516.8346,5.6717,50.614793,204.2228,204.2228,1.0000,0,1,10,1841455,A168_HF9F_20260827_0900,2026-08-27 09:00:00,185
114630600|8|7,7,114630600,8,2026-05-03,1,2167,8,8,2,228.3929,0.0000,0.0000,0.0000,,28.5491,28.5491,1.0000,8,1,28,1841456,A168_HF9F_20260827_0900,2026-08-27 09:00:00,185
114630600|9|7,7,114630600,9,2026-05-03,1,2167,9,10,4,678.4330,4.5959,4.5959,0.0000,100.000000,67.8433,75.3814,1.1111,7,1,36,1841457,A168_HF9F_20260827_0900,2026-08-27 09:00:00,185
114630631|1|7,7,114630631,1,2026-05-03,1,2134,7,9,4,618.9430,618.9430,533.1178,0.0000,86.133580,68.7714,88.4204,1.2857,0,1,21,1841458,A168_HF9F_20260827_0900,2026-08-27 09:00:00,185
114630631|10|7,7,114630631,10,2026-05-03,1,2134,19,24,6,840.1401,840.1401,595.8910,0.0079,70.927578,35.0058,44.2179,1.2632,0,1,171,1841459,A168_HF9F_20260827_0900,2026-08-27 09:00:00,185
114630631|11|7,7,114630631,11,2026-05-03,1,2134,16,21,6,377.2733,377.2733,-259.2129,0.0314,-68.706915,17.9654,23.5796,1.3125,0,1,120,1841460,A168_HF9F_20260827_0900,2026-08-27 09:00:00,185
114630631|12|7,7,114630631,12,2026-05-03,1,2134,17,22,7,620.7318,620.7318,-294.9166,0.0079,-47.511114,28.2151,36.5136,1.2941,0,1,136,1841461,A168_HF9F_20260827_0900,2026-08-27 09:00:00,185
114630631|13|7,7,114630631,13,2026-05-03,1,1704,19,30,8,920.2899,920.2899,406.7320,0.0000,44.196071,30.6763,48.4363,1.5789,0,1,171,1841462,A168_HF9F_20260827_0900,2026-08-27 09:00:00,185
114630631|14|7,7,114630631,14,2026-05-03,1,1704,17,25,8,510.2531,510.2531,-26.5231,0.0079,-5.198031,20.4101,30.0149,1.4706,0,1,136,1841463,A168_HF9F_20260827_0900,2026-08-27 09:00:00,185
114630631|15|7,7,114630631,15,2026-05-03,1,1704,25,38,8,1353.8750,1353.8750,756.9588,0.0079,55.910536,35.6283,54.1550,1.5200,0,1,300,1841464,A168_HF9F_20260827_0900,2026-08-27 09:00:00,185
114630631|16|7,7,114630631,16,2026-05-03,1,1704,21,29,8,1404.8351,1404.8351,-692.3460,0.0314,-49.283080,48.4426,66.8969,1.3810,0,1,210,1841465,A168_HF9F_20260827_0900,2026-08-27 09:00:00,185
114630631|17|7,7,114630631,17,2026-05-03,1,1704,26,36,7,2902.5612,2902.5612,1422.0722,0.5120,48.993704,80.6267,111.6370,1.3846,0,1,325,1841466,A168_HF9F_20260827_0900,2026-08-27 09:00:00,185
114630631|18|7,7,114630631,18,2026-05-03,1,1704,20,35,10,2797.4691,2797.4691,1776.3196,0.0000,63.497378,79.9277,139.8735,1.7500,0,1,190,1841467,A168_HF9F_20260827_0900,2026-08-27 09:00:00,185
114630631|19|7,7,114630631,19,2026-05-03,1,1704,20,32,8,2188.3202,119.9146,-22.1100,0.4325,-18.438122,68.3850,109.4160,1.6000,20,1,190,1841468,A168_HF9F_20260827_0900,2026-08-27 09:00:00,185
114630631|2|7,7,114630631,2,2026-05-03,1,2134,13,14,3,386.5155,386.5155,53.2197,0.0000,13.769087,27.6083,29.7320,1.0769,0,1,78,1841469,A168_HF9F_20260827_0900,2026-08-27 09:00:00,185
114630631|20|7,7,114630631,20,2026-05-03,1,1704,18,31,8,2100.1216,2100.1216,-8.9893,3.0278,-0.428035,67.7459,116.6734,1.7222,0,1,153,1841470,A168_HF9F_20260827_0900,2026-08-27 09:00:00,185
114630631|21|7,7,114630631,21,2026-05-03,1,1704,30,43,8,4855.6605,4855.6605,474.9822,5.1984,9.782030,112.9223,161.8553,1.4333,0,1,435,1841471,A168_HF9F_20260827_0900,2026-08-27 09:00:00,185
114630631|22|7,7,114630631,22,2026-05-03,1,1704,31,47,8,2522.2568,2522.2568,160.1686,7.8172,6.350209,53.6650,81.3631,1.5161,0,1,465,1841472,A168_HF9F_20260827_0900,2026-08-27 09:00:00,185
114630631|23|7,7,114630631,23,2026-05-03,1,1704,26,43,8,1741.2276,1741.2276,-345.6733,5.6309,-19.852276,40.4937,66.9703,1.6538,0,1,325,1841473,A168_HF9F_20260827_0900,2026-08-27 09:00:00,185
114630631|24|7,7,114630631,24,2026-05-03,1,1704,25,44,8,2585.1560,2585.1560,-616.5932,6.1272,-23.851294,58.7535,103.4062,1.7600,0,1,300,1841474,A168_HF9F_20260827_0900,2026-08-27 09:00:00,185
114630631|25|7,7,114630631,25,2026-05-03,1,1704,32,45,8,3257.5051,3257.5051,-732.4799,5.6309,-22.485917,72.3890,101.7970,1.4063,0,1,496,1841475,A168_HF9F_20260827_0900,2026-08-27 09:00:00,185
114630631|26|7,7,114630631,26,2026-05-03,1,1704,38,57,8,5552.3806,5552.3806,2877.2733,9.9485,51.820535,97.4102,146.1153,1.5000,0,1,703,1841476,A168_HF9F_20260827_0900,2026-08-27 09:00:00,185
114630631|27|7,7,114630631,27,2026-05-03,1,1704,51,86,8,7682.6204,7682.6204,-3121.8755,8.8750,-40.635556,89.3328,150.6396,1.6863,0,1,1275,1841477,A168_HF9F_20260827_0900,2026-08-27 09:00:00,185
114630631|28|7,7,114630631,28,2026-05-03,1,1704,62,101,9,8073.6002,646.0728,-1272.0549,3.4940,-196.890333,79.9366,130.2194,1.6290,59,1,1891,1841478,A168_HF9F_20260827_0900,2026-08-27 09:00:00,185
114630631|29|7,7,114630631,29,2026-05-03,1,1704,65,102,8,6997.2043,637.9670,-366.7338,3.0782,-57.484764,68.6000,107.6493,1.5692,64,1,2080,1841479,A168_HF9F_20260827_0900,2026-08-27 09:00:00,185
114630631|3|7,7,114630631,3,2026-05-03,1,2134,8,8,2,348.3966,348.3966,-173.5330,0.0000,-49.809034,43.5496,43.5496,1.0000,0,1,28,1841480,A168_HF9F_20260827_0900,2026-08-27 09:00:00,185
114630631|30|7,7,114630631,30,2026-05-03,1,1704,66,114,9,6008.8640,6008.8640,-2065.9471,9.8862,-34.381658,52.7093,91.0434,1.7273,0,1,2145,1841481,A168_HF9F_20260827_0900,2026-08-27 09:00:00,185
114630631|31|7,7,114630631,31,2026-05-03,1,1704,73,107,8,18038.9514,18038.9514,-14922.7562,9.4789,-82.725187,168.5883,247.1089,1.4658,0,1,2628,1841482,A168_HF9F_20260827_0900,2026-08-27 09:00:00,185
114630631|32|7,7,114630631,32,2026-05-03,1,1704,85,124,8,20006.6701,20006.6701,-14860.3087,8.7415,-74.276772,161.3441,235.3726,1.4588,0,1,3570,1841483,A168_HF9F_20260827_0900,2026-08-27 09:00:00,185
114630631|33|7,7,114630631,33,2026-05-03,1,1704,98,153,10,11399.6505,817.7678,-2557.9462,3.6284,-312.796150,74.5075,116.3230,1.5612,94,1,4753,1841484,A168_HF9F_20260827_0900,2026-08-27 09:00:00,185
114630631|34|7,7,114630631,34,2026-05-03,1,1704,97,158,10,21646.1532,21646.1532,-11174.3878,9.1378,-51.622973,137.0010,223.1562,1.6289,0,1,4656,1841485,A168_HF9F_20260827_0900,2026-08-27 09:00:00,185
114630631|35|7,7,114630631,35,2026-05-03,1,1704,105,170,10,18566.5322,18535.6602,1799.5442,9.6099,9.708552,109.2149,176.8241,1.6190,0,1,5460,1841486,A168_HF9F_20260827_0900,2026-08-27 09:00:00,185
114630631|36|7,7,114630631,36,2026-05-03,1,1704,60,107,8,2954.3802,2954.3802,-406.5388,9.2515,-13.760543,27.6110,49.2397,1.7833,0,1,1770,1841487,A168_HF9F_20260827_0900,2026-08-27 09:00:00,185
114630631|37|7,7,114630631,37,2026-05-03,1,1704,57,92,10,4978.8390,4978.8390,2369.1560,6.8915,47.584507,54.1178,87.3481,1.6140,0,1,1596,1841488,A168_HF9F_20260827_0900,2026-08-27 09:00:00,185
114630631|38|7,7,114630631,38,2026-05-03,1,1704,60,105,10,6198.3259,6198.3259,-5360.1833,8.5946,-86.477920,59.0317,103.3054,1.7500,0,1,1770,1841489,A168_HF9F_20260827_0900,2026-08-27 09:00:00,185
114630631|39|7,7,114630631,39,2026-05-03,1,1704,67,129,10,37001.1585,34896.3376,-28776.5215,8.9643,-82.462870,286.8307,552.2561,1.9254,3,1,2211,1841490,A168_HF9F_20260827_0900,2026-08-27 09:00:00,185
114630631|4|7,7,114630631,4,2026-05-03,1,2134,11,14,4,276.9089,274.8083,180.5366,0.0000,65.695478,19.7792,25.1735,1.2727,1,1,55,1841491,A168_HF9F_20260827_0900,2026-08-27 09:00:00,185
114630631|40|7,7,114630631,40,2026-05-03,1,1704,66,114,9,7993.6455,7993.6455,6728.7617,8.6781,84.176383,70.1197,121.1158,1.7273,0,1,2145,1841492,A168_HF9F_20260827_0900,2026-08-27 09:00:00,185
114630631|41|7,7,114630631,41,2026-05-03,1,1704,44,90,10,3260.8223,3260.8223,1836.4078,7.4541,56.317322,36.2314,74.1096,2.0455,0,1,946,1841493,A168_HF9F_20260827_0900,2026-08-27 09:00:00,185
114630631|42|7,7,114630631,42,2026-05-03,1,1704,40,74,10,3163.9085,3153.4054,332.1620,7.6872,10.533439,42.7555,79.0977,1.8500,0,1,780,1841494,A168_HF9F_20260827_0900,2026-08-27 09:00:00,185
114630631|43|7,7,114630631,43,2026-05-03,1,2167,40,62,10,4511.9624,4511.9624,1847.7250,10.2225,40.951693,72.7736,112.7991,1.5500,0,1,780,1841495,A168_HF9F_20260827_0900,2026-08-27 09:00:00,185
114630631|44|7,7,114630631,44,2026-05-03,1,2167,30,56,10,3790.8789,3790.8789,-937.1366,8.4286,-24.720825,67.6943,126.3626,1.8667,0,1,435,1841496,A168_HF9F_20260827_0900,2026-08-27 09:00:00,185
114630631|45|7,7,114630631,45,2026-05-03,1,2167,25,41,9,4422.7724,370.3680,-1162.2979,2.8115,-313.822478,107.8725,176.9109,1.6400,24,1,300,1841497,A168_HF9F_20260827_0900,2026-08-27 09:00:00,185
114630631|46|7,7,114630631,46,2026-05-03,1,2167,28,49,10,4465.9261,4465.9261,1292.6707,6.8287,28.945187,91.1413,159.4974,1.7500,0,1,378,1841498,A168_HF9F_20260827_0900,2026-08-27 09:00:00,185
114630631|47|7,7,114630631,47,2026-05-03,1,2167,23,43,10,3953.1181,3953.1181,1935.9209,6.9565,48.971997,91.9330,171.8747,1.8696,0,1,253,1841499,A168_HF9F_20260827_0900,2026-08-27 09:00:00,185
114630631|48|7,7,114630631,48,2026-05-03,1,2167,21,43,10,3369.8388,3369.8388,-411.4540,6.7739,-12.209901,78.3683,160.4685,2.0476,0,1,210,1841500,A168_HF9F_20260827_0900,2026-08-27 09:00:00,185
114630631|49|7,7,114630631,49,2026-05-03,1,2167,24,45,10,4014.7707,4014.7707,-2057.0438,6.2909,-51.236893,89.2171,167.2821,1.8750,0,1,276,1841501,A168_HF9F_20260827_0900,2026-08-27 09:00:00,185
114630631|5|7,7,114630631,5,2026-05-03,1,2134,12,16,6,1766.8811,1766.8811,-639.2298,5.6795,-36.178428,110.4301,147.2401,1.3333,0,1,66,1841502,A168_HF9F_20260827_0900,2026-08-27 09:00:00,185
114630631|50|7,7,114630631,50,2026-05-03,1,2167,23,43,10,3659.0988,3659.0988,1132.6068,7.5739,30.953164,85.0953,159.0913,1.8696,0,1,253,1841503,A168_HF9F_20260827_0900,2026-08-27 09:00:00,185
114630631|6|7,7,114630631,6,2026-05-03,1,2134,15,20,6,596.6416,59.4999,-197.4253,0.0000,-331.807668,29.8321,39.7761,1.3333,15,1,105,1841504,A168_HF9F_20260827_0900,2026-08-27 09:00:00,185
114630631|7|7,7,114630631,7,2026-05-03,1,2134,15,19,6,847.1751,847.1751,551.2198,0.0079,65.065620,44.5882,56.4783,1.2667,0,1,105,1841505,A168_HF9F_20260827_0900,2026-08-27 09:00:00,185
114630631|8|7,7,114630631,8,2026-05-03,1,2134,19,21,4,1997.7234,1997.7234,1146.6473,0.0079,57.397703,95.1297,105.1433,1.1053,0,1,171,1841506,A168_HF9F_20260827_0900,2026-08-27 09:00:00,185
114630631|9|7,7,114630631,9,2026-05-03,1,2134,19,24,7,871.7341,871.7341,154.8464,0.0314,17.763034,36.3223,45.8807,1.2632,0,1,171,1841507,A168_HF9F_20260827_0900,2026-08-27 09:00:00,185
114630661|1|7,7,114630661,1,2026-05-03,1,2167,1,1,1,441.0773,441.0773,441.0773,0.0000,100.000000,441.0773,441.0773,1.0000,0,0,0,1841508,A168_HF9F_20260827_0900,2026-08-27 09:00:00,185
114630661|10|7,7,114630661,10,2026-05-03,1,2167,10,14,5,12046.7291,12046.7291,-11790.1330,108.1362,-97.869993,860.4806,1204.6729,1.4000,0,1,45,1841509,A168_HF9F_20260827_0900,2026-08-27 09:00:00,185
114630661|11|7,7,114630661,11,2026-05-03,1,2167,14,22,7,1544.7805,1544.7805,678.1539,0.0000,43.899691,70.2173,110.3415,1.5714,0,1,91,1841510,A168_HF9F_20260827_0900,2026-08-27 09:00:00,185
114630661|12|7,7,114630661,12,2026-05-03,1,2167,12,14,4,1584.1302,84.1390,-616.3955,0.0000,-732.591645,113.1522,132.0108,1.1667,12,1,66,1841511,A168_HF9F_20260827_0900,2026-08-27 09:00:00,185
114630661|13|7,7,114630661,13,2026-05-03,1,2167,10,15,7,1132.5189,1132.5189,349.0690,0.0000,30.822351,75.5013,113.2519,1.5000,0,1,45,1841512,A168_HF9F_20260827_0900,2026-08-27 09:00:00,185
114630661|14|7,7,114630661,14,2026-05-03,1,2167,11,11,2,1115.8990,1115.8990,-198.0711,0.0000,-17.749913,101.4454,101.4454,1.0000,0,1,55,1841513,A168_HF9F_20260827_0900,2026-08-27 09:00:00,185
114630661|15|7,7,114630661,15,2026-05-03,1,2167,10,10,2,605.8761,605.8761,-140.9591,0.0000,-23.265330,60.5876,60.5876,1.0000,0,1,45,1841514,A168_HF9F_20260827_0900,2026-08-27 09:00:00,185
114630661|16|7,7,114630661,16,2026-05-03,1,2167,11,13,4,3617.1361,3617.1361,2346.3267,0.0000,64.866973,278.2412,328.8306,1.1818,0,1,55,1841515,A168_HF9F_20260827_0900,2026-08-27 09:00:00,185
114630661|17|7,7,114630661,17,2026-05-03,1,2167,16,16,3,3457.6539,3457.6539,3268.9175,0.0000,94.541491,216.1034,216.1034,1.0000,0,1,120,1841516,A168_HF9F_20260827_0900,2026-08-27 09:00:00,185
114630661|18|7,7,114630661,18,2026-05-03,1,2167,13,13,3,1385.7159,1385.7159,619.6327,0.0000,44.715708,106.5935,106.5935,1.0000,0,1,78,1841517,A168_HF9F_20260827_0900,2026-08-27 09:00:00,185
114630661|19|7,7,114630661,19,2026-05-03,1,2167,10,13,7,715.9834,715.9834,9.1706,0.0000,1.280845,55.0756,71.5983,1.3000,0,1,45,1841518,A168_HF9F_20260827_0900,2026-08-27 09:00:00,185
114630661|2|7,7,114630661,2,2026-05-03,1,2167,3,3,2,835.3227,835.3227,-790.7251,0.0000,-94.661038,278.4409,278.4409,1.0000,0,1,3,1841519,A168_HF9F_20260827_0900,2026-08-27 09:00:00,185
114630661|20|7,7,114630661,20,2026-05-03,1,2167,15,15,3,1598.7647,1598.7647,294.3816,0.0000,18.413066,106.5843,106.5843,1.0000,0,1,105,1841520,A168_HF9F_20260827_0900,2026-08-27 09:00:00,185
114630661|21|7,7,114630661,21,2026-05-03,1,2167,11,11,2,1365.8910,1365.8910,717.8609,0.0000,52.556233,124.1719,124.1719,1.0000,0,1,55,1841521,A168_HF9F_20260827_0900,2026-08-27 09:00:00,185
114630661|22|7,7,114630661,22,2026-05-03,1,2167,15,18,5,1683.0045,1683.0045,-337.7875,0.0000,-20.070506,93.5002,112.2003,1.2000,0,1,105,1841522,A168_HF9F_20260827_0900,2026-08-27 09:00:00,185
114630661|23|7,7,114630661,23,2026-05-03,1,2167,20,23,4,1000.8735,1000.8735,-26.9098,0.1680,-2.688634,43.5162,50.0437,1.1500,0,1,190,1841523,A168_HF9F_20260827_0900,2026-08-27 09:00:00,185
114630661|24|7,7,114630661,24,2026-05-03,1,2167,24,28,5,1288.3160,1288.3160,-276.0831,0.0000,-21.429768,46.0113,53.6798,1.1667,0,1,276,1841524,A168_HF9F_20260827_0900,2026-08-27 09:00:00,185
114630661|25|7,7,114630661,25,2026-05-03,1,1646,19,22,5,1332.4581,23.1068,-14.7043,0.0000,-63.636364,60.5663,70.1294,1.1579,19,1,171,1841525,A168_HF9F_20260827_0900,2026-08-27 09:00:00,185
114630661|26|7,7,114630661,26,2026-05-03,1,1646,11,12,3,634.2849,634.2849,-462.8638,0.0000,-72.974122,52.8571,57.6623,1.0909,0,1,55,1841526,A168_HF9F_20260827_0900,2026-08-27 09:00:00,185
114630661|27|7,7,114630661,27,2026-05-03,1,1646,13,17,6,776.1196,776.1196,104.8133,0.0000,13.504794,45.6541,59.7015,1.3077,0,1,78,1841527,A168_HF9F_20260827_0900,2026-08-27 09:00:00,185
114630661|28|7,7,114630661,28,2026-05-03,1,1646,13,13,2,1107.2525,1107.2525,-61.1293,0.0000,-5.520810,85.1733,85.1733,1.0000,0,1,78,1841528,A168_HF9F_20260827_0900,2026-08-27 09:00:00,185
114630661|29|7,7,114630661,29,2026-05-03,1,1646,27,31,4,3607.8440,3487.8305,-2418.4777,0.0000,-69.340458,116.3821,133.6239,1.1481,0,1,351,1841529,A168_HF9F_20260827_0900,2026-08-27 09:00:00,185
114630661|3|7,7,114630661,3,2026-05-03,1,2167,2,2,2,321.3033,321.3033,116.4929,0.0000,36.256363,160.6517,160.6517,1.0000,0,1,1,1841530,A168_HF9F_20260827_0900,2026-08-27 09:00:00,185
114630661|30|7,7,114630661,30,2026-05-03,1,1646,28,37,5,3977.6792,3977.6792,3724.6646,0.0000,93.639141,107.5048,142.0600,1.3214,0,1,378,1841531,A168_HF9F_20260827_0900,2026-08-27 09:00:00,185
114630661|31|7,7,114630661,31,2026-05-03,1,1646,19,24,5,1199.7660,1199.7660,-227.7576,0.0000,-18.983502,49.9902,63.1456,1.2632,0,1,171,1841532,A168_HF9F_20260827_0900,2026-08-27 09:00:00,185
114630661|32|7,7,114630661,32,2026-05-03,1,1646,19,24,5,789.3779,789.3779,277.7118,0.2033,35.181100,32.8907,41.5462,1.2632,0,1,171,1841533,A168_HF9F_20260827_0900,2026-08-27 09:00:00,185
114630661|33|7,7,114630661,33,2026-05-03,1,1646,18,23,5,1330.6275,1330.6275,339.7595,0.0000,25.533776,57.8534,73.9238,1.2778,0,1,153,1841534,A168_HF9F_20260827_0900,2026-08-27 09:00:00,185
114630661|34|7,7,114630661,34,2026-05-03,1,1646,16,19,6,1530.3559,1530.3559,-1354.6350,0.0000,-88.517639,80.5450,95.6472,1.1875,0,1,120,1841535,A168_HF9F_20260827_0900,2026-08-27 09:00:00,185
114630661|35|7,7,114630661,35,2026-05-03,1,1646,15,19,8,1325.1736,33.6099,-10.5031,0.0000,-31.250000,69.7460,88.3449,1.2667,13,1,105,1841536,A168_HF9F_20260827_0900,2026-08-27 09:00:00,185
114630661|36|7,7,114630661,36,2026-05-03,1,1646,15,21,6,1506.3987,1506.3987,-208.7165,0.4369,-13.855327,71.7333,100.4266,1.4000,0,1,105,1841537,A168_HF9F_20260827_0900,2026-08-27 09:00:00,185
114630661|37|7,7,114630661,37,2026-05-03,1,1646,18,20,3,1471.1454,1466.9441,1032.2544,0.0000,70.367669,73.5573,81.7303,1.1111,2,1,153,1841538,A168_HF9F_20260827_0900,2026-08-27 09:00:00,185
114630661|38|7,7,114630661,38,2026-05-03,1,1646,16,17,3,1298.4519,1298.4519,474.8152,0.0000,36.567790,76.3795,81.1532,1.0625,0,1,120,1841539,A168_HF9F_20260827_0900,2026-08-27 09:00:00,185
114630661|39|7,7,114630661,39,2026-05-03,1,1646,13,14,4,806.8098,806.8098,94.4727,0.0000,11.709418,57.6293,62.0623,1.0769,0,1,78,1841540,A168_HF9F_20260827_0900,2026-08-27 09:00:00,185
114630661|4|7,7,114630661,4,2026-05-03,1,2167,3,3,2,525.7295,525.7295,19.7880,0.0000,3.763908,175.2432,175.2432,1.0000,0,1,3,1841541,A168_HF9F_20260827_0900,2026-08-27 09:00:00,185
114630661|40|7,7,114630661,40,2026-05-03,1,1646,8,9,3,433.2118,433.2118,204.6715,0.0000,47.245130,48.1346,54.1515,1.1250,0,1,28,1841542,A168_HF9F_20260827_0900,2026-08-27 09:00:00,185
114630661|41|7,7,114630661,41,2026-05-03,1,1646,15,16,3,731.4344,731.4344,129.1015,0.0000,17.650450,45.7146,48.7623,1.0667,0,1,105,1841543,A168_HF9F_20260827_0900,2026-08-27 09:00:00,185
114630661|42|7,7,114630661,42,2026-05-03,1,1646,21,29,8,1947.8254,1947.8254,823.5752,0.0000,42.281778,67.1664,92.7536,1.3810,0,1,210,1841544,A168_HF9F_20260827_0900,2026-08-27 09:00:00,185
114630661|43|7,7,114630661,43,2026-05-03,1,1646,11,21,8,917.7589,863.6908,209.3935,0.0000,24.244038,43.7028,83.4326,1.9091,0,1,55,1841545,A168_HF9F_20260827_0900,2026-08-27 09:00:00,185
114630661|44|7,7,114630661,44,2026-05-03,1,1646,9,13,6,621.5737,621.5737,499.1008,0.0000,80.296318,47.8134,69.0637,1.4444,0,1,36,1841546,A168_HF9F_20260827_0900,2026-08-27 09:00:00,185
114630661|45|7,7,114630661,45,2026-05-03,1,1646,9,10,3,658.0423,658.0423,211.1340,1.1763,32.085171,65.8042,73.1158,1.1111,0,1,36,1841547,A168_HF9F_20260827_0900,2026-08-27 09:00:00,185
114630661|46|7,7,114630661,46,2026-05-03,1,1646,11,11,2,773.9124,0.0000,0.0000,0.0000,,70.3557,70.3557,1.0000,11,1,55,1841548,A168_HF9F_20260827_0900,2026-08-27 09:00:00,185
114630661|47|7,7,114630661,47,2026-05-03,1,1646,10,10,2,634.8513,634.8513,87.5948,1.4452,13.797686,63.4851,63.4851,1.0000,0,1,45,1841549,A168_HF9F_20260827_0900,2026-08-27 09:00:00,185
114630661|48|7,7,114630661,48,2026-05-03,1,1646,10,13,4,599.5617,599.5617,310.2203,0.0000,51.741189,46.1201,59.9562,1.3000,0,1,45,1841550,A168_HF9F_20260827_0900,2026-08-27 09:00:00,185
114630661|49|7,7,114630661,49,2026-05-03,1,1646,5,5,2,115.8200,0.0000,0.0000,0.0000,,23.1640,23.1640,1.0000,5,1,10,1841551,A168_HF9F_20260827_0900,2026-08-27 09:00:00,185
114630661|5|7,7,114630661,5,2026-05-03,1,2167,4,8,4,1801.7998,1801.7998,1801.7998,0.0000,100.000000,225.2250,450.4500,2.0000,0,1,6,1841552,A168_HF9F_20260827_0900,2026-08-27 09:00:00,185
114630661|50|7,7,114630661,50,2026-05-03,1,1646,4,4,2,177.8537,177.8537,148.4451,0.0000,83.464685,44.4634,44.4634,1.0000,0,1,6,1841553,A168_HF9F_20260827_0900,2026-08-27 09:00:00,185
114630661|51|7,7,114630661,51,2026-05-03,1,1646,7,7,2,3247.5518,3247.5518,1518.8941,0.5041,46.770434,463.9360,463.9360,1.0000,0,1,21,1841554,A168_HF9F_20260827_0900,2026-08-27 09:00:00,185
114630661|52|7,7,114630661,52,2026-05-03,1,1646,6,7,3,69.8882,69.8882,-41.3198,0.0000,-59.122691,9.9840,11.6480,1.1667,0,1,15,1841555,A168_HF9F_20260827_0900,2026-08-27 09:00:00,185
114630661|53|7,7,114630661,53,2026-05-03,1,1646,11,16,5,378.2455,378.2455,-114.4304,0.0000,-30.252951,23.6403,34.3860,1.4545,0,1,55,1841556,A168_HF9F_20260827_0900,2026-08-27 09:00:00,185
114630661|6|7,7,114630661,6,2026-05-03,1,2167,9,14,6,1777.8618,1777.8618,1211.4814,0.0000,68.142609,126.9901,197.5402,1.5556,0,1,36,1841557,A168_HF9F_20260827_0900,2026-08-27 09:00:00,185
114630661|7|7,7,114630661,7,2026-05-03,1,2167,12,23,6,1709.0663,133.9616,-479.2363,0.0000,-357.741616,74.3072,142.4222,1.9167,12,1,66,1841558,A168_HF9F_20260827_0900,2026-08-27 09:00:00,185
114630661|8|7,7,114630661,8,2026-05-03,1,2167,21,30,7,4104.2803,4104.2803,2049.2740,0.0000,49.930166,136.8093,195.4419,1.4286,0,1,210,1841559,A168_HF9F_20260827_0900,2026-08-27 09:00:00,185
114630661|9|7,7,114630661,9,2026-05-03,1,2167,8,15,7,933.3385,933.3385,479.9125,0.0000,51.418908,62.2226,116.6673,1.8750,0,1,28,1841560,A168_HF9F_20260827_0900,2026-08-27 09:00:00,185
114630692|10|7,7,114630692,10,2026-05-03,1,1363,16,23,5,643.8149,643.8149,-444.0507,0.0000,-68.971799,27.9920,40.2384,1.4375,0,1,120,1841561,A168_HF9F_20260827_0900,2026-08-27 09:00:00,185
114630692|11|7,7,114630692,11,2026-05-03,1,1363,26,37,7,3039.4366,3039.4366,-1764.4860,0.0000,-58.053060,82.1469,116.9014,1.4231,0,1,325,1841562,A168_HF9F_20260827_0900,2026-08-27 09:00:00,185
114630692|12|7,7,114630692,12,2026-05-03,1,1363,21,32,6,1034.3986,1034.3986,-601.9078,0.0000,-58.189149,32.3250,49.2571,1.5238,0,1,210,1841563,A168_HF9F_20260827_0900,2026-08-27 09:00:00,185
114630692|13|7,7,114630692,13,2026-05-03,1,1363,18,26,7,680.8577,680.8577,-537.1559,0.0000,-78.893996,26.1868,37.8254,1.4444,0,1,153,1841564,A168_HF9F_20260827_0900,2026-08-27 09:00:00,185
114630692|14|7,7,114630692,14,2026-05-03,1,1363,19,24,4,1287.4303,1287.4303,747.1917,0.6575,58.037447,53.6429,67.7595,1.2632,0,1,171,1841565,A168_HF9F_20260827_0900,2026-08-27 09:00:00,185
114630692|15|7,7,114630692,15,2026-05-03,1,1363,14,20,7,751.8513,751.8513,-233.5004,0.0000,-31.056727,37.5926,53.7037,1.4286,0,1,91,1841566,A168_HF9F_20260827_0900,2026-08-27 09:00:00,185
114630692|16|7,7,114630692,16,2026-05-03,1,1363,27,40,9,6116.5954,6116.5954,4146.5676,0.6080,67.792085,152.9149,226.5406,1.4815,0,1,351,1841567,A168_HF9F_20260827_0900,2026-08-27 09:00:00,185
114630692|17|7,7,114630692,17,2026-05-03,1,1363,25,29,6,2826.5806,2826.5806,731.7631,0.0000,25.888632,97.4683,113.0632,1.1600,0,1,300,1841568,A168_HF9F_20260827_0900,2026-08-27 09:00:00,185
114630692|18|7,7,114630692,18,2026-05-03,1,1363,32,38,6,1953.9879,1953.9879,-533.1724,0.1680,-27.286370,51.4207,61.0621,1.1875,0,1,496,1841569,A168_HF9F_20260827_0900,2026-08-27 09:00:00,185
114630692|19|7,7,114630692,19,2026-05-03,1,1363,38,45,5,3765.4706,3765.4706,-1822.3587,0.1176,-48.396573,83.6771,99.0913,1.1842,0,1,703,1841570,A168_HF9F_20260827_0900,2026-08-27 09:00:00,185
114630692|20|7,7,114630692,20,2026-05-03,1,1363,36,44,5,3687.2137,3685.1131,12.1148,0.0504,0.328750,83.8003,102.4226,1.2222,1,1,630,1841571,A168_HF9F_20260827_0900,2026-08-27 09:00:00,185
114630692|21|7,7,114630692,21,2026-05-03,1,1363,48,58,6,3906.5862,3904.4856,3003.5124,0.2017,76.924662,67.3549,81.3872,1.2083,1,1,1128,1841572,A168_HF9F_20260827_0900,2026-08-27 09:00:00,185
114630692|22|7,7,114630692,22,2026-05-03,1,1363,33,43,7,3700.9721,138.5259,-400.8754,0.0000,-289.386724,86.0691,112.1507,1.3030,33,1,528,1841573,A168_HF9F_20260827_0900,2026-08-27 09:00:00,185
114630692|23|7,7,114630692,23,2026-05-03,1,1363,29,40,8,4350.0558,4350.0558,-1707.3260,20.1996,-39.248371,108.7514,150.0019,1.3793,0,1,406,1841574,A168_HF9F_20260827_0900,2026-08-27 09:00:00,185
114630692|24|7,7,114630692,24,2026-05-03,1,1363,31,42,6,3339.3762,3339.3762,1358.1436,13.5095,40.670578,79.5090,107.7218,1.3548,0,1,465,1841575,A168_HF9F_20260827_0900,2026-08-27 09:00:00,185
114630692|25|7,7,114630692,25,2026-05-03,1,1363,29,40,8,3523.7486,3523.7486,1334.8845,7.5622,37.882513,88.0937,121.5086,1.3793,0,1,406,1841576,A168_HF9F_20260827_0900,2026-08-27 09:00:00,185
114630692|26|7,7,114630692,26,2026-05-03,1,1363,32,35,4,4222.3398,4222.3398,-2967.5528,11.7635,-70.282188,120.6383,131.9481,1.0938,0,1,496,1841577,A168_HF9F_20260827_0900,2026-08-27 09:00:00,185
114630692|27|7,7,114630692,27,2026-05-03,1,1363,26,27,5,5539.7125,31.3845,-157.6713,0.0000,-502.386079,205.1745,213.0659,1.0385,24,1,325,1841578,A168_HF9F_20260827_0900,2026-08-27 09:00:00,185
114630692|28|7,7,114630692,28,2026-05-03,1,1363,24,29,5,2604.3731,2604.3731,-1751.5623,12.0542,-67.254661,89.8060,108.5155,1.2083,0,1,276,1841579,A168_HF9F_20260827_0900,2026-08-27 09:00:00,185
114630692|29|7,7,114630692,29,2026-05-03,1,1363,27,30,4,5064.9842,5064.9842,-2865.9742,28.5684,-56.584070,168.8328,187.5920,1.1111,0,1,351,1841580,A168_HF9F_20260827_0900,2026-08-27 09:00:00,185
114630692|3|7,7,114630692,3,2026-05-03,1,1363,4,6,4,218.5378,218.5378,42.4366,0.0000,19.418412,36.4230,54.6345,1.5000,0,1,6,1841581,A168_HF9F_20260827_0900,2026-08-27 09:00:00,185
114630692|30|7,7,114630692,30,2026-05-03,1,1363,32,37,5,10098.3457,10098.3457,2944.1841,42.0124,29.155113,272.9283,315.5733,1.1563,0,1,496,1841582,A168_HF9F_20260827_0900,2026-08-27 09:00:00,185
114630692|31|7,7,114630692,31,2026-05-03,1,1363,38,39,3,5923.3951,5923.3951,1847.9654,13.4440,31.197740,151.8819,155.8788,1.0263,0,1,703,1841583,A168_HF9F_20260827_0900,2026-08-27 09:00:00,185
114630692|32|7,7,114630692,32,2026-05-03,1,1363,45,61,8,7906.2255,7900.4610,4243.1397,28.5684,53.707496,129.6103,175.6939,1.3556,1,1,990,1841584,A168_HF9F_20260827_0900,2026-08-27 09:00:00,185
114630692|33|7,7,114630692,33,2026-05-03,1,2267,26,28,4,5822.6481,5822.6481,-3574.6259,30.9766,-61.391757,207.9517,223.9480,1.0769,0,1,325,1841585,A168_HF9F_20260827_0900,2026-08-27 09:00:00,185
114630692|34|7,7,114630692,34,2026-05-03,1,2267,21,24,5,3072.5529,3072.5529,-1857.9241,13.4440,-60.468416,128.0230,146.3120,1.1429,0,1,210,1841586,A168_HF9F_20260827_0900,2026-08-27 09:00:00,185
114630692|35|7,7,114630692,35,2026-05-03,1,2267,17,20,5,5046.6608,5046.6608,-2707.5813,26.8879,-53.650948,252.3330,296.8624,1.1765,0,1,136,1841587,A168_HF9F_20260827_0900,2026-08-27 09:00:00,185
114630692|36|7,7,114630692,36,2026-05-03,1,2267,27,38,8,6713.6137,6710.7315,373.7366,13.6792,5.569238,176.6740,248.6524,1.4074,1,1,351,1841588,A168_HF9F_20260827_0900,2026-08-27 09:00:00,185
114630692|37|7,7,114630692,37,2026-05-03,1,2267,21,30,8,3907.5174,3884.4594,1349.3916,13.4440,34.738208,130.2506,186.0723,1.4286,1,1,210,1841589,A168_HF9F_20260827_0900,2026-08-27 09:00:00,185
114630692|38|7,7,114630692,38,2026-05-03,1,2267,26,37,8,6375.1026,6366.4558,1907.3415,13.4440,29.959236,172.3001,245.1963,1.4231,1,1,325,1841590,A168_HF9F_20260827_0900,2026-08-27 09:00:00,185
114630692|39|7,7,114630692,39,2026-05-03,1,2267,16,28,8,5511.9632,5503.3164,2240.4944,28.5684,40.711713,196.8558,344.4977,1.7500,1,1,120,1841591,A168_HF9F_20260827_0900,2026-08-27 09:00:00,185
114630692|4|7,7,114630692,4,2026-05-03,1,1363,4,6,3,161.0477,161.0477,161.0477,0.0000,100.000000,26.8413,40.2619,1.5000,0,1,6,1841592,A168_HF9F_20260827_0900,2026-08-27 09:00:00,185
114630692|40|7,7,114630692,40,2026-05-03,1,2267,14,21,8,6245.4103,6233.8813,-5305.2960,35.2904,-85.104219,297.4005,446.1007,1.5000,1,1,91,1841593,A168_HF9F_20260827_0900,2026-08-27 09:00:00,185
114630692|41|7,7,114630692,41,2026-05-03,1,2267,20,27,8,6874.5153,6865.8686,4954.7314,26.8879,72.164670,254.6117,343.7258,1.3500,1,1,190,1841594,A168_HF9F_20260827_0900,2026-08-27 09:00:00,185
114630692|42|7,7,114630692,42,2026-05-03,1,2267,26,33,8,5042.9626,5031.4335,1379.9454,8.4025,27.426487,152.8170,193.9601,1.2692,1,1,325,1841595,A168_HF9F_20260827_0900,2026-08-27 09:00:00,185
114630692|43|7,7,114630692,43,2026-05-03,1,2267,24,33,8,6111.4933,6111.4933,2400.3803,25.4763,39.276494,185.1968,254.6456,1.3750,0,1,276,1841596,A168_HF9F_20260827_0900,2026-08-27 09:00:00,185
114630692|44|7,7,114630692,44,2026-05-03,1,2267,24,26,4,3766.3568,3766.3568,-3164.2640,8.6546,-84.013921,144.8599,156.9315,1.0833,0,1,276,1841597,A168_HF9F_20260827_0900,2026-08-27 09:00:00,185
114630692|45|7,7,114630692,45,2026-05-03,1,2267,36,39,7,9993.2395,9993.2395,6217.2262,11.8686,62.214322,256.2369,277.5900,1.0833,0,1,630,1841598,A168_HF9F_20260827_0900,2026-08-27 09:00:00,185
114630692|46|7,7,114630692,46,2026-05-03,1,2267,21,25,6,3090.4245,35.4723,35.4723,0.0555,100.000000,123.6170,147.1631,1.1905,21,1,210,1841599,A168_HF9F_20260827_0900,2026-08-27 09:00:00,185
114630692|47|7,7,114630692,47,2026-05-03,1,2267,23,23,3,5881.3289,5881.3289,5437.8578,36.9709,92.459679,255.7100,255.7100,1.0000,0,1,253,1841600,A168_HF9F_20260827_0900,2026-08-27 09:00:00,185
114630692|48|7,7,114630692,48,2026-05-03,1,2267,20,22,4,6255.0650,6255.0650,2884.2232,11.7635,46.110204,284.3211,312.7533,1.1000,0,1,190,1841601,A168_HF9F_20260827_0900,2026-08-27 09:00:00,185
114630692|49|7,7,114630692,49,2026-05-03,1,2267,31,35,6,2652.7506,2652.7506,-1579.0162,13.4440,-59.523733,75.7929,85.5726,1.1290,0,1,465,1841602,A168_HF9F_20260827_0900,2026-08-27 09:00:00,185
114630692|5|7,7,114630692,5,2026-05-03,1,1363,5,6,3,437.5952,437.5952,-348.3595,0.0000,-79.607722,72.9325,87.5190,1.2000,0,1,10,1841603,A168_HF9F_20260827_0900,2026-08-27 09:00:00,185
114630692|50|7,7,114630692,50,2026-05-03,1,2267,38,53,8,2537.3019,2537.3019,-1453.4905,0.0000,-57.284888,47.8736,66.7711,1.3947,0,1,703,1841604,A168_HF9F_20260827_0900,2026-08-27 09:00:00,185
114630692|51|7,7,114630692,51,2026-05-03,1,2267,43,54,6,5533.3177,5533.3177,1176.5952,16.8050,21.263829,102.4688,128.6818,1.2558,0,1,903,1841605,A168_HF9F_20260827_0900,2026-08-27 09:00:00,185
114630692|52|7,7,114630692,52,2026-05-03,1,2267,39,41,5,4345.4375,4345.4375,192.2272,0.0000,4.423656,105.9863,111.4215,1.0513,0,1,741,1841606,A168_HF9F_20260827_0900,2026-08-27 09:00:00,185
114630692|53|7,7,114630692,53,2026-05-03,1,2267,37,47,6,2255.9441,2255.9441,610.5160,0.0000,27.062549,47.9988,60.9715,1.2703,0,1,666,1841607,A168_HF9F_20260827_0900,2026-08-27 09:00:00,185
114630692|54|7,7,114630692,54,2026-05-03,1,2267,25,26,4,1735.8240,1735.8240,200.5781,0.0000,11.555207,66.7625,69.4330,1.0400,0,1,300,1841608,A168_HF9F_20260827_0900,2026-08-27 09:00:00,185
114630692|6|7,7,114630692,6,2026-05-03,1,1363,8,12,6,575.1124,575.1124,-332.9101,0.0000,-57.886090,47.9260,71.8891,1.5000,0,1,28,1841609,A168_HF9F_20260827_0900,2026-08-27 09:00:00,185
114630692|7|7,7,114630692,7,2026-05-03,1,1363,13,21,6,1001.2158,1001.2158,924.2623,0.0000,92.313990,47.6769,77.0166,1.6154,0,1,78,1841610,A168_HF9F_20260827_0900,2026-08-27 09:00:00,185
114630692|8|7,7,114630692,8,2026-05-03,1,1363,5,5,2,510.2516,510.2516,311.1554,0.0000,60.980774,102.0503,102.0503,1.0000,0,1,10,1841611,A168_HF9F_20260827_0900,2026-08-27 09:00:00,185
114630692|9|7,7,114630692,9,2026-05-03,1,1363,17,20,4,1163.4018,1163.4018,166.5294,0.2857,14.314004,58.1701,68.4354,1.1765,0,1,136,1841612,A168_HF9F_20260827_0900,2026-08-27 09:00:00,185
114630716|1|7,7,114630716,1,2026-05-03,1,2267,4,4,1,405.7412,405.7412,405.7412,0.0000,100.000000,101.4353,101.4353,1.0000,0,1,6,1841613,A168_HF9F_20260827_0900,2026-08-27 09:00:00,185
114630716|10|7,7,114630716,10,2026-05-03,1,1646,23,38,10,3532.2644,3532.2644,2600.9492,2.7562,73.634046,92.9543,153.5767,1.6522,0,1,253,1841614,A168_HF9F_20260827_0900,2026-08-27 09:00:00,185
114630716|11|7,7,114630716,11,2026-05-03,1,1646,17,38,10,2873.3563,2873.3563,1896.6917,2.7562,66.009626,75.6146,169.0210,2.2353,0,1,136,1841615,A168_HF9F_20260827_0900,2026-08-27 09:00:00,185
114630716|12|7,7,114630716,12,2026-05-03,1,1646,17,32,10,3275.2749,3275.2749,1105.6569,4.1344,33.757684,102.3523,192.6632,1.8824,0,1,136,1841616,A168_HF9F_20260827_0900,2026-08-27 09:00:00,185
114630716|13|7,7,114630716,13,2026-05-03,1,1646,11,23,10,2648.3125,2648.3125,-2253.6321,0.0000,-85.096910,115.1440,240.7557,2.0909,0,1,55,1841617,A168_HF9F_20260827_0900,2026-08-27 09:00:00,185
114630716|14|7,7,114630716,14,2026-05-03,1,1646,9,24,10,2535.6886,70.7879,-84.8200,0.0000,-119.822784,105.6537,281.7432,2.6667,8,1,36,1841618,A168_HF9F_20260827_0900,2026-08-27 09:00:00,185
114630716|15|7,7,114630716,15,2026-05-03,1,1646,20,38,10,3615.4440,3615.4440,-1475.9390,2.7562,-40.823172,95.1433,180.7722,1.9000,0,1,190,1841619,A168_HF9F_20260827_0900,2026-08-27 09:00:00,185
114630716|16|7,7,114630716,16,2026-05-03,1,1646,15,31,10,2644.2999,2644.2999,-1365.4445,0.6891,-51.637278,85.3000,176.2867,2.0667,0,1,105,1841620,A168_HF9F_20260827_0900,2026-08-27 09:00:00,185
114630716|17|7,7,114630716,17,2026-05-03,1,1646,27,46,10,5112.1132,5112.1132,3179.0936,3.1697,62.187465,111.1329,189.3375,1.7037,0,1,351,1841621,A168_HF9F_20260827_0900,2026-08-27 09:00:00,185
114630716|18|7,7,114630716,18,2026-05-03,1,1646,19,30,8,2957.1996,2957.1996,-1548.0103,0.2067,-52.347170,98.5733,155.6421,1.5789,0,1,171,1841622,A168_HF9F_20260827_0900,2026-08-27 09:00:00,185
114630716|19|7,7,114630716,19,2026-05-03,1,1646,31,47,9,7629.6112,7629.6112,7355.6164,25.3452,96.408797,162.3322,246.1165,1.5161,0,1,465,1841623,A168_HF9F_20260827_0900,2026-08-27 09:00:00,185
114630716|2|7,7,114630716,2,2026-05-03,1,2267,5,5,2,349.3129,349.3129,-172.9696,0.0000,-49.517080,69.8626,69.8626,1.0000,0,1,10,1841624,A168_HF9F_20260827_0900,2026-08-27 09:00:00,185
114630716|20|7,7,114630716,20,2026-05-03,1,1646,21,29,7,6158.1521,6158.1521,506.7006,14.4220,8.228127,212.3501,293.2453,1.3810,0,1,210,1841625,A168_HF9F_20260827_0900,2026-08-27 09:00:00,185
114630716|21|7,7,114630716,21,2026-05-03,1,1646,16,23,9,4042.5272,4042.5272,-3378.3408,11.9013,-83.570021,175.7621,252.6580,1.4375,0,1,120,1841626,A168_HF9F_20260827_0900,2026-08-27 09:00:00,185
114630716|22|7,7,114630716,22,2026-05-03,1,1646,22,30,7,7025.1451,7025.1451,172.4509,23.6648,2.454767,234.1715,319.3248,1.3636,0,1,231,1841627,A168_HF9F_20260827_0900,2026-08-27 09:00:00,185
114630716|23|7,7,114630716,23,2026-05-03,1,1646,14,20,6,4796.9873,33.4334,14.5278,0.0000,43.453002,239.8494,342.6420,1.4286,14,1,91,1841628,A168_HF9F_20260827_0900,2026-08-27 09:00:00,185
114630716|24|7,7,114630716,24,2026-05-03,1,1646,17,27,6,5770.9552,5770.9552,4121.2854,34.6569,71.414268,213.7391,339.4680,1.5882,0,1,136,1841629,A168_HF9F_20260827_0900,2026-08-27 09:00:00,185
114630716|25|7,7,114630716,25,2026-05-03,1,1646,13,18,5,2401.1534,20.5031,-88.4025,0.0000,-431.166436,133.3974,184.7041,1.3846,13,1,78,1841630,A168_HF9F_20260827_0900,2026-08-27 09:00:00,185
114630716|26|7,7,114630716,26,2026-05-03,1,1646,16,23,7,5378.2535,5378.2535,-3593.0308,28.5684,-66.806647,233.8371,336.1408,1.4375,0,1,120,1841631,A168_HF9F_20260827_0900,2026-08-27 09:00:00,185
114630716|27|7,7,114630716,27,2026-05-03,1,1646,15,19,4,5499.5552,5499.5552,4940.8968,30.2489,89.841754,289.4503,366.6370,1.2667,0,1,105,1841632,A168_HF9F_20260827_0900,2026-08-27 09:00:00,185
114630716|28|7,7,114630716,28,2026-05-03,1,1646,14,19,6,7231.3753,7231.3753,4657.3584,42.0124,64.404878,380.5987,516.5268,1.3571,0,1,91,1841633,A168_HF9F_20260827_0900,2026-08-27 09:00:00,185
114630716|29|7,7,114630716,29,2026-05-03,1,1646,13,20,7,3847.2032,3847.2032,3177.1905,13.6120,82.584422,192.3602,295.9387,1.5385,0,1,78,1841634,A168_HF9F_20260827_0900,2026-08-27 09:00:00,185
114630716|3|7,7,114630716,3,2026-05-03,1,2267,6,6,2,313.9139,0.0000,0.0000,0.0000,,52.3190,52.3190,1.0000,6,1,15,1841635,A168_HF9F_20260827_0900,2026-08-27 09:00:00,185
114630716|30|7,7,114630716,30,2026-05-03,1,1646,10,14,4,578.0619,578.0619,162.7463,0.0000,28.153777,41.2901,57.8062,1.4000,0,1,45,1841636,A168_HF9F_20260827_0900,2026-08-27 09:00:00,185
114630716|31|7,7,114630716,31,2026-05-03,1,1646,26,34,7,2132.9575,2132.9575,899.6567,0.5512,42.178841,62.7340,82.0368,1.3077,0,1,325,1841637,A168_HF9F_20260827_0900,2026-08-27 09:00:00,185
114630716|32|7,7,114630716,32,2026-05-03,1,1646,18,24,7,2958.1613,2958.1613,-1624.0929,0.0000,-54.902106,123.2567,164.3423,1.3333,0,1,153,1841638,A168_HF9F_20260827_0900,2026-08-27 09:00:00,185
114630716|33|7,7,114630716,33,2026-05-03,1,1646,13,16,4,376.2736,376.2736,13.6671,0.0000,3.632217,23.5171,28.9441,1.2308,0,1,78,1841639,A168_HF9F_20260827_0900,2026-08-27 09:00:00,185
114630716|34|7,7,114630716,34,2026-05-03,1,1646,13,19,7,2180.4875,2180.4875,-1181.1007,0.0000,-54.166815,114.7625,167.7298,1.4615,0,1,78,1841640,A168_HF9F_20260827_0900,2026-08-27 09:00:00,185
114630716|35|7,7,114630716,35,2026-05-03,1,1646,15,18,6,784.9530,784.9530,570.7676,0.0000,72.713604,43.6085,52.3302,1.2000,0,1,105,1841641,A168_HF9F_20260827_0900,2026-08-27 09:00:00,185
114630716|36|7,7,114630716,36,2026-05-03,1,1646,14,19,5,753.1521,753.1521,541.2341,0.0000,71.862530,39.6396,53.7966,1.3571,0,1,91,1841642,A168_HF9F_20260827_0900,2026-08-27 09:00:00,185
114630716|37|7,7,114630716,37,2026-05-03,1,1646,17,23,5,2668.9775,2668.9775,1678.2903,0.0000,62.881395,116.0425,156.9987,1.3529,0,1,136,1841643,A168_HF9F_20260827_0900,2026-08-27 09:00:00,185
114630716|38|7,7,114630716,38,2026-05-03,1,1646,25,28,3,5294.6619,5294.6619,5059.8025,0.5041,95.564222,189.0951,211.7865,1.1200,0,1,300,1841644,A168_HF9F_20260827_0900,2026-08-27 09:00:00,185
114630716|39|7,7,114630716,39,2026-05-03,1,1646,10,13,4,1020.9178,1020.9178,-877.7789,0.0000,-85.979389,78.5321,102.0918,1.3000,0,1,45,1841645,A168_HF9F_20260827_0900,2026-08-27 09:00:00,185
114630716|4|7,7,114630716,4,2026-05-03,1,2267,7,7,2,1090.1097,1090.1097,-951.2223,0.0000,-87.259321,155.7300,155.7300,1.0000,0,1,21,1841646,A168_HF9F_20260827_0900,2026-08-27 09:00:00,185
114630716|40|7,7,114630716,40,2026-05-03,1,1363,13,22,9,1475.8175,46.0062,-125.9180,0.0000,-273.697848,67.0826,113.5244,1.6923,12,1,78,1841647,A168_HF9F_20260827_0900,2026-08-27 09:00:00,185
114630716|41|7,7,114630716,41,2026-05-03,1,1363,12,16,4,643.3899,643.3899,613.7328,0.0000,95.390495,40.2119,53.6158,1.3333,0,1,66,1841648,A168_HF9F_20260827_0900,2026-08-27 09:00:00,185
114630716|42|7,7,114630716,42,2026-05-03,1,1363,6,8,4,513.8751,513.8751,-407.6261,0.0000,-79.323962,64.2344,85.6459,1.3333,0,1,15,1841649,A168_HF9F_20260827_0900,2026-08-27 09:00:00,185
114630716|43|7,7,114630716,43,2026-05-03,1,1363,5,6,3,429.2622,429.2622,-305.9547,0.0000,-71.274537,71.5437,85.8524,1.2000,0,1,10,1841650,A168_HF9F_20260827_0900,2026-08-27 09:00:00,185
114630716|44|7,7,114630716,44,2026-05-03,1,1363,7,8,3,770.9084,770.9084,553.1076,0.0000,71.747522,96.3635,110.1298,1.1429,0,1,21,1841651,A168_HF9F_20260827_0900,2026-08-27 09:00:00,185
114630716|45|7,7,114630716,45,2026-05-03,1,1363,4,5,3,747.4764,747.4764,538.2599,0.0000,72.010290,149.4953,186.8691,1.2500,0,1,6,1841652,A168_HF9F_20260827_0900,2026-08-27 09:00:00,185
114630716|46|7,7,114630716,46,2026-05-03,1,1363,6,6,2,471.1949,471.1949,471.1949,0.0000,100.000000,78.5325,78.5325,1.0000,0,1,15,1841653,A168_HF9F_20260827_0900,2026-08-27 09:00:00,185
114630716|47|7,7,114630716,47,2026-05-03,1,1363,8,9,3,618.3779,618.3779,-153.1912,0.0000,-24.773069,68.7087,77.2972,1.1250,0,1,28,1841654,A168_HF9F_20260827_0900,2026-08-27 09:00:00,185
114630716|48|7,7,114630716,48,2026-05-03,1,1363,11,11,2,954.4617,954.4617,-299.2610,0.0945,-31.353904,86.7692,86.7692,1.0000,0,1,55,1841655,A168_HF9F_20260827_0900,2026-08-27 09:00:00,185
114630716|49|7,7,114630716,49,2026-05-03,1,1363,5,5,2,750.9254,750.9254,563.1177,0.0000,74.989836,150.1851,150.1851,1.0000,0,1,10,1841656,A168_HF9F_20260827_0900,2026-08-27 09:00:00,185
114630716|5|7,7,114630716,5,2026-05-03,1,2267,8,8,2,835.3873,835.3873,531.6062,0.0000,63.635896,104.4234,104.4234,1.0000,0,1,28,1841657,A168_HF9F_20260827_0900,2026-08-27 09:00:00,185
114630716|50|7,7,114630716,50,2026-05-03,1,1363,5,5,2,504.0680,504.0680,414.9838,0.0000,82.326948,100.8136,100.8136,1.0000,0,1,10,1841658,A168_HF9F_20260827_0900,2026-08-27 09:00:00,185
114630716|51|7,7,114630716,51,2026-05-03,1,1363,7,8,3,449.5790,449.5790,281.5294,0.0945,62.620677,56.1974,64.2256,1.1429,0,1,21,1841659,A168_HF9F_20260827_0900,2026-08-27 09:00:00,185
114630716|52|7,7,114630716,52,2026-05-03,1,1363,6,9,4,168.1508,157.7725,31.0495,0.5041,19.679926,18.6834,28.0251,1.5000,2,1,15,1841660,A168_HF9F_20260827_0900,2026-08-27 09:00:00,185
114630716|6|7,7,114630716,6,2026-05-03,1,2267,12,20,8,984.6457,984.6457,309.7514,0.0000,31.458154,49.2323,82.0538,1.6667,0,1,66,1841661,A168_HF9F_20260827_0900,2026-08-27 09:00:00,185
114630716|7|7,7,114630716,7,2026-05-03,1,2267,13,16,6,1385.5897,1385.5897,-704.4369,0.0000,-50.840225,86.5994,106.5838,1.2308,0,1,78,1841662,A168_HF9F_20260827_0900,2026-08-27 09:00:00,185
114630716|8|7,7,114630716,8,2026-05-03,1,1646,27,40,9,1808.1335,102.1822,-294.7731,0.0000,-288.477929,45.2033,66.9679,1.4815,27,1,351,1841663,A168_HF9F_20260827_0900,2026-08-27 09:00:00,185
114630716|9|7,7,114630716,9,2026-05-03,1,1646,29,50,10,5562.1940,5562.1940,381.4348,4.1344,6.857632,111.2439,191.7998,1.7241,0,1,406,1841664,A168_HF9F_20260827_0900,2026-08-27 09:00:00,185
114630749|10|7,7,114630749,10,2026-05-03,1,1363,11,17,7,602.6016,602.6016,-439.5127,1.3507,-72.935864,35.4472,54.7820,1.5455,0,1,55,1841665,A168_HF9F_20260827_0900,2026-08-27 09:00:00,185
114630749|11|7,7,114630749,11,2026-05-03,1,1363,8,12,6,1315.4375,1315.4375,1101.1955,0.0000,83.713247,109.6198,164.4297,1.5000,0,1,28,1841666,A168_HF9F_20260827_0900,2026-08-27 09:00:00,185
114630749|12|7,7,114630749,12,2026-05-03,1,1363,18,20,4,988.1548,988.1548,-748.7637,1.6200,-75.773925,49.4077,54.8975,1.1111,0,1,153,1841667,A168_HF9F_20260827_0900,2026-08-27 09:00:00,185
114630749|13|7,7,114630749,13,2026-05-03,1,1363,11,13,4,462.8323,17.1741,-20.6371,0.0000,-120.163816,35.6025,42.0757,1.1818,11,1,55,1841668,A168_HF9F_20260827_0900,2026-08-27 09:00:00,185
114630749|14|7,7,114630749,14,2026-05-03,1,1363,9,13,5,690.4912,690.4912,104.3957,0.0000,15.119041,53.1147,76.7212,1.4444,0,1,36,1841669,A168_HF9F_20260827_0900,2026-08-27 09:00:00,185
114630749|15|7,7,114630749,15,2026-05-03,1,1363,14,19,6,412.3810,412.3810,229.6346,0.0000,55.685056,21.7043,29.4558,1.3571,0,1,91,1841670,A168_HF9F_20260827_0900,2026-08-27 09:00:00,185
114630749|16|7,7,114630749,16,2026-05-03,1,1363,10,14,5,390.7306,390.7306,222.9784,0.0000,57.067036,27.9093,39.0731,1.4000,0,1,45,1841671,A168_HF9F_20260827_0900,2026-08-27 09:00:00,185
114630749|17|7,7,114630749,17,2026-05-03,1,1363,17,20,4,2188.7031,2188.7031,1330.1676,0.0000,60.774238,109.4352,128.7472,1.1765,0,1,136,1841672,A168_HF9F_20260827_0900,2026-08-27 09:00:00,185
114630749|18|7,7,114630749,18,2026-05-03,1,2267,10,12,4,290.9092,290.9092,-79.5908,0.0000,-27.359335,24.2424,29.0909,1.2000,0,1,45,1841673,A168_HF9F_20260827_0900,2026-08-27 09:00:00,185
114630749|19|7,7,114630749,19,2026-05-03,1,2267,14,17,5,822.9012,822.9012,-148.3007,0.0000,-18.021689,48.4060,58.7787,1.2143,0,1,91,1841674,A168_HF9F_20260827_0900,2026-08-27 09:00:00,185
114630749|2|7,7,114630749,2,2026-05-03,1,1363,2,2,1,180.6678,180.6678,-171.6344,0.0000,-95.000000,90.3339,90.3339,1.0000,0,1,1,1841675,A168_HF9F_20260827_0900,2026-08-27 09:00:00,185
114630749|20|7,7,114630749,20,2026-05-03,1,2267,16,22,5,1577.7270,1573.1865,394.5766,0.0000,25.081361,71.7149,98.6079,1.3750,0,1,120,1841676,A168_HF9F_20260827_0900,2026-08-27 09:00:00,185
114630749|21|7,7,114630749,21,2026-05-03,1,2267,10,12,3,2271.5188,2266.3296,2266.3296,0.0000,100.000000,189.2932,227.1519,1.2000,1,1,45,1841677,A168_HF9F_20260827_0900,2026-08-27 09:00:00,185
114630749|22|7,7,114630749,22,2026-05-03,1,2267,7,8,2,104.1010,98.3929,80.6628,0.0000,81.980256,13.0126,14.8716,1.1429,1,1,21,1841678,A168_HF9F_20260827_0900,2026-08-27 09:00:00,185
114630749|23|7,7,114630749,23,2026-05-03,1,2267,8,8,2,279.8021,279.8021,-42.6118,0.0000,-15.229247,34.9753,34.9753,1.0000,0,1,28,1841679,A168_HF9F_20260827_0900,2026-08-27 09:00:00,185
114630749|24|7,7,114630749,24,2026-05-03,1,2267,6,6,2,765.2369,0.0000,0.0000,0.0000,,127.5395,127.5395,1.0000,6,1,15,1841680,A168_HF9F_20260827_0900,2026-08-27 09:00:00,185
114630749|25|7,7,114630749,25,2026-05-03,1,2267,10,10,2,866.9459,864.3514,-806.6846,0.0000,-93.328318,86.6946,86.6946,1.0000,0,1,45,1841681,A168_HF9F_20260827_0900,2026-08-27 09:00:00,185
114630749|26|7,7,114630749,26,2026-05-03,1,2267,6,7,2,570.5383,565.3492,-539.2213,0.0000,-95.378445,81.5055,95.0897,1.1667,1,1,15,1841682,A168_HF9F_20260827_0900,2026-08-27 09:00:00,185
114630749|27|7,7,114630749,27,2026-05-03,1,2267,16,18,3,994.9069,989.7178,-337.7054,0.0000,-34.121383,55.2726,62.1817,1.1250,1,1,120,1841683,A168_HF9F_20260827_0900,2026-08-27 09:00:00,185
114630749|28|7,7,114630749,28,2026-05-03,1,2267,11,13,4,3800.8943,3800.8943,-3442.7081,0.0000,-90.576264,292.3765,345.5358,1.1818,0,1,55,1841684,A168_HF9F_20260827_0900,2026-08-27 09:00:00,185
114630749|29|7,7,114630749,29,2026-05-03,1,2267,15,17,4,4102.2380,4097.0488,-4004.9083,0.0000,-97.751053,241.3081,273.4825,1.1333,1,1,105,1841685,A168_HF9F_20260827_0900,2026-08-27 09:00:00,185
114630749|3|7,7,114630749,3,2026-05-03,1,1363,4,4,1,222.4875,222.4875,-222.4875,0.0000,-100.000000,55.6219,55.6219,1.0000,0,1,6,1841686,A168_HF9F_20260827_0900,2026-08-27 09:00:00,185
114630749|30|7,7,114630749,30,2026-05-03,1,2267,23,32,8,6839.9802,6834.7911,-6170.0449,0.0000,-90.274082,213.7494,297.3904,1.3913,1,1,253,1841687,A168_HF9F_20260827_0900,2026-08-27 09:00:00,185
114630749|31|7,7,114630749,31,2026-05-03,1,2267,24,35,8,7432.6970,7424.2945,6233.8588,0.0000,83.965672,212.3628,309.6957,1.4583,1,1,276,1841688,A168_HF9F_20260827_0900,2026-08-27 09:00:00,185
114630749|32|7,7,114630749,32,2026-05-03,1,2267,24,37,7,6300.1412,6300.1412,-5002.3092,0.0000,-79.399953,170.2741,262.5059,1.5417,0,1,276,1841689,A168_HF9F_20260827_0900,2026-08-27 09:00:00,185
114630749|33|7,7,114630749,33,2026-05-03,1,2267,23,29,6,5197.4722,71.6601,-250.8104,0.0000,-350.000000,179.2232,225.9771,1.2609,22,1,253,1841690,A168_HF9F_20260827_0900,2026-08-27 09:00:00,185
114630749|34|7,7,114630749,34,2026-05-03,1,2267,23,40,8,4835.8432,4830.6541,-3135.6220,0.0000,-64.910919,120.8961,210.2541,1.7391,1,1,253,1841691,A168_HF9F_20260827_0900,2026-08-27 09:00:00,185
114630749|35|7,7,114630749,35,2026-05-03,1,2267,18,27,7,4727.0468,4727.0468,3382.3066,0.0000,71.552213,175.0758,262.6137,1.5000,0,1,153,1841692,A168_HF9F_20260827_0900,2026-08-27 09:00:00,185
114630749|36|7,7,114630749,36,2026-05-03,1,2267,12,21,7,4505.1252,4500.9240,-4165.7209,0.0000,-92.552571,214.5298,375.4271,1.7500,2,1,66,1841693,A168_HF9F_20260827_0900,2026-08-27 09:00:00,185
114630749|37|7,7,114630749,37,2026-05-03,1,2267,14,25,8,3906.9309,3902.7297,-3757.4336,0.0000,-96.277066,156.2772,279.0665,1.7857,2,1,91,1841694,A168_HF9F_20260827_0900,2026-08-27 09:00:00,185
114630749|38|7,7,114630749,38,2026-05-03,1,2267,11,20,8,4285.2751,4281.0738,4152.2008,0.0000,96.989703,214.2638,389.5705,1.8182,1,1,55,1841695,A168_HF9F_20260827_0900,2026-08-27 09:00:00,185
114630749|39|7,7,114630749,39,2026-05-03,1,2267,10,19,8,4650.6907,4646.4895,2712.1358,0.0000,58.369567,244.7732,465.0691,1.9000,1,1,45,1841696,A168_HF9F_20260827_0900,2026-08-27 09:00:00,185
114630749|4|7,7,114630749,4,2026-05-03,1,1363,6,6,1,98.3692,98.3692,-93.4507,0.0000,-95.000000,16.3949,16.3949,1.0000,0,1,15,1841697,A168_HF9F_20260827_0900,2026-08-27 09:00:00,185
114630749|40|7,7,114630749,40,2026-05-03,1,2267,8,18,9,715.3355,711.1343,645.4578,0.0000,90.764542,39.7409,89.4169,2.2500,1,1,28,1841698,A168_HF9F_20260827_0900,2026-08-27 09:00:00,185
114630749|41|7,7,114630749,41,2026-05-03,1,2267,9,19,9,1210.0139,1197.4102,-1124.2629,0.0000,-93.891211,63.6849,134.4460,2.1111,1,1,36,1841699,A168_HF9F_20260827_0900,2026-08-27 09:00:00,185
114630749|42|7,7,114630749,42,2026-05-03,1,2267,15,25,9,1727.6669,21.9941,-15.8171,0.0000,-71.914974,69.1067,115.1778,1.6667,15,1,105,1841700,A168_HF9F_20260827_0900,2026-08-27 09:00:00,185
114630749|43|7,7,114630749,43,2026-05-03,1,2267,20,31,9,2343.8060,2339.6048,-1625.8125,0.2836,-69.490905,75.6066,117.1903,1.5500,2,1,190,1841701,A168_HF9F_20260827_0900,2026-08-27 09:00:00,185
114630749|44|7,7,114630749,44,2026-05-03,1,2267,20,31,8,2337.1533,2290.9397,1263.3904,0.2236,55.147257,75.3920,116.8577,1.5500,3,1,190,1841702,A168_HF9F_20260827_0900,2026-08-27 09:00:00,185
114630749|45|7,7,114630749,45,2026-05-03,1,2267,14,25,9,1202.6034,1198.4022,276.8259,0.0000,23.099580,48.1041,85.9002,1.7857,1,1,91,1841703,A168_HF9F_20260827_0900,2026-08-27 09:00:00,185
114630749|46|7,7,114630749,46,2026-05-03,1,1646,11,23,8,481.1784,472.7759,115.8969,0.0000,24.514134,20.9208,43.7435,2.0909,1,1,55,1841704,A168_HF9F_20260827_0900,2026-08-27 09:00:00,185
114630749|47|7,7,114630749,47,2026-05-03,1,1646,10,22,10,951.2976,947.0964,193.3298,0.0000,20.412900,43.2408,95.1298,2.2000,2,1,45,1841705,A168_HF9F_20260827_0900,2026-08-27 09:00:00,185
114630749|48|7,7,114630749,48,2026-05-03,1,1646,11,23,8,650.5677,646.3665,-70.0375,0.0000,-10.835574,28.2856,59.1425,2.0909,2,1,55,1841706,A168_HF9F_20260827_0900,2026-08-27 09:00:00,185
114630749|49|7,7,114630749,49,2026-05-03,1,1646,11,18,6,477.6728,477.6728,-110.4955,0.0000,-23.132054,26.5374,43.4248,1.6364,0,1,55,1841707,A168_HF9F_20260827_0900,2026-08-27 09:00:00,185
114630749|5|7,7,114630749,5,2026-05-03,1,1363,10,12,3,220.2252,220.2252,220.2252,0.0000,100.000000,18.3521,22.0225,1.2000,0,1,45,1841708,A168_HF9F_20260827_0900,2026-08-27 09:00:00,185
114630749|50|7,7,114630749,50,2026-05-03,1,1646,6,11,5,122.7556,117.5664,109.1318,0.0000,92.825654,11.1596,20.4593,1.8333,1,1,15,1841709,A168_HF9F_20260827_0900,2026-08-27 09:00:00,185
114630749|6|7,7,114630749,6,2026-05-03,1,1363,5,6,3,181.2657,181.2657,-39.4233,0.0000,-21.748891,30.2110,36.2531,1.2000,0,1,10,1841710,A168_HF9F_20260827_0900,2026-08-27 09:00:00,185
114630749|7|7,7,114630749,7,2026-05-03,1,1363,4,6,4,942.1249,942.1249,-955.8360,0.0000,-101.455343,157.0208,235.5312,1.5000,0,1,6,1841711,A168_HF9F_20260827_0900,2026-08-27 09:00:00,185
114630749|8|7,7,114630749,8,2026-05-03,1,1363,4,5,3,965.4565,965.4565,801.6082,0.6050,83.028926,193.0913,241.3641,1.2500,0,1,6,1841712,A168_HF9F_20260827_0900,2026-08-27 09:00:00,185
114630749|9|7,7,114630749,9,2026-05-03,1,1363,4,5,3,125.7823,125.7823,109.3974,0.8402,86.973655,25.1565,31.4456,1.2500,0,1,6,1841713,A168_HF9F_20260827_0900,2026-08-27 09:00:00,185
114630778|1|7,7,114630778,1,2026-05-03,1,1646,2,2,2,10.5031,10.5031,-5.8817,0.0000,-56.000000,5.2515,5.2515,1.0000,0,1,1,1841714,A168_HF9F_20260827_0900,2026-08-27 09:00:00,185
114630778|10|7,7,114630778,10,2026-05-03,1,1646,8,8,2,1439.0837,1439.0837,-1346.4080,0.0000,-93.560091,179.8855,179.8855,1.0000,0,1,28,1841715,A168_HF9F_20260827_0900,2026-08-27 09:00:00,185
114630778|11|7,7,114630778,11,2026-05-03,1,1646,6,7,2,220.4927,2.1006,2.1006,0.0000,100.000000,31.4990,36.7488,1.1667,6,1,15,1841716,A168_HF9F_20260827_0900,2026-08-27 09:00:00,185
114630778|12|7,7,114630778,12,2026-05-03,1,1646,5,7,4,117.5623,117.5623,-17.9535,0.0000,-15.271495,16.7946,23.5125,1.4000,0,1,10,1841717,A168_HF9F_20260827_0900,2026-08-27 09:00:00,185
114630778|13|7,7,114630778,13,2026-05-03,1,1646,7,8,3,1531.6200,1531.6200,1454.6664,0.0000,94.975676,191.4525,218.8029,1.1429,0,1,21,1841718,A168_HF9F_20260827_0900,2026-08-27 09:00:00,185
114630778|14|7,7,114630778,14,2026-05-03,1,1646,6,8,4,313.8409,313.8409,-202.2813,0.0000,-64.453452,39.2301,52.3068,1.3333,0,1,15,1841719,A168_HF9F_20260827_0900,2026-08-27 09:00:00,185
114630778|15|7,7,114630778,15,2026-05-03,1,1646,16,22,6,3639.2006,3639.2006,2086.9607,0.0000,57.346680,165.4182,227.4500,1.3750,0,1,120,1841720,A168_HF9F_20260827_0900,2026-08-27 09:00:00,185
114630778|16|7,7,114630778,16,2026-05-03,1,1646,10,14,5,5993.1748,5993.1748,-6239.6539,0.0000,-104.112663,428.0839,599.3175,1.4000,0,1,45,1841721,A168_HF9F_20260827_0900,2026-08-27 09:00:00,185
114630778|17|7,7,114630778,17,2026-05-03,1,1646,16,23,7,5208.0902,5208.0902,-4654.4493,0.0000,-89.369598,226.4387,325.5056,1.4375,0,1,120,1841722,A168_HF9F_20260827_0900,2026-08-27 09:00:00,185
114630778|18|7,7,114630778,18,2026-05-03,1,1646,23,32,8,5883.0846,92.7728,73.8673,0.0000,79.621644,183.8464,255.7863,1.3913,23,1,253,1841723,A168_HF9F_20260827_0900,2026-08-27 09:00:00,185
114630778|19|7,7,114630778,19,2026-05-03,1,1646,15,25,8,4685.2336,4685.2336,-3078.4652,0.0000,-65.705692,187.4093,312.3489,1.6667,0,1,105,1841724,A168_HF9F_20260827_0900,2026-08-27 09:00:00,185
114630778|2|7,7,114630778,2,2026-05-03,1,1646,4,5,3,53.9056,53.9056,-4.5944,0.0000,-8.523094,10.7811,13.4764,1.2500,0,1,6,1841725,A168_HF9F_20260827_0900,2026-08-27 09:00:00,185
114630778|20|7,7,114630778,20,2026-05-03,1,1646,16,24,6,5296.6829,5296.6829,-2839.0134,0.5672,-53.599837,220.6951,331.0427,1.5000,0,1,120,1841726,A168_HF9F_20260827_0900,2026-08-27 09:00:00,185
114630778|21|7,7,114630778,21,2026-05-03,1,1646,16,26,8,4622.0581,4622.0581,4593.3846,0.0000,99.379639,177.7715,288.8786,1.6250,0,1,120,1841727,A168_HF9F_20260827_0900,2026-08-27 09:00:00,185
114630778|22|7,7,114630778,22,2026-05-03,1,1646,12,20,9,4297.2395,4297.2395,-2868.7828,0.0000,-66.758737,214.8620,358.1033,1.6667,0,1,66,1841728,A168_HF9F_20260827_0900,2026-08-27 09:00:00,185
114630778|23|7,7,114630778,23,2026-05-03,1,1646,14,19,5,4974.6950,4974.6950,4869.6640,0.8402,97.888695,261.8261,355.3354,1.3571,0,1,91,1841729,A168_HF9F_20260827_0900,2026-08-27 09:00:00,185
114630778|24|7,7,114630778,24,2026-05-03,1,1646,10,13,5,4298.2769,4298.2769,-2812.1318,0.0000,-65.424630,330.6367,429.8277,1.3000,0,1,45,1841730,A168_HF9F_20260827_0900,2026-08-27 09:00:00,185
114630778|25|7,7,114630778,25,2026-05-03,1,1646,14,16,4,4133.8758,4133.8758,3267.7185,0.0000,79.047332,258.3672,295.2768,1.1429,0,1,91,1841731,A168_HF9F_20260827_0900,2026-08-27 09:00:00,185
114630778|26|7,7,114630778,26,2026-05-03,1,1363,7,10,5,3732.8904,8.4025,8.4025,0.0000,100.000000,373.2890,533.2701,1.4286,7,1,21,1841732,A168_HF9F_20260827_0900,2026-08-27 09:00:00,185
114630778|27|7,7,114630778,27,2026-05-03,1,1363,7,18,8,4056.3535,4056.3535,3268.2594,0.0000,80.571365,225.3530,579.4791,2.5714,0,1,21,1841733,A168_HF9F_20260827_0900,2026-08-27 09:00:00,185
114630778|28|7,7,114630778,28,2026-05-03,1,1363,9,12,5,1243.3417,1243.3417,-461.2981,0.0000,-37.101472,103.6118,138.1491,1.3333,0,1,36,1841734,A168_HF9F_20260827_0900,2026-08-27 09:00:00,185
114630778|29|7,7,114630778,29,2026-05-03,1,1363,8,13,5,1053.4414,1053.4414,1053.4414,0.0000,100.000000,81.0340,131.6802,1.6250,0,1,28,1841735,A168_HF9F_20260827_0900,2026-08-27 09:00:00,185
114630778|3|7,7,114630778,3,2026-05-03,1,1646,4,6,4,88.2310,88.2310,58.8223,0.0000,66.668555,14.7052,22.0578,1.5000,0,1,6,1841736,A168_HF9F_20260827_0900,2026-08-27 09:00:00,185
114630778|30|7,7,114630778,30,2026-05-03,1,1363,10,13,5,574.4576,574.4576,-387.2728,0.0000,-67.415396,44.1890,57.4458,1.3000,0,1,45,1841737,A168_HF9F_20260827_0900,2026-08-27 09:00:00,185
114630778|31|7,7,114630778,31,2026-05-03,1,1363,8,15,8,446.2589,446.2589,-113.7033,0.0000,-25.479228,29.7506,55.7824,1.8750,0,1,28,1841738,A168_HF9F_20260827_0900,2026-08-27 09:00:00,185
114630778|32|7,7,114630778,32,2026-05-03,1,1363,17,22,6,2256.9541,2256.9541,882.2161,0.0000,39.088791,102.5888,132.7620,1.2941,0,1,136,1841739,A168_HF9F_20260827_0900,2026-08-27 09:00:00,185
114630778|33|7,7,114630778,33,2026-05-03,1,1363,9,12,5,2002.2555,2002.2555,-1428.5098,0.0000,-71.345033,166.8546,222.4728,1.3333,0,1,36,1841740,A168_HF9F_20260827_0900,2026-08-27 09:00:00,185
114630778|34|7,7,114630778,34,2026-05-03,1,1363,12,17,6,762.2387,762.2387,297.2397,0.0000,38.995626,44.8376,63.5199,1.4167,0,1,66,1841741,A168_HF9F_20260827_0900,2026-08-27 09:00:00,185
114630778|35|7,7,114630778,35,2026-05-03,1,1363,17,22,6,1390.0106,1390.0106,-449.9536,0.0000,-32.370512,63.1823,81.7653,1.2941,0,1,136,1841742,A168_HF9F_20260827_0900,2026-08-27 09:00:00,185
114630778|36|7,7,114630778,36,2026-05-03,1,1363,18,23,7,1541.2393,1541.2393,-845.2405,0.0000,-54.841615,67.0104,85.6244,1.2778,0,1,153,1841743,A168_HF9F_20260827_0900,2026-08-27 09:00:00,185
114630778|37|7,7,114630778,37,2026-05-03,1,1363,12,16,5,1569.5434,1569.5434,1510.0988,10.0830,96.212618,98.0965,130.7953,1.3333,0,1,66,1841744,A168_HF9F_20260827_0900,2026-08-27 09:00:00,185
114630778|38|7,7,114630778,38,2026-05-03,1,1363,14,18,6,1772.7310,1772.7310,1015.0814,0.0000,57.260883,98.4851,126.6236,1.2857,0,1,91,1841745,A168_HF9F_20260827_0900,2026-08-27 09:00:00,185
114630778|39|7,7,114630778,39,2026-05-03,1,1363,18,21,5,1178.1590,1178.1590,-380.9428,5.0415,-32.333737,56.1028,65.4533,1.1667,0,1,153,1841746,A168_HF9F_20260827_0900,2026-08-27 09:00:00,185
114630778|4|7,7,114630778,4,2026-05-03,1,1646,4,6,4,103.9056,103.9056,75.5031,0.0000,72.665107,17.3176,25.9764,1.5000,0,1,6,1841747,A168_HF9F_20260827_0900,2026-08-27 09:00:00,185
114630778|40|7,7,114630778,40,2026-05-03,1,1363,12,12,2,3528.9158,3528.9158,-3162.3393,13.4440,-89.612206,294.0763,294.0763,1.0000,0,1,66,1841748,A168_HF9F_20260827_0900,2026-08-27 09:00:00,185
114630778|41|7,7,114630778,41,2026-05-03,1,1363,7,8,3,975.2166,975.2166,-709.2791,6.7220,-72.730420,121.9021,139.3167,1.1429,0,1,21,1841749,A168_HF9F_20260827_0900,2026-08-27 09:00:00,185
114630778|42|7,7,114630778,42,2026-05-03,1,1363,7,9,4,2147.7970,2147.7970,-1409.4027,13.4440,-65.620851,238.6441,306.8281,1.2857,0,1,21,1841750,A168_HF9F_20260827_0900,2026-08-27 09:00:00,185
114630778|43|7,7,114630778,43,2026-05-03,1,1363,13,15,4,3721.4127,3721.4127,-3157.3166,13.7801,-84.841883,248.0942,286.2625,1.1538,0,1,78,1841751,A168_HF9F_20260827_0900,2026-08-27 09:00:00,185
114630778|44|7,7,114630778,44,2026-05-03,1,1363,13,17,6,4286.3384,4286.3384,3000.4367,28.9045,69.999996,252.1376,329.7183,1.3077,0,1,78,1841752,A168_HF9F_20260827_0900,2026-08-27 09:00:00,185
114630778|45|7,7,114630778,45,2026-05-03,1,1363,12,14,4,2054.8450,2054.8450,1589.5873,12.1332,77.358015,146.7746,171.2371,1.1667,0,1,66,1841753,A168_HF9F_20260827_0900,2026-08-27 09:00:00,185
114630778|46|7,7,114630778,46,2026-05-03,1,1363,6,8,4,1965.5031,1965.5031,-1517.3243,13.4440,-77.197756,245.6879,327.5839,1.3333,0,1,15,1841754,A168_HF9F_20260827_0900,2026-08-27 09:00:00,185
114630778|47|7,7,114630778,47,2026-05-03,1,1363,15,19,5,3589.6735,3589.6735,2586.0842,21.8464,72.042325,188.9302,239.3116,1.2667,0,1,105,1841755,A168_HF9F_20260827_0900,2026-08-27 09:00:00,185
114630778|48|7,7,114630778,48,2026-05-03,1,1363,20,32,9,2552.7595,2552.7595,-252.3342,11.3223,-9.884763,79.7737,127.6380,1.6000,0,1,190,1841756,A168_HF9F_20260827_0900,2026-08-27 09:00:00,185
114630778|49|7,7,114630778,49,2026-05-03,1,1363,15,17,5,1723.6672,1723.6672,1168.6022,7.2892,67.797440,101.3922,114.9111,1.1333,0,1,105,1841757,A168_HF9F_20260827_0900,2026-08-27 09:00:00,185
114630778|5|7,7,114630778,5,2026-05-03,1,1646,9,10,3,927.6882,927.6882,120.8018,0.0000,13.021815,92.7688,103.0765,1.1111,0,1,36,1841758,A168_HF9F_20260827_0900,2026-08-27 09:00:00,185
114630778|50|7,7,114630778,50,2026-05-03,1,1363,9,12,5,2173.0925,2173.0925,-1992.1908,14.8514,-91.675380,181.0910,241.4547,1.3333,0,1,36,1841759,A168_HF9F_20260827_0900,2026-08-27 09:00:00,185
114630778|51|7,7,114630778,51,2026-05-03,1,1363,9,10,3,2235.6764,2235.6764,-1713.4886,15.6916,-76.642961,223.5676,248.4085,1.1111,0,1,36,1841760,A168_HF9F_20260827_0900,2026-08-27 09:00:00,185
114630778|52|7,7,114630778,52,2026-05-03,1,1363,8,9,3,3043.4706,3043.4706,-2532.4435,22.4495,-83.209068,338.1634,380.4338,1.1250,0,1,28,1841761,A168_HF9F_20260827_0900,2026-08-27 09:00:00,185
114630778|53|7,7,114630778,53,2026-05-03,1,1363,6,8,4,3417.1199,3417.1199,-2977.4148,25.2074,-87.132290,427.1400,569.5200,1.3333,0,1,15,1841762,A168_HF9F_20260827_0900,2026-08-27 09:00:00,185
114630778|54|7,7,114630778,54,2026-05-03,1,1363,14,17,5,5328.1474,5328.1474,5024.9093,29.9548,94.308753,313.4204,380.5820,1.2143,0,1,91,1841763,A168_HF9F_20260827_0900,2026-08-27 09:00:00,185
114630778|6|7,7,114630778,6,2026-05-03,1,1646,9,10,3,745.5451,745.5451,704.5831,0.8402,94.505754,74.5545,82.8383,1.1111,0,1,36,1841764,A168_HF9F_20260827_0900,2026-08-27 09:00:00,185
114630778|7|7,7,114630778,7,2026-05-03,1,1646,5,6,2,69.9969,8.4025,-67.2198,0.0000,-800.000000,11.6661,13.9994,1.2000,5,1,10,1841765,A168_HF9F_20260827_0900,2026-08-27 09:00:00,185
114630778|8|7,7,114630778,8,2026-05-03,1,1646,7,8,3,1296.1437,1296.1437,226.9137,0.0000,17.506828,162.0180,185.1634,1.1429,0,1,21,1841766,A168_HF9F_20260827_0900,2026-08-27 09:00:00,185
114630778|9|7,7,114630778,9,2026-05-03,1,1646,13,13,2,2230.5841,2230.5841,783.3771,0.0000,35.119820,171.5834,171.5834,1.0000,0,1,78,1841767,A168_HF9F_20260827_0900,2026-08-27 09:00:00,185
114630804|1|7,7,114630804,1,2026-05-03,1,1363,1,1,1,86.5089,86.5089,86.5089,0.0000,100.000000,86.5089,86.5089,1.0000,0,0,0,1841768,A168_HF9F_20260827_0900,2026-08-27 09:00:00,185
114630804|10|7,7,114630804,10,2026-05-03,1,2267,5,8,5,262.1497,10.5031,10.5031,0.0840,100.000000,32.7687,52.4299,1.6000,5,1,10,1841769,A168_HF9F_20260827_0900,2026-08-27 09:00:00,185
114630804|11|7,7,114630804,11,2026-05-03,1,2267,4,4,1,211.3224,211.3224,211.3224,0.0000,100.000000,52.8306,52.8306,1.0000,0,1,6,1841770,A168_HF9F_20260827_0900,2026-08-27 09:00:00,185
114630804|12|7,7,114630804,12,2026-05-03,1,2267,3,6,4,482.5760,482.5760,-461.5698,0.7562,-95.647070,80.4293,160.8587,2.0000,0,1,3,1841771,A168_HF9F_20260827_0900,2026-08-27 09:00:00,185
114630804|13|7,7,114630804,13,2026-05-03,1,2267,7,10,5,1432.2091,1432.2091,1390.0360,0.4201,97.055381,143.2209,204.6013,1.4286,0,1,21,1841772,A168_HF9F_20260827_0900,2026-08-27 09:00:00,185
114630804|14|7,7,114630804,14,2026-05-03,1,2267,5,9,6,130.3737,130.3737,2.3489,0.4201,1.801659,14.4860,26.0747,1.8000,0,1,10,1841773,A168_HF9F_20260827_0900,2026-08-27 09:00:00,185
114630804|15|7,7,114630804,15,2026-05-03,1,2267,6,6,2,132.2895,132.2895,-54.8432,0.0000,-41.456974,22.0483,22.0483,1.0000,0,1,15,1841774,A168_HF9F_20260827_0900,2026-08-27 09:00:00,185
114630804|16|7,7,114630804,16,2026-05-03,1,2267,4,7,5,137.3390,137.3390,-74.3204,0.8402,-54.114584,19.6199,34.3348,1.7500,0,1,6,1841775,A168_HF9F_20260827_0900,2026-08-27 09:00:00,185
114630804|17|7,7,114630804,17,2026-05-03,1,2267,9,13,7,226.7563,226.7563,-86.5697,0.8402,-38.177407,17.4428,25.1951,1.4444,0,1,36,1841776,A168_HF9F_20260827_0900,2026-08-27 09:00:00,185
114630804|18|7,7,114630804,18,2026-05-03,1,2267,6,9,5,153.3207,153.3207,-31.9946,0.5041,-20.867748,17.0356,25.5535,1.5000,0,1,15,1841777,A168_HF9F_20260827_0900,2026-08-27 09:00:00,185
114630804|19|7,7,114630804,19,2026-05-03,1,2267,5,8,5,280.4734,280.4734,-135.1288,0.5041,-48.178847,35.0592,56.0947,1.6000,0,1,10,1841778,A168_HF9F_20260827_0900,2026-08-27 09:00:00,185
114630804|2|7,7,114630804,2,2026-05-03,1,2267,5,5,2,272.8018,0.0000,0.0000,0.0000,,54.5604,54.5604,1.0000,5,1,10,1841779,A168_HF9F_20260827_0900,2026-08-27 09:00:00,185
114630804|20|7,7,114630804,20,2026-05-03,1,2267,6,9,5,530.3663,530.3663,-99.8196,1.7309,-18.820886,58.9296,88.3944,1.5000,0,1,15,1841780,A168_HF9F_20260827_0900,2026-08-27 09:00:00,185
114630804|21|7,7,114630804,21,2026-05-03,1,2267,7,9,4,475.4079,475.4079,74.7851,0.3361,15.730722,52.8231,67.9154,1.2857,0,1,21,1841781,A168_HF9F_20260827_0900,2026-08-27 09:00:00,185
114630804|22|7,7,114630804,22,2026-05-03,1,2267,8,11,5,413.1137,413.1137,372.1517,0.5882,90.084551,37.5558,51.6392,1.3750,0,1,28,1841782,A168_HF9F_20260827_0900,2026-08-27 09:00:00,185
114630804|23|7,7,114630804,23,2026-05-03,1,2267,7,10,5,652.4540,652.4540,61.9695,1.7645,9.497909,65.2454,93.2077,1.4286,0,1,21,1841783,A168_HF9F_20260827_0900,2026-08-27 09:00:00,185
114630804|24|7,7,114630804,24,2026-05-03,1,2267,8,12,6,883.7827,883.7827,518.8105,1.7645,58.703402,73.6486,110.4728,1.5000,0,1,28,1841784,A168_HF9F_20260827_0900,2026-08-27 09:00:00,185
114630804|25|7,7,114630804,25,2026-05-03,1,2267,5,6,3,140.9268,140.9268,87.6761,0.0000,62.213923,23.4878,28.1854,1.2000,0,1,10,1841785,A168_HF9F_20260827_0900,2026-08-27 09:00:00,185
114630804|26|7,7,114630804,26,2026-05-03,1,2267,6,10,6,475.7346,475.7346,185.0126,2.6048,38.889871,47.5735,79.2891,1.6667,0,1,15,1841786,A168_HF9F_20260827_0900,2026-08-27 09:00:00,185
114630804|27|7,7,114630804,27,2026-05-03,1,2267,9,10,3,612.2801,612.2801,-389.0913,0.0000,-63.547932,61.2280,68.0311,1.1111,0,1,36,1841787,A168_HF9F_20260827_0900,2026-08-27 09:00:00,185
114630804|28|7,7,114630804,28,2026-05-03,1,2267,6,6,2,210.1153,210.1153,-74.6751,0.0000,-35.540085,35.0192,35.0192,1.0000,0,1,15,1841788,A168_HF9F_20260827_0900,2026-08-27 09:00:00,185
114630804|29|7,7,114630804,29,2026-05-03,1,2267,4,4,2,109.3664,109.3664,-16.6708,0.0000,-15.243068,27.3416,27.3416,1.0000,0,1,6,1841789,A168_HF9F_20260827_0900,2026-08-27 09:00:00,185
114630804|3|7,7,114630804,3,2026-05-03,1,2267,4,4,2,276.7743,0.0000,0.0000,0.0000,,69.1936,69.1936,1.0000,4,1,6,1841790,A168_HF9F_20260827_0900,2026-08-27 09:00:00,185
114630804|30|7,7,114630804,30,2026-05-03,1,2267,5,6,3,170.7087,170.7087,-16.7579,0.0000,-9.816657,28.4515,34.1417,1.2000,0,1,10,1841791,A168_HF9F_20260827_0900,2026-08-27 09:00:00,185
114630804|31|7,7,114630804,31,2026-05-03,1,2267,6,8,4,117.8007,117.8007,72.1122,0.0000,61.215431,14.7251,19.6334,1.3333,0,1,15,1841792,A168_HF9F_20260827_0900,2026-08-27 09:00:00,185
114630804|32|7,7,114630804,32,2026-05-03,1,1646,5,5,2,266.8904,266.8904,130.0595,0.0000,48.731415,53.3781,53.3781,1.0000,0,1,10,1841793,A168_HF9F_20260827_0900,2026-08-27 09:00:00,185
114630804|33|7,7,114630804,33,2026-05-03,1,1646,4,6,4,909.7335,909.7335,-731.8534,0.0000,-80.447011,151.6222,227.4334,1.5000,0,1,6,1841794,A168_HF9F_20260827_0900,2026-08-27 09:00:00,185
114630804|34|7,7,114630804,34,2026-05-03,1,1646,6,6,2,118.2472,118.2472,55.9774,0.0000,47.339348,19.7079,19.7079,1.0000,0,1,15,1841795,A168_HF9F_20260827_0900,2026-08-27 09:00:00,185
114630804|35|7,7,114630804,35,2026-05-03,1,1646,7,9,3,271.8546,271.8546,-102.1370,0.0000,-37.570439,30.2061,38.8364,1.2857,0,1,21,1841796,A168_HF9F_20260827_0900,2026-08-27 09:00:00,185
114630804|36|7,7,114630804,36,2026-05-03,1,1646,6,6,2,1192.6570,1192.6570,1054.0911,0.0000,88.381753,198.7762,198.7762,1.0000,0,1,15,1841797,A168_HF9F_20260827_0900,2026-08-27 09:00:00,185
114630804|37|7,7,114630804,37,2026-05-03,1,1646,14,16,3,500.1849,500.1849,-221.5940,0.0000,-44.302412,31.2616,35.7275,1.1429,0,1,91,1841798,A168_HF9F_20260827_0900,2026-08-27 09:00:00,185
114630804|38|7,7,114630804,38,2026-05-03,1,1646,15,18,5,1060.6125,1060.6125,914.7222,0.6722,86.244710,58.9229,70.7075,1.2000,0,1,105,1841799,A168_HF9F_20260827_0900,2026-08-27 09:00:00,185
114630804|39|7,7,114630804,39,2026-05-03,1,1646,7,10,5,757.7396,757.7396,237.6156,0.0000,31.358482,75.7740,108.2485,1.4286,0,1,21,1841800,A168_HF9F_20260827_0900,2026-08-27 09:00:00,185
114630804|4|7,7,114630804,4,2026-05-03,1,2267,5,5,2,194.9557,194.9557,59.2513,0.2067,30.392197,38.9911,38.9911,1.0000,0,1,10,1841801,A168_HF9F_20260827_0900,2026-08-27 09:00:00,185
114630804|40|7,7,114630804,40,2026-05-03,1,1646,9,12,5,234.7449,12.4789,12.4789,0.0000,100.000000,19.5621,26.0828,1.3333,9,1,36,1841802,A168_HF9F_20260827_0900,2026-08-27 09:00:00,185
114630804|41|7,7,114630804,41,2026-05-03,1,1646,10,13,5,781.8752,781.8752,-570.7921,0.0000,-73.002973,60.1442,78.1875,1.3000,0,1,45,1841803,A168_HF9F_20260827_0900,2026-08-27 09:00:00,185
114630804|42|7,7,114630804,42,2026-05-03,1,1646,8,13,7,1223.9467,1223.9467,819.8721,0.0000,66.985928,94.1497,152.9933,1.6250,0,1,28,1841804,A168_HF9F_20260827_0900,2026-08-27 09:00:00,185
114630804|43|7,7,114630804,43,2026-05-03,1,1646,10,13,5,1008.1419,1008.1419,-292.4661,0.0000,-29.010404,77.5494,100.8142,1.3000,0,1,45,1841805,A168_HF9F_20260827_0900,2026-08-27 09:00:00,185
114630804|44|7,7,114630804,44,2026-05-03,1,1646,8,13,7,601.4387,19.7687,-26.9336,0.0000,-136.243983,46.2645,75.1798,1.6250,8,1,28,1841806,A168_HF9F_20260827_0900,2026-08-27 09:00:00,185
114630804|45|7,7,114630804,45,2026-05-03,1,1646,8,14,7,902.6219,902.6219,456.0687,0.0000,50.527102,64.4730,112.8277,1.7500,0,1,28,1841807,A168_HF9F_20260827_0900,2026-08-27 09:00:00,185
114630804|46|7,7,114630804,46,2026-05-03,1,1646,6,12,7,1642.2221,99.7474,-562.5500,0.0000,-563.974601,136.8518,273.7037,2.0000,6,1,15,1841808,A168_HF9F_20260827_0900,2026-08-27 09:00:00,185
114630804|47|7,7,114630804,47,2026-05-03,1,1646,9,15,7,1013.0609,1013.0609,-185.7733,0.0000,-18.337818,67.5374,112.5623,1.6667,0,1,36,1841809,A168_HF9F_20260827_0900,2026-08-27 09:00:00,185
114630804|48|7,7,114630804,48,2026-05-03,1,1646,6,12,7,1861.0887,1861.0887,-71.1817,0.0000,-3.824737,155.0907,310.1815,2.0000,0,1,15,1841810,A168_HF9F_20260827_0900,2026-08-27 09:00:00,185
114630804|49|7,7,114630804,49,2026-05-03,1,1646,16,25,7,2345.8220,2345.8220,-656.8879,0.0000,-28.002463,93.8329,146.6139,1.5625,0,1,120,1841811,A168_HF9F_20260827_0900,2026-08-27 09:00:00,185
114630804|5|7,7,114630804,5,2026-05-03,1,2267,7,13,8,2674.9610,2674.9610,-1943.8421,0.2067,-72.668053,205.7662,382.1373,1.8571,0,1,21,1841812,A168_HF9F_20260827_0900,2026-08-27 09:00:00,185
114630804|50|7,7,114630804,50,2026-05-03,1,1646,6,14,7,177.0778,177.0778,70.5702,0.0000,39.852679,12.6484,29.5130,2.3333,0,1,15,1841813,A168_HF9F_20260827_0900,2026-08-27 09:00:00,185
114630804|6|7,7,114630804,6,2026-05-03,1,2267,4,4,2,812.2848,812.2848,-770.2724,0.0000,-94.827874,203.0712,203.0712,1.0000,0,1,6,1841814,A168_HF9F_20260827_0900,2026-08-27 09:00:00,185
114630804|7|7,7,114630804,7,2026-05-03,1,2267,3,3,2,34.4126,34.4126,25.7618,0.0000,74.861296,11.4709,11.4709,1.0000,0,1,3,1841815,A168_HF9F_20260827_0900,2026-08-27 09:00:00,185
114630804|8|7,7,114630804,8,2026-05-03,1,2267,14,15,3,2682.8584,2682.8584,2416.6048,1.4074,90.075751,178.8572,191.6327,1.0714,0,1,91,1841816,A168_HF9F_20260827_0900,2026-08-27 09:00:00,185
114630804|9|7,7,114630804,9,2026-05-03,1,2267,5,5,2,106.7638,106.7638,65.8017,0.0945,61.632970,21.3528,21.3528,1.0000,0,1,10,1841817,A168_HF9F_20260827_0900,2026-08-27 09:00:00,185
114630834|1|7,7,114630834,1,2026-05-03,1,1646,2,2,1,211.6201,211.6201,211.6201,0.0000,100.000000,105.8100,105.8100,1.0000,0,1,1,1841818,A168_HF9F_20260827_0900,2026-08-27 09:00:00,185
114630834|10|7,7,114630834,10,2026-05-03,1,1363,13,19,6,1135.0209,1135.0209,-1015.2691,0.0000,-89.449379,59.7379,87.3093,1.4615,0,1,78,1841819,A168_HF9F_20260827_0900,2026-08-27 09:00:00,185
114630834|11|7,7,114630834,11,2026-05-03,1,1363,14,28,8,993.3424,989.1412,-149.4351,0.0000,-15.107556,35.4765,70.9530,2.0000,1,1,91,1841820,A168_HF9F_20260827_0900,2026-08-27 09:00:00,185
114630834|12|7,7,114630834,12,2026-05-03,1,1363,13,15,4,869.7595,869.7595,-92.8269,0.0000,-10.672703,57.9840,66.9046,1.1538,0,1,78,1841821,A168_HF9F_20260827_0900,2026-08-27 09:00:00,185
114630834|13|7,7,114630834,13,2026-05-03,1,1363,13,14,3,1159.3297,1159.3297,425.8416,0.0000,36.731709,82.8093,89.1792,1.0769,0,1,78,1841822,A168_HF9F_20260827_0900,2026-08-27 09:00:00,185
114630834|14|7,7,114630834,14,2026-05-03,1,1363,6,6,2,663.0002,663.0002,-148.1760,0.0000,-22.349314,110.5000,110.5000,1.0000,0,1,15,1841823,A168_HF9F_20260827_0900,2026-08-27 09:00:00,185
114630834|15|7,7,114630834,15,2026-05-03,1,1363,10,11,3,1286.5796,1286.5796,619.4228,0.0336,48.144926,116.9618,128.6580,1.1000,0,1,45,1841824,A168_HF9F_20260827_0900,2026-08-27 09:00:00,185
114630834|16|7,7,114630834,16,2026-05-03,1,1363,8,8,2,961.8829,961.8829,877.8581,0.0168,91.264551,120.2354,120.2354,1.0000,0,1,28,1841825,A168_HF9F_20260827_0900,2026-08-27 09:00:00,185
114630834|17|7,7,114630834,17,2026-05-03,1,1363,5,5,2,855.8448,855.8448,771.8200,0.0000,90.182240,171.1690,171.1690,1.0000,0,1,10,1841826,A168_HF9F_20260827_0900,2026-08-27 09:00:00,185
114630834|18|7,7,114630834,18,2026-05-03,1,1363,3,3,2,133.3671,133.3671,32.1788,0.0000,24.127999,44.4557,44.4557,1.0000,0,1,3,1841827,A168_HF9F_20260827_0900,2026-08-27 09:00:00,185
114630834|19|7,7,114630834,19,2026-05-03,1,1363,4,4,2,2199.2326,2199.2326,-2039.0840,0.0000,-92.717980,549.8081,549.8081,1.0000,0,1,6,1841828,A168_HF9F_20260827_0900,2026-08-27 09:00:00,185
114630834|2|7,7,114630834,2,2026-05-03,1,1646,1,1,1,181.6201,181.6201,-172.5390,0.0000,-95.000000,181.6201,181.6201,1.0000,0,0,0,1841829,A168_HF9F_20260827_0900,2026-08-27 09:00:00,185
114630834|20|7,7,114630834,20,2026-05-03,1,1363,4,5,2,108.0658,108.0658,108.0658,0.0000,100.000000,21.6132,27.0165,1.2500,0,1,6,1841830,A168_HF9F_20260827_0900,2026-08-27 09:00:00,185
114630834|21|7,7,114630834,21,2026-05-03,1,1363,2,2,1,64.1335,64.1335,-64.1335,0.0000,-100.000000,32.0668,32.0668,1.0000,0,1,1,1841831,A168_HF9F_20260827_0900,2026-08-27 09:00:00,185
114630834|22|7,7,114630834,22,2026-05-03,1,1363,6,7,3,212.3058,212.3058,86.2687,0.0000,40.634142,30.3294,35.3843,1.1667,0,1,15,1841832,A168_HF9F_20260827_0900,2026-08-27 09:00:00,185
114630834|23|7,7,114630834,23,2026-05-03,1,1363,5,8,5,189.3698,189.3698,78.4315,0.0000,41.417100,23.6712,37.8740,1.6000,0,1,10,1841833,A168_HF9F_20260827_0900,2026-08-27 09:00:00,185
114630834|24|7,7,114630834,24,2026-05-03,1,1363,3,3,2,331.3953,331.3953,205.3581,0.0000,61.967724,110.4651,110.4651,1.0000,0,1,3,1841834,A168_HF9F_20260827_0900,2026-08-27 09:00:00,185
114630834|25|7,7,114630834,25,2026-05-03,1,1363,6,8,4,385.5928,10.0000,10.0000,0.0000,100.000000,48.1991,64.2655,1.3333,6,1,15,1841835,A168_HF9F_20260827_0900,2026-08-27 09:00:00,185
114630834|26|7,7,114630834,26,2026-05-03,1,1363,8,9,3,913.4786,913.4786,218.9478,0.0000,23.968577,101.4976,114.1848,1.1250,0,1,28,1841836,A168_HF9F_20260827_0900,2026-08-27 09:00:00,185
114630834|27|7,7,114630834,27,2026-05-03,1,1363,6,8,4,188.2015,188.2015,-127.1668,0.0000,-67.569488,23.5252,31.3669,1.3333,0,1,15,1841837,A168_HF9F_20260827_0900,2026-08-27 09:00:00,185
114630834|28|7,7,114630834,28,2026-05-03,1,1363,6,8,4,258.2981,258.2981,54.4237,0.0000,21.070125,32.2873,43.0497,1.3333,0,1,15,1841838,A168_HF9F_20260827_0900,2026-08-27 09:00:00,185
114630834|29|7,7,114630834,29,2026-05-03,1,1363,8,10,4,413.7506,413.7506,182.1442,0.0000,44.022703,41.3751,51.7188,1.2500,0,1,28,1841839,A168_HF9F_20260827_0900,2026-08-27 09:00:00,185
114630834|3|7,7,114630834,3,2026-05-03,1,1646,2,2,1,95.6178,95.6178,-90.8369,0.0000,-95.000000,47.8089,47.8089,1.0000,0,1,1,1841840,A168_HF9F_20260827_0900,2026-08-27 09:00:00,185
114630834|30|7,7,114630834,30,2026-05-03,1,1363,12,17,5,2001.0012,2001.0012,-350.7126,0.0000,-17.526854,117.7060,166.7501,1.4167,0,1,66,1841841,A168_HF9F_20260827_0900,2026-08-27 09:00:00,185
114630834|31|7,7,114630834,31,2026-05-03,1,1363,2,5,4,300.9704,300.9704,-255.5654,0.0000,-84.913793,60.1941,150.4852,2.5000,0,1,1,1841842,A168_HF9F_20260827_0900,2026-08-27 09:00:00,185
114630834|32|7,7,114630834,32,2026-05-03,1,1363,6,11,5,13480.7063,13480.7063,12961.7919,0.0000,96.150688,1225.5188,2246.7844,1.8333,0,1,15,1841843,A168_HF9F_20260827_0900,2026-08-27 09:00:00,185
114630834|33|7,7,114630834,33,2026-05-03,1,1363,5,8,5,342.2254,342.2254,291.6312,0.0000,85.216129,42.7782,68.4451,1.6000,0,1,10,1841844,A168_HF9F_20260827_0900,2026-08-27 09:00:00,185
114630834|34|7,7,114630834,34,2026-05-03,1,1363,4,7,5,440.6158,440.6158,161.3249,0.0000,36.613507,62.9451,110.1540,1.7500,0,1,6,1841845,A168_HF9F_20260827_0900,2026-08-27 09:00:00,185
114630834|35|7,7,114630834,35,2026-05-03,1,1363,5,7,4,493.5887,493.5887,367.5516,0.0000,74.465142,70.5127,98.7177,1.4000,0,1,10,1841846,A168_HF9F_20260827_0900,2026-08-27 09:00:00,185
114630834|36|7,7,114630834,36,2026-05-03,1,1363,7,10,5,852.4029,852.4029,-622.9911,0.0000,-73.086460,85.2403,121.7718,1.4286,0,1,21,1841847,A168_HF9F_20260827_0900,2026-08-27 09:00:00,185
114630834|37|7,7,114630834,37,2026-05-03,1,1363,5,6,3,448.9661,448.9661,-392.6149,0.0000,-87.448674,74.8277,89.7932,1.2000,0,1,10,1841848,A168_HF9F_20260827_0900,2026-08-27 09:00:00,185
114630834|38|7,7,114630834,38,2026-05-03,1,1363,13,14,3,1240.4486,1240.4486,-1183.3680,0.0000,-95.398392,88.6035,95.4191,1.0769,0,1,78,1841849,A168_HF9F_20260827_0900,2026-08-27 09:00:00,185
114630834|39|7,7,114630834,39,2026-05-03,1,1363,16,16,3,986.8896,986.8896,339.0945,0.0000,34.359923,61.6806,61.6806,1.0000,0,1,120,1841850,A168_HF9F_20260827_0900,2026-08-27 09:00:00,185
114630834|4|7,7,114630834,4,2026-05-03,1,1646,4,4,1,5426.1878,5426.1878,-5154.8784,0.0000,-95.000000,1356.5469,1356.5469,1.0000,0,1,6,1841851,A168_HF9F_20260827_0900,2026-08-27 09:00:00,185
114630834|40|7,7,114630834,40,2026-05-03,1,1363,8,8,2,605.8011,605.8011,-361.5316,0.0000,-59.678269,75.7251,75.7251,1.0000,0,1,28,1841852,A168_HF9F_20260827_0900,2026-08-27 09:00:00,185
114630834|41|7,7,114630834,41,2026-05-03,1,1363,7,8,3,2457.2514,25.9457,-285.4029,0.0000,-1100.000000,307.1564,351.0359,1.1429,7,1,21,1841853,A168_HF9F_20260827_0900,2026-08-27 09:00:00,185
114630834|42|7,7,114630834,42,2026-05-03,1,1363,12,14,4,1963.1619,1952.6588,1147.4173,0.0000,58.761791,140.2259,163.5968,1.1667,0,1,66,1841854,A168_HF9F_20260827_0900,2026-08-27 09:00:00,185
114630834|43|7,7,114630834,43,2026-05-03,1,2267,14,14,2,2370.5627,2370.5627,518.3074,0.0000,21.864322,169.3259,169.3259,1.0000,0,1,91,1841855,A168_HF9F_20260827_0900,2026-08-27 09:00:00,185
114630834|44|7,7,114630834,44,2026-05-03,1,2267,12,13,3,2300.1333,2300.1333,-2085.7744,0.0000,-90.680588,176.9333,191.6778,1.0833,0,1,66,1841856,A168_HF9F_20260827_0900,2026-08-27 09:00:00,185
114630834|45|7,7,114630834,45,2026-05-03,1,2267,12,16,5,1447.3904,1447.3904,288.4278,0.0000,19.927433,90.4619,120.6159,1.3333,0,1,66,1841857,A168_HF9F_20260827_0900,2026-08-27 09:00:00,185
114630834|46|7,7,114630834,46,2026-05-03,1,2267,10,10,2,1536.5781,1536.5781,953.1685,0.0000,62.031895,153.6578,153.6578,1.0000,0,1,45,1841858,A168_HF9F_20260827_0900,2026-08-27 09:00:00,185
114630834|47|7,7,114630834,47,2026-05-03,1,2267,8,12,6,523.9023,523.9023,-452.4813,0.0000,-86.367484,43.6585,65.4878,1.5000,0,1,28,1841859,A168_HF9F_20260827_0900,2026-08-27 09:00:00,185
114630834|48|7,7,114630834,48,2026-05-03,1,2267,11,12,3,653.2199,653.2199,508.6237,0.0000,77.864091,54.4350,59.3836,1.0909,0,1,55,1841860,A168_HF9F_20260827_0900,2026-08-27 09:00:00,185
114630834|49|7,7,114630834,49,2026-05-03,1,2267,9,9,2,501.1548,501.1548,-384.9074,0.0945,-76.804093,55.6839,55.6839,1.0000,0,1,36,1841861,A168_HF9F_20260827_0900,2026-08-27 09:00:00,185
114630834|5|7,7,114630834,5,2026-05-03,1,1646,19,24,5,4588.1927,40.2809,-303.3418,0.0000,-753.065673,191.1747,241.4838,1.2632,19,1,171,1841862,A168_HF9F_20260827_0900,2026-08-27 09:00:00,185
114630834|50|7,7,114630834,50,2026-05-03,1,2267,11,12,3,2537.7487,2537.7487,-2157.7321,0.9348,-85.025444,211.4791,230.7044,1.0909,0,1,55,1841863,A168_HF9F_20260827_0900,2026-08-27 09:00:00,185
114630834|51|7,7,114630834,51,2026-05-03,1,2267,11,16,5,699.0011,699.0011,79.5893,0.0000,11.386149,43.6876,63.5456,1.4545,0,1,55,1841864,A168_HF9F_20260827_0900,2026-08-27 09:00:00,185
114630834|6|7,7,114630834,6,2026-05-03,1,1646,11,19,7,2078.0784,2078.0784,1348.1616,0.0000,64.875395,109.3725,188.9162,1.7273,0,1,55,1841865,A168_HF9F_20260827_0900,2026-08-27 09:00:00,185
114630834|7|7,7,114630834,7,2026-05-03,1,1646,8,11,6,634.9568,634.9568,-21.8011,0.0000,-3.433477,57.7233,79.3696,1.3750,0,1,28,1841866,A168_HF9F_20260827_0900,2026-08-27 09:00:00,185
114630834|8|7,7,114630834,8,2026-05-03,1,1646,7,8,3,570.9960,570.9960,-486.6747,0.0000,-85.232595,71.3745,81.5709,1.1429,0,1,21,1841867,A168_HF9F_20260827_0900,2026-08-27 09:00:00,185
114630834|9|7,7,114630834,9,2026-05-03,1,1646,6,13,8,538.4601,536.3595,-264.2100,0.0000,-49.259865,41.4200,89.7433,2.1667,1,1,15,1841868,A168_HF9F_20260827_0900,2026-08-27 09:00:00,185
114630864|10|7,7,114630864,10,2026-05-03,1,2267,1,1,1,6.3019,6.3019,-5.9868,0.0000,-95.000000,6.3019,6.3019,1.0000,0,0,0,1841869,A168_HF9F_20260827_0900,2026-08-27 09:00:00,185
114630864|11|7,7,114630864,11,2026-05-03,1,2267,2,2,1,92.4345,92.4345,92.4345,0.0000,100.000000,46.2173,46.2173,1.0000,0,1,1,1841870,A168_HF9F_20260827_0900,2026-08-27 09:00:00,185
114630864|12|7,7,114630864,12,2026-05-03,1,2267,3,3,2,351.2867,351.2867,317.6768,0.0000,90.432340,117.0956,117.0956,1.0000,0,1,3,1841871,A168_HF9F_20260827_0900,2026-08-27 09:00:00,185
114630864|13|7,7,114630864,13,2026-05-03,1,2267,1,1,1,21.0062,21.0062,-19.9559,0.0000,-95.000000,21.0062,21.0062,1.0000,0,0,0,1841872,A168_HF9F_20260827_0900,2026-08-27 09:00:00,185
114630864|14|7,7,114630864,14,2026-05-03,1,2267,1,1,1,21.0062,21.0062,-19.9559,0.0000,-95.000000,21.0062,21.0062,1.0000,0,0,0,1841873,A168_HF9F_20260827_0900,2026-08-27 09:00:00,185
114630864|15|7,7,114630864,15,2026-05-03,1,2267,2,2,2,31.5093,31.5093,10.5031,0.0000,33.333333,15.7546,15.7546,1.0000,0,1,1,1841874,A168_HF9F_20260827_0900,2026-08-27 09:00:00,185
114630864|16|7,7,114630864,16,2026-05-03,1,2267,3,4,2,392.0615,2.5946,2.5946,0.0000,100.000000,98.0154,130.6872,1.3333,3,1,3,1841875,A168_HF9F_20260827_0900,2026-08-27 09:00:00,185
114630864|17|7,7,114630864,17,2026-05-03,1,2267,2,2,1,301.4696,301.4696,301.4696,0.0000,100.000000,150.7348,150.7348,1.0000,0,1,1,1841876,A168_HF9F_20260827_0900,2026-08-27 09:00:00,185
114630864|19|7,7,114630864,19,2026-05-03,1,1646,4,4,2,866.8388,0.0000,0.0000,0.0000,,216.7097,216.7097,1.0000,4,1,6,1841877,A168_HF9F_20260827_0900,2026-08-27 09:00:00,185
114630864|2|7,7,114630864,2,2026-05-03,1,2267,1,1,1,7.7837,7.7837,-7.7837,0.0000,-100.000000,7.7837,7.7837,1.0000,0,0,0,1841878,A168_HF9F_20260827_0900,2026-08-27 09:00:00,185
114630864|20|7,7,114630864,20,2026-05-03,1,1646,3,3,2,593.4943,593.4943,-440.9334,0.4134,-74.294453,197.8314,197.8314,1.0000,0,1,3,1841879,A168_HF9F_20260827_0900,2026-08-27 09:00:00,185
114630864|21|7,7,114630864,21,2026-05-03,1,1646,2,2,1,84.6458,84.6458,-84.6458,0.0000,-100.000000,42.3229,42.3229,1.0000,0,1,1,1841880,A168_HF9F_20260827_0900,2026-08-27 09:00:00,185
114630864|22|7,7,114630864,22,2026-05-03,1,1646,3,3,1,483.9184,483.9184,483.9184,0.0000,100.000000,161.3061,161.3061,1.0000,0,1,3,1841881,A168_HF9F_20260827_0900,2026-08-27 09:00:00,185
114630864|23|7,7,114630864,23,2026-05-03,1,1646,2,2,1,42.6334,0.0000,0.0000,0.0000,,21.3167,21.3167,1.0000,2,1,1,1841882,A168_HF9F_20260827_0900,2026-08-27 09:00:00,185
114630864|24|7,7,114630864,24,2026-05-03,1,1646,3,4,3,200.1799,200.1799,-5.8415,0.0000,-2.918142,50.0450,66.7266,1.3333,0,1,3,1841883,A168_HF9F_20260827_0900,2026-08-27 09:00:00,185
114630864|25|7,7,114630864,25,2026-05-03,1,1646,4,6,3,202.2805,202.2805,-24.2220,0.1008,-11.974438,33.7134,50.5701,1.5000,0,1,6,1841884,A168_HF9F_20260827_0900,2026-08-27 09:00:00,185
114630864|26|7,7,114630864,26,2026-05-03,1,1646,4,5,3,78.3440,78.3440,15.6898,0.1008,20.026837,15.6688,19.5860,1.2500,0,1,6,1841885,A168_HF9F_20260827_0900,2026-08-27 09:00:00,185
114630864|27|7,7,114630864,27,2026-05-03,1,1646,13,14,3,777.2043,777.2043,-563.2197,0.1512,-72.467391,55.5146,59.7849,1.0769,0,1,78,1841886,A168_HF9F_20260827_0900,2026-08-27 09:00:00,185
114630864|28|7,7,114630864,28,2026-05-03,1,1646,11,15,4,863.5883,863.5883,837.6425,0.0336,96.995591,57.5726,78.5080,1.3636,0,1,55,1841887,A168_HF9F_20260827_0900,2026-08-27 09:00:00,185
114630864|29|7,7,114630864,29,2026-05-03,1,1646,4,6,4,204.3125,204.3125,-4.0272,0.0000,-1.971077,34.0521,51.0781,1.5000,0,1,6,1841888,A168_HF9F_20260827_0900,2026-08-27 09:00:00,185
114630864|3|7,7,114630864,3,2026-05-03,1,2267,1,1,1,420.1239,420.1239,420.1239,0.0000,100.000000,420.1239,420.1239,1.0000,0,0,0,1841889,A168_HF9F_20260827_0900,2026-08-27 09:00:00,185
114630864|30|7,7,114630864,30,2026-05-03,1,1646,6,7,3,478.2279,478.2279,-395.7365,0.0000,-82.750608,68.3183,79.7047,1.1667,0,1,15,1841890,A168_HF9F_20260827_0900,2026-08-27 09:00:00,185
114630864|31|7,7,114630864,31,2026-05-03,1,1646,7,12,6,690.4312,690.4312,623.2113,0.0000,90.264079,57.5359,98.6330,1.7143,0,1,21,1841891,A168_HF9F_20260827_0900,2026-08-27 09:00:00,185
114630864|32|7,7,114630864,32,2026-05-03,1,1646,13,15,5,3957.8988,3957.8988,-546.5451,0.0000,-13.808970,263.8599,304.4538,1.1538,0,1,78,1841892,A168_HF9F_20260827_0900,2026-08-27 09:00:00,185
114630864|33|7,7,114630864,33,2026-05-03,1,1646,4,5,3,372.5301,372.5301,-311.4645,0.0000,-83.607866,74.5060,93.1325,1.2500,0,1,6,1841893,A168_HF9F_20260827_0900,2026-08-27 09:00:00,185
114630864|34|7,7,114630864,34,2026-05-03,1,1646,9,13,6,1235.0074,1235.0074,-1157.5394,1.8906,-93.727323,95.0006,137.2230,1.4444,0,1,36,1841894,A168_HF9F_20260827_0900,2026-08-27 09:00:00,185
114630864|35|7,7,114630864,35,2026-05-03,1,1646,11,16,7,850.4139,15.3345,15.3345,0.0000,100.000000,53.1509,77.3104,1.4545,11,1,55,1841895,A168_HF9F_20260827_0900,2026-08-27 09:00:00,185
114630864|36|7,7,114630864,36,2026-05-03,1,1646,11,17,7,355.9253,17.4351,-26.6779,0.0000,-153.012048,20.9368,32.3568,1.5455,11,1,55,1841896,A168_HF9F_20260827_0900,2026-08-27 09:00:00,185
114630864|37|7,7,114630864,37,2026-05-03,1,1646,8,14,8,5568.2603,5568.2603,-5142.4152,43.9030,-92.352279,397.7329,696.0325,1.7500,0,1,28,1841897,A168_HF9F_20260827_0900,2026-08-27 09:00:00,185
114630864|38|7,7,114630864,38,2026-05-03,1,1646,6,11,7,11750.8779,11750.8779,-10813.9275,93.3725,-92.026549,1068.2616,1958.4797,1.8333,0,1,15,1841898,A168_HF9F_20260827_0900,2026-08-27 09:00:00,185
114630864|39|7,7,114630864,39,2026-05-03,1,1646,7,12,7,12264.1003,12264.1003,12228.5146,96.8386,99.709838,1022.0084,1752.0143,1.7143,0,1,21,1841899,A168_HF9F_20260827_0900,2026-08-27 09:00:00,185
114630864|4|7,7,114630864,4,2026-05-03,1,2267,3,3,2,27.1741,27.1741,-18.7716,0.0000,-69.079091,9.0580,9.0580,1.0000,0,1,3,1841900,A168_HF9F_20260827_0900,2026-08-27 09:00:00,185
114630864|40|7,7,114630864,40,2026-05-03,1,1646,5,10,7,6559.7527,6559.7527,6503.1608,52.3895,99.137286,655.9753,1311.9505,2.0000,0,1,10,1841901,A168_HF9F_20260827_0900,2026-08-27 09:00:00,185
114630864|41|7,7,114630864,41,2026-05-03,1,1646,7,7,3,1790.0442,1790.0442,1605.1897,13.4440,89.673186,255.7206,255.7206,1.0000,0,1,21,1841902,A168_HF9F_20260827_0900,2026-08-27 09:00:00,185
114630864|42|7,7,114630864,42,2026-05-03,1,1646,5,7,4,8335.0720,8335.0720,8090.8928,66.4846,97.070460,1190.7246,1667.0144,1.4000,0,1,10,1841903,A168_HF9F_20260827_0900,2026-08-27 09:00:00,185
114630864|43|7,7,114630864,43,2026-05-03,1,1646,2,2,1,7362.5472,0.0000,0.0000,0.0000,,3681.2736,3681.2736,1.0000,2,1,1,1841904,A168_HF9F_20260827_0900,2026-08-27 09:00:00,185
114630864|44|7,7,114630864,44,2026-05-03,1,1646,4,5,3,11054.4487,11054.4487,-9027.0912,88.3311,-81.660257,2210.8897,2763.6122,1.2500,0,1,6,1841905,A168_HF9F_20260827_0900,2026-08-27 09:00:00,185
114630864|45|7,7,114630864,45,2026-05-03,1,1646,6,7,3,11298.5251,11298.5251,10818.5251,88.3311,95.751658,1614.0750,1883.0875,1.1667,0,1,15,1841906,A168_HF9F_20260827_0900,2026-08-27 09:00:00,185
114630864|46|7,7,114630864,46,2026-05-03,1,1646,7,8,3,7917.4320,7917.4320,-6470.1349,59.7626,-81.720120,989.6790,1131.0617,1.1429,0,1,21,1841907,A168_HF9F_20260827_0900,2026-08-27 09:00:00,185
114630864|47|7,7,114630864,47,2026-05-03,1,1646,6,7,3,9778.7526,9778.7526,9176.7402,75.8240,93.843669,1396.9647,1629.7921,1.1667,0,1,15,1841908,A168_HF9F_20260827_0900,2026-08-27 09:00:00,185
114630864|48|7,7,114630864,48,2026-05-03,1,1363,9,15,5,13652.8472,1102.1864,-8729.5078,8.4193,-792.017374,910.1898,1516.9830,1.6667,9,1,36,1841909,A168_HF9F_20260827_0900,2026-08-27 09:00:00,185
114630864|49|7,7,114630864,49,2026-05-03,1,1363,5,6,3,2946.2604,2946.2604,1336.2610,16.8050,45.354479,491.0434,589.2521,1.2000,0,1,10,1841910,A168_HF9F_20260827_0900,2026-08-27 09:00:00,185
114630864|5|7,7,114630864,5,2026-05-03,1,2267,2,2,2,24.2012,24.2012,16.0088,0.0000,66.148772,12.1006,12.1006,1.0000,0,1,1,1841911,A168_HF9F_20260827_0900,2026-08-27 09:00:00,185
114630864|50|7,7,114630864,50,2026-05-03,1,1363,9,11,4,12770.3671,1052.4105,-8400.3781,8.4025,-798.203593,1160.9425,1418.9297,1.2222,9,1,36,1841912,A168_HF9F_20260827_0900,2026-08-27 09:00:00,185
114630864|6|7,7,114630864,6,2026-05-03,1,2267,1,1,1,4.2012,4.2012,-3.9912,0.0000,-95.000000,4.2012,4.2012,1.0000,0,0,0,1841913,A168_HF9F_20260827_0900,2026-08-27 09:00:00,185
114630864|7|7,7,114630864,7,2026-05-03,1,2267,3,3,2,97.8237,97.8237,67.0423,0.0000,68.533820,32.6079,32.6079,1.0000,0,1,3,1841914,A168_HF9F_20260827_0900,2026-08-27 09:00:00,185
114630864|8|7,7,114630864,8,2026-05-03,1,2267,1,1,1,15.7853,15.7853,15.7853,0.0000,100.000000,15.7853,15.7853,1.0000,0,0,0,1841915,A168_HF9F_20260827_0900,2026-08-27 09:00:00,185
114630864|9|7,7,114630864,9,2026-05-03,1,2267,3,3,1,300.3959,0.0000,0.0000,0.0000,,100.1320,100.1320,1.0000,3,1,3,1841916,A168_HF9F_20260827_0900,2026-08-27 09:00:00,185
114630898|1|7,7,114630898,1,2026-05-03,1,1363,1,1,1,129.7286,129.7286,-123.2422,0.0000,-95.000000,129.7286,129.7286,1.0000,0,0,0,1841917,A168_HF9F_20260827_0900,2026-08-27 09:00:00,185
114630898|10|7,7,114630898,10,2026-05-03,1,1363,7,8,3,22729.1013,20208.3577,-19005.6819,0.0840,-94.048622,2841.1377,3247.0145,1.1429,1,1,21,1841918,A168_HF9F_20260827_0900,2026-08-27 09:00:00,185
114630898|11|7,7,114630898,11,2026-05-03,1,1363,8,10,3,29530.4638,27009.7202,-25812.6274,0.2017,-95.567918,2953.0464,3691.3080,1.2500,1,1,28,1841919,A168_HF9F_20260827_0900,2026-08-27 09:00:00,185
114630898|12|7,7,114630898,12,2026-05-03,1,1363,6,6,3,1156.5218,1156.5218,1019.7229,0.0840,88.171524,192.7536,192.7536,1.0000,0,1,15,1841920,A168_HF9F_20260827_0900,2026-08-27 09:00:00,185
114630898|13|7,7,114630898,13,2026-05-03,1,1363,4,5,3,1430.5921,1430.5921,-1298.7006,0.0000,-90.780639,286.1184,357.6480,1.2500,0,1,6,1841921,A168_HF9F_20260827_0900,2026-08-27 09:00:00,185
114630898|14|7,7,114630898,14,2026-05-03,1,1363,7,7,2,1521.2351,1521.2351,1002.3207,0.4134,65.888611,217.3193,217.3193,1.0000,0,1,21,1841922,A168_HF9F_20260827_0900,2026-08-27 09:00:00,185
114630898|15|7,7,114630898,15,2026-05-03,1,1363,7,8,3,2027.9591,2027.9591,-1005.8944,1.6805,-49.601317,253.4949,289.7084,1.1429,0,1,21,1841923,A168_HF9F_20260827_0900,2026-08-27 09:00:00,185
114630898|16|7,7,114630898,16,2026-05-03,1,1363,6,7,3,1675.9183,1675.9183,-575.8197,0.0000,-34.358459,239.4169,279.3197,1.1667,0,1,15,1841924,A168_HF9F_20260827_0900,2026-08-27 09:00:00,185
114630898|17|7,7,114630898,17,2026-05-03,1,1363,16,19,5,2794.5073,2794.5073,-24.2147,0.8402,-0.866512,147.0793,174.6567,1.1875,0,1,120,1841925,A168_HF9F_20260827_0900,2026-08-27 09:00:00,185
114630898|18|7,7,114630898,18,2026-05-03,1,1363,10,13,5,1167.2377,1167.2377,269.3079,0.0000,23.072245,89.7875,116.7238,1.3000,0,1,45,1841926,A168_HF9F_20260827_0900,2026-08-27 09:00:00,185
114630898|19|7,7,114630898,19,2026-05-03,1,1363,11,12,3,1501.8232,1501.8232,-737.6791,0.0000,-49.118906,125.1519,136.5294,1.0909,0,1,55,1841927,A168_HF9F_20260827_0900,2026-08-27 09:00:00,185
114630898|2|7,7,114630898,2,2026-05-03,1,1363,2,2,1,713.1439,713.1439,713.1439,0.0000,100.000000,356.5719,356.5719,1.0000,0,1,1,1841928,A168_HF9F_20260827_0900,2026-08-27 09:00:00,185
114630898|20|7,7,114630898,20,2026-05-03,1,1363,9,11,4,1344.6763,1344.6763,826.4461,0.0000,61.460599,122.2433,149.4085,1.2222,0,1,36,1841929,A168_HF9F_20260827_0900,2026-08-27 09:00:00,185
114630898|21|7,7,114630898,21,2026-05-03,1,1363,8,10,4,801.4462,26.9960,-293.8054,0.0000,-1088.328175,80.1446,100.1808,1.2500,8,1,28,1841930,A168_HF9F_20260827_0900,2026-08-27 09:00:00,185
114630898|22|7,7,114630898,22,2026-05-03,1,1363,8,11,3,690.2969,669.2907,-505.9157,0.7562,-75.589827,62.7543,86.2871,1.3750,2,1,28,1841931,A168_HF9F_20260827_0900,2026-08-27 09:00:00,185
114630898|23|7,7,114630898,23,2026-05-03,1,1363,6,7,3,361.0252,361.0252,-228.6862,0.3781,-63.343550,51.5750,60.1709,1.1667,0,1,15,1841932,A168_HF9F_20260827_0900,2026-08-27 09:00:00,185
114630898|24|7,7,114630898,24,2026-05-03,1,1363,4,5,3,427.1789,427.1789,-106.4399,0.0000,-24.916929,85.4358,106.7947,1.2500,0,1,6,1841933,A168_HF9F_20260827_0900,2026-08-27 09:00:00,185
114630898|25|7,7,114630898,25,2026-05-03,1,1363,9,10,3,772.0181,717.9500,246.4210,0.1891,34.322860,77.2018,85.7798,1.1111,0,1,36,1841934,A168_HF9F_20260827_0900,2026-08-27 09:00:00,185
114630898|26|7,7,114630898,26,2026-05-03,1,1363,8,9,3,546.9399,465.8378,-375.5258,0.5672,-80.612999,60.7711,68.3675,1.1250,0,1,28,1841935,A168_HF9F_20260827_0900,2026-08-27 09:00:00,185
114630898|27|7,7,114630898,27,2026-05-03,1,1363,10,11,3,809.8286,809.8286,25.7675,1.8401,3.181841,73.6208,80.9829,1.1000,0,1,45,1841936,A168_HF9F_20260827_0900,2026-08-27 09:00:00,185
114630898|28|7,7,114630898,28,2026-05-03,1,2267,8,9,3,575.9702,1.0503,-8.4025,0.0000,-800.000000,63.9967,71.9963,1.1250,8,1,28,1841937,A168_HF9F_20260827_0900,2026-08-27 09:00:00,185
114630898|29|7,7,114630898,29,2026-05-03,1,2267,6,6,2,469.3025,0.0000,0.0000,0.0000,,78.2171,78.2171,1.0000,6,1,15,1841938,A168_HF9F_20260827_0900,2026-08-27 09:00:00,185
114630898|3|7,7,114630898,3,2026-05-03,1,1363,3,3,3,608.4822,608.4822,362.7097,1.0083,59.608925,202.8274,202.8274,1.0000,0,1,3,1841939,A168_HF9F_20260827_0900,2026-08-27 09:00:00,185
114630898|30|7,7,114630898,30,2026-05-03,1,2267,5,5,1,470.7141,470.7141,470.7141,0.7562,100.000000,94.1428,94.1428,1.0000,0,1,10,1841940,A168_HF9F_20260827_0900,2026-08-27 09:00:00,185
114630898|31|7,7,114630898,31,2026-05-03,1,2267,6,6,2,2001.2413,2001.2413,1615.7522,0.3781,80.737500,333.5402,333.5402,1.0000,0,1,15,1841941,A168_HF9F_20260827_0900,2026-08-27 09:00:00,185
114630898|32|7,7,114630898,32,2026-05-03,1,2267,4,4,2,741.0703,741.0703,307.8664,0.7562,41.543474,185.2676,185.2676,1.0000,0,1,6,1841942,A168_HF9F_20260827_0900,2026-08-27 09:00:00,185
114630898|33|7,7,114630898,33,2026-05-03,1,2267,2,2,2,133.9298,133.9298,133.9298,0.0000,100.000000,66.9649,66.9649,1.0000,0,1,1,1841943,A168_HF9F_20260827_0900,2026-08-27 09:00:00,185
114630898|34|7,7,114630898,34,2026-05-03,1,2267,5,9,5,359.2367,359.2367,191.2921,0.5672,53.249608,39.9152,71.8473,1.8000,0,1,10,1841944,A168_HF9F_20260827_0900,2026-08-27 09:00:00,185
114630898|35|7,7,114630898,35,2026-05-03,1,2267,11,12,3,3757.3789,3757.3789,-3015.4642,0.9453,-80.254461,313.1149,341.5799,1.0909,0,1,55,1841945,A168_HF9F_20260827_0900,2026-08-27 09:00:00,185
114630898|36|7,7,114630898,36,2026-05-03,1,2267,17,27,6,2487.3437,2349.2126,-1478.0411,2.1762,-62.916446,92.1238,146.3143,1.5882,2,1,136,1841946,A168_HF9F_20260827_0900,2026-08-27 09:00:00,185
114630898|37|7,7,114630898,37,2026-05-03,1,2267,13,22,6,2323.4958,2315.0933,-1111.4931,1.9620,-48.010724,105.6134,178.7304,1.6923,1,1,78,1841947,A168_HF9F_20260827_0900,2026-08-27 09:00:00,185
114630898|38|7,7,114630898,38,2026-05-03,1,2267,16,28,8,2577.6644,2535.6521,-677.4138,2.6090,-26.715566,92.0594,161.1040,1.7500,1,1,120,1841948,A168_HF9F_20260827_0900,2026-08-27 09:00:00,185
114630898|39|7,7,114630898,39,2026-05-03,1,2267,16,21,5,6674.9176,6674.9176,-4371.8435,2.8132,-65.496591,317.8532,417.1824,1.3125,0,1,120,1841949,A168_HF9F_20260827_0900,2026-08-27 09:00:00,185
114630898|4|7,7,114630898,4,2026-05-03,1,1363,3,5,3,915.9612,915.9612,-660.8234,0.9579,-72.145344,183.1922,305.3204,1.6667,0,1,3,1841950,A168_HF9F_20260827_0900,2026-08-27 09:00:00,185
114630898|40|7,7,114630898,40,2026-05-03,1,2267,22,30,6,6689.4197,6559.6911,-1018.4957,3.3568,-15.526580,222.9807,304.0645,1.3636,1,1,231,1841951,A168_HF9F_20260827_0900,2026-08-27 09:00:00,185
114630898|41|7,7,114630898,41,2026-05-03,1,2267,30,36,5,10714.6587,10714.6587,-1915.8232,4.1650,-17.880394,297.6294,357.1553,1.2000,0,1,435,1841952,A168_HF9F_20260827_0900,2026-08-27 09:00:00,185
114630898|42|7,7,114630898,42,2026-05-03,1,2267,33,44,6,15596.3999,15367.8279,2475.3141,5.8056,16.107118,354.4636,472.6182,1.3333,3,1,528,1841953,A168_HF9F_20260827_0900,2026-08-27 09:00:00,185
114630898|43|7,7,114630898,43,2026-05-03,1,2267,11,16,6,2155.8433,2052.0604,895.5143,3.4660,43.639762,134.7402,195.9858,1.4545,1,1,55,1841954,A168_HF9F_20260827_0900,2026-08-27 09:00:00,185
114630898|44|7,7,114630898,44,2026-05-03,1,2267,13,20,6,1932.6187,1911.6125,-1194.9592,2.3234,-62.510533,96.6309,148.6630,1.5385,2,1,78,1841955,A168_HF9F_20260827_0900,2026-08-27 09:00:00,185
114630898|45|7,7,114630898,45,2026-05-03,1,2267,16,26,8,2153.9727,2050.1898,948.7823,3.1503,46.277777,82.8451,134.6233,1.6250,1,1,120,1841956,A168_HF9F_20260827_0900,2026-08-27 09:00:00,185
114630898|46|7,7,114630898,46,2026-05-03,1,2267,15,21,6,3405.9171,3302.1342,-2173.6782,2.3234,-65.826466,162.1865,227.0611,1.4000,1,1,105,1841957,A168_HF9F_20260827_0900,2026-08-27 09:00:00,185
114630898|47|7,7,114630898,47,2026-05-03,1,2267,16,16,2,5927.1610,5927.1610,4843.8346,2.8747,81.722676,370.4476,370.4476,1.0000,0,1,120,1841958,A168_HF9F_20260827_0900,2026-08-27 09:00:00,185
114630898|48|7,7,114630898,48,2026-05-03,1,2267,14,16,3,3803.4510,38.4010,-307.2077,0.0336,-800.000000,237.7157,271.6751,1.1429,14,1,91,1841959,A168_HF9F_20260827_0900,2026-08-27 09:00:00,185
114630898|49|7,7,114630898,49,2026-05-03,1,2267,8,10,4,1357.2681,1357.2681,-252.0430,1.6619,-18.569876,135.7268,169.6585,1.2500,0,1,28,1841960,A168_HF9F_20260827_0900,2026-08-27 09:00:00,185
114630898|5|7,7,114630898,5,2026-05-03,1,1363,9,9,2,3621.7323,3621.7323,3102.8179,2.0334,85.672204,402.4147,402.4147,1.0000,0,1,36,1841961,A168_HF9F_20260827_0900,2026-08-27 09:00:00,185
114630898|50|7,7,114630898,50,2026-05-03,1,2267,11,13,5,1732.6669,1732.6669,-73.7906,0.9453,-4.258787,133.2821,157.5152,1.1818,0,1,55,1841962,A168_HF9F_20260827_0900,2026-08-27 09:00:00,185
114630898|51|7,7,114630898,51,2026-05-03,1,2267,16,16,2,1660.6677,1660.6677,121.6572,1.6343,7.325801,103.7917,103.7917,1.0000,0,1,120,1841963,A168_HF9F_20260827_0900,2026-08-27 09:00:00,185
114630898|52|7,7,114630898,52,2026-05-03,1,2267,19,21,4,3163.7826,3163.7826,1656.4346,2.0638,52.356144,150.6563,166.5149,1.1053,0,1,171,1841964,A168_HF9F_20260827_0900,2026-08-27 09:00:00,185
114630898|53|7,7,114630898,53,2026-05-03,1,2267,11,11,2,3857.6908,3857.6908,-2906.0487,1.8906,-75.331302,350.6992,350.6992,1.0000,0,1,55,1841965,A168_HF9F_20260827_0900,2026-08-27 09:00:00,185
114630898|6|7,7,114630898,6,2026-05-03,1,1363,2,2,1,459.4572,459.4572,-436.4844,0.0000,-95.000000,229.7286,229.7286,1.0000,0,1,1,1841966,A168_HF9F_20260827_0900,2026-08-27 09:00:00,185
114630898|7|7,7,114630898,7,2026-05-03,1,1363,1,1,1,500.0000,0.0000,0.0000,0.0000,,500.0000,500.0000,1.0000,1,0,0,1841967,A168_HF9F_20260827_0900,2026-08-27 09:00:00,185
114630898|8|7,7,114630898,8,2026-05-03,1,1363,2,2,2,809.4572,809.4572,290.5428,0.0000,35.893532,404.7286,404.7286,1.0000,0,1,1,1841968,A168_HF9F_20260827_0900,2026-08-27 09:00:00,185
114630898|9|7,7,114630898,9,2026-05-03,1,1363,3,4,2,782.8709,782.8709,782.8709,0.0000,100.000000,195.7177,260.9570,1.3333,0,1,3,1841969,A168_HF9F_20260827_0900,2026-08-27 09:00:00,185
114630927|10|7,7,114630927,10,2026-05-03,1,1646,10,19,7,931.1563,931.1563,352.5957,1.7477,37.866438,49.0082,93.1156,1.9000,0,1,45,1841970,A168_HF9F_20260827_0900,2026-08-27 09:00:00,185
114630927|11|7,7,114630927,11,2026-05-03,1,1646,4,5,3,267.4052,267.4052,258.7543,0.0000,96.764875,53.4810,66.8513,1.2500,0,1,6,1841971,A168_HF9F_20260827_0900,2026-08-27 09:00:00,185
114630927|12|7,7,114630927,12,2026-05-03,1,1646,6,6,2,451.7924,451.7924,434.7390,0.0000,96.225396,75.2987,75.2987,1.0000,0,1,15,1841972,A168_HF9F_20260827_0900,2026-08-27 09:00:00,185
114630927|13|7,7,114630927,13,2026-05-03,1,1646,4,4,1,29.0298,29.0298,29.0298,0.0000,100.000000,7.2574,7.2574,1.0000,0,1,6,1841973,A168_HF9F_20260827_0900,2026-08-27 09:00:00,185
114630927|14|7,7,114630927,14,2026-05-03,1,1646,4,4,2,69.9951,69.9951,52.6933,0.0000,75.281441,17.4988,17.4988,1.0000,0,1,6,1841974,A168_HF9F_20260827_0900,2026-08-27 09:00:00,185
114630927|15|7,7,114630927,15,2026-05-03,1,1646,2,2,1,8.5267,8.5267,-8.5267,0.0000,-100.000000,4.2633,4.2633,1.0000,0,1,1,1841975,A168_HF9F_20260827_0900,2026-08-27 09:00:00,185
114630927|16|7,7,114630927,16,2026-05-03,1,1646,3,3,2,81.1274,81.1274,55.6715,0.0000,68.622367,27.0425,27.0425,1.0000,0,1,3,1841976,A168_HF9F_20260827_0900,2026-08-27 09:00:00,185
114630927|17|7,7,114630927,17,2026-05-03,1,1646,6,9,4,4490.4695,4482.0670,4259.1529,0.9411,95.026533,498.9411,748.4116,1.5000,1,1,15,1841977,A168_HF9F_20260827_0900,2026-08-27 09:00:00,185
114630927|18|7,7,114630927,18,2026-05-03,1,1646,4,7,4,201.7837,184.9787,185.3989,1.4452,100.227120,28.8262,50.4459,1.7500,2,1,6,1841978,A168_HF9F_20260827_0900,2026-08-27 09:00:00,185
114630927|19|7,7,114630927,19,2026-05-03,1,1646,4,4,2,130.5310,130.5310,-39.6855,0.0000,-30.403082,32.6328,32.6328,1.0000,0,1,6,1841979,A168_HF9F_20260827_0900,2026-08-27 09:00:00,185
114630927|2|7,7,114630927,2,2026-05-03,1,2267,1,1,1,4.2012,4.2012,-4.2012,0.0000,-100.000000,4.2012,4.2012,1.0000,0,0,0,1841980,A168_HF9F_20260827_0900,2026-08-27 09:00:00,185
114630927|20|7,7,114630927,20,2026-05-03,1,1646,3,5,4,369.6961,369.6961,-309.8851,1.7813,-83.821573,73.9392,123.2320,1.6667,0,1,3,1841981,A168_HF9F_20260827_0900,2026-08-27 09:00:00,185
114630927|21|7,7,114630927,21,2026-05-03,1,1646,5,9,4,336.1573,336.1573,165.9408,1.4620,49.364036,37.3508,67.2315,1.8000,0,1,10,1841982,A168_HF9F_20260827_0900,2026-08-27 09:00:00,185
114630927|22|7,7,114630927,22,2026-05-03,1,1646,6,6,2,2640.7866,0.0000,0.0000,0.0000,,440.1311,440.1311,1.0000,6,1,15,1841983,A168_HF9F_20260827_0900,2026-08-27 09:00:00,185
114630927|23|7,7,114630927,23,2026-05-03,1,1646,5,8,4,431.5503,431.5503,-246.9224,2.5375,-57.217524,53.9438,86.3101,1.6000,0,1,10,1841984,A168_HF9F_20260827_0900,2026-08-27 09:00:00,185
114630927|24|7,7,114630927,24,2026-05-03,1,1646,4,4,2,96.3165,96.3165,44.4250,0.0000,46.124025,24.0791,24.0791,1.0000,0,1,6,1841985,A168_HF9F_20260827_0900,2026-08-27 09:00:00,185
114630927|25|7,7,114630927,25,2026-05-03,1,1646,3,4,2,225.2128,218.4908,-207.3982,0.0000,-94.923086,56.3032,75.0709,1.3333,1,1,3,1841986,A168_HF9F_20260827_0900,2026-08-27 09:00:00,185
114630927|26|7,7,114630927,26,2026-05-03,1,1646,4,6,4,149.4428,149.4428,-123.0138,0.6890,-82.314962,24.9071,37.3607,1.5000,0,1,6,1841987,A168_HF9F_20260827_0900,2026-08-27 09:00:00,185
114630927|27|7,7,114630927,27,2026-05-03,1,1646,5,5,2,1415.2194,1415.2194,-693.8307,0.0000,-49.026370,283.0439,283.0439,1.0000,0,1,10,1841988,A168_HF9F_20260827_0900,2026-08-27 09:00:00,185
114630927|28|7,7,114630927,28,2026-05-03,1,1646,4,4,2,513.2317,513.2317,426.2255,0.0000,83.047385,128.3079,128.3079,1.0000,0,1,6,1841989,A168_HF9F_20260827_0900,2026-08-27 09:00:00,185
114630927|29|7,7,114630927,29,2026-05-03,1,1646,9,11,3,1436.8730,1436.8730,1165.9818,0.3361,81.147170,130.6248,159.6526,1.2222,0,1,36,1841990,A168_HF9F_20260827_0900,2026-08-27 09:00:00,185
114630927|3|7,7,114630927,3,2026-05-03,1,1646,4,7,4,473.0322,464.6298,-328.2143,0.0000,-70.639963,67.5760,118.2581,1.7500,2,1,6,1841991,A168_HF9F_20260827_0900,2026-08-27 09:00:00,185
114630927|30|7,7,114630927,30,2026-05-03,1,1646,4,4,2,1047.0138,1047.0138,-918.7719,0.0000,-87.751649,261.7535,261.7535,1.0000,0,1,6,1841992,A168_HF9F_20260827_0900,2026-08-27 09:00:00,185
114630927|31|7,7,114630927,31,2026-05-03,1,1646,8,8,2,1168.1426,1168.1426,1018.1309,0.0000,87.158100,146.0178,146.0178,1.0000,0,1,28,1841993,A168_HF9F_20260827_0900,2026-08-27 09:00:00,185
114630927|32|7,7,114630927,32,2026-05-03,1,1363,5,8,5,323.3960,323.3960,-187.6050,0.0000,-58.010908,40.4245,64.6792,1.6000,0,1,10,1841994,A168_HF9F_20260827_0900,2026-08-27 09:00:00,185
114630927|33|7,7,114630927,33,2026-05-03,1,1363,3,3,2,94.3078,94.3078,-73.3016,0.0000,-77.725912,31.4359,31.4359,1.0000,0,1,3,1841995,A168_HF9F_20260827_0900,2026-08-27 09:00:00,185
114630927|34|7,7,114630927,34,2026-05-03,1,1363,5,5,2,132.9177,132.9177,124.0962,0.0000,93.363157,26.5835,26.5835,1.0000,0,1,10,1841996,A168_HF9F_20260827_0900,2026-08-27 09:00:00,185
114630927|35|7,7,114630927,35,2026-05-03,1,1363,5,5,2,196.0052,196.0052,157.3559,0.0000,80.281501,39.2010,39.2010,1.0000,0,1,10,1841997,A168_HF9F_20260827_0900,2026-08-27 09:00:00,185
114630927|36|7,7,114630927,36,2026-05-03,1,1363,5,5,2,179.3999,179.3999,85.2465,0.0000,47.517564,35.8800,35.8800,1.0000,0,1,10,1841998,A168_HF9F_20260827_0900,2026-08-27 09:00:00,185
114630927|37|7,7,114630927,37,2026-05-03,1,1363,9,10,3,304.4034,4.2012,4.2012,0.0000,100.000000,30.4403,33.8226,1.1111,9,1,36,1841999,A168_HF9F_20260827_0900,2026-08-27 09:00:00,185
114630927|38|7,7,114630927,38,2026-05-03,1,1363,10,11,3,329.1167,329.1167,255.5950,0.0000,77.660905,29.9197,32.9117,1.1000,0,1,45,1842000,A168_HF9F_20260827_0900,2026-08-27 09:00:00,185
114630927|39|7,7,114630927,39,2026-05-03,1,1363,11,12,3,2057.1735,2057.1735,2036.6924,1.3444,99.004409,171.4311,187.0158,1.0909,0,1,55,1842001,A168_HF9F_20260827_0900,2026-08-27 09:00:00,185
114630927|4|7,7,114630927,4,2026-05-03,1,1646,2,5,4,282.7100,282.7100,-267.1426,0.0000,-94.493497,56.5420,141.3550,2.5000,0,1,1,1842002,A168_HF9F_20260827_0900,2026-08-27 09:00:00,185
114630927|40|7,7,114630927,40,2026-05-03,1,1363,6,6,2,697.3668,697.3668,511.5978,0.0000,73.361359,116.2278,116.2278,1.0000,0,1,15,1842003,A168_HF9F_20260827_0900,2026-08-27 09:00:00,185
114630927|41|7,7,114630927,41,2026-05-03,1,1363,8,10,4,2387.8104,2387.8104,-1943.4675,0.0000,-81.391201,238.7810,298.4763,1.2500,0,1,28,1842004,A168_HF9F_20260827_0900,2026-08-27 09:00:00,185
114630927|42|7,7,114630927,42,2026-05-03,1,1363,7,7,1,3152.0062,3152.0062,-2994.4164,0.0000,-95.000333,450.2866,450.2866,1.0000,0,1,21,1842005,A168_HF9F_20260827_0900,2026-08-27 09:00:00,185
114630927|43|7,7,114630927,43,2026-05-03,1,1363,8,8,2,4489.0259,4489.0259,-3641.7797,1.6805,-81.126280,561.1282,561.1282,1.0000,0,1,28,1842006,A168_HF9F_20260827_0900,2026-08-27 09:00:00,185
114630927|44|7,7,114630927,44,2026-05-03,1,1363,6,6,2,1000.0444,1000.0444,934.5050,0.0000,93.446357,166.6741,166.6741,1.0000,0,1,15,1842007,A168_HF9F_20260827_0900,2026-08-27 09:00:00,185
114630927|45|7,7,114630927,45,2026-05-03,1,1363,5,5,2,180.8523,180.8523,139.8902,0.0000,77.350526,36.1705,36.1705,1.0000,0,1,10,1842008,A168_HF9F_20260827_0900,2026-08-27 09:00:00,185
114630927|46|7,7,114630927,46,2026-05-03,1,1363,7,7,2,322.1206,322.1206,-163.2801,0.0000,-50.689111,46.0172,46.0172,1.0000,0,1,21,1842009,A168_HF9F_20260827_0900,2026-08-27 09:00:00,185
114630927|47|7,7,114630927,47,2026-05-03,1,1363,9,9,2,2611.0363,2611.0363,-2379.2962,0.0000,-91.124592,290.1151,290.1151,1.0000,0,1,36,1842010,A168_HF9F_20260827_0900,2026-08-27 09:00:00,185
114630927|48|7,7,114630927,48,2026-05-03,1,1363,7,8,3,3348.0733,3348.0733,-3067.8668,0.0000,-91.630815,418.5092,478.2962,1.1429,0,1,21,1842011,A168_HF9F_20260827_0900,2026-08-27 09:00:00,185
114630927|49|7,7,114630927,49,2026-05-03,1,1363,9,11,4,3026.9366,3026.9366,2834.9277,0.0000,93.656659,275.1761,336.3263,1.2222,0,1,36,1842012,A168_HF9F_20260827_0900,2026-08-27 09:00:00,185
114630927|5|7,7,114630927,5,2026-05-03,1,1646,4,9,7,67.4642,59.0617,-12.3594,0.0000,-20.926232,7.4960,16.8660,2.2500,1,1,6,1842013,A168_HF9F_20260827_0900,2026-08-27 09:00:00,185
114630927|6|7,7,114630927,6,2026-05-03,1,1646,18,27,7,8199.7837,8182.9787,7189.1631,0.0000,87.855086,303.6957,455.5435,1.5000,1,1,153,1842014,A168_HF9F_20260827_0900,2026-08-27 09:00:00,185
114630927|7|7,7,114630927,7,2026-05-03,1,1646,14,21,7,8772.5047,8772.5047,-7401.3380,1.6133,-84.369724,417.7383,626.6075,1.5000,0,1,91,1842015,A168_HF9F_20260827_0900,2026-08-27 09:00:00,185
114630927|8|7,7,114630927,8,2026-05-03,1,1646,8,13,7,662.7282,662.7282,428.1247,0.0000,64.600336,50.9791,82.8410,1.6250,0,1,28,1842016,A168_HF9F_20260827_0900,2026-08-27 09:00:00,185
114630927|9|7,7,114630927,9,2026-05-03,1,1646,8,13,5,1407.5160,1339.1166,-729.9782,0.0000,-54.511926,108.2705,175.9395,1.6250,1,1,28,1842017,A168_HF9F_20260827_0900,2026-08-27 09:00:00,185
114630958|1|7,7,114630958,1,2026-05-03,1,1363,1,1,1,63.0186,63.0186,63.0186,0.0000,100.000000,63.0186,63.0186,1.0000,0,0,0,1842018,A168_HF9F_20260827_0900,2026-08-27 09:00:00,185
114630958|10|7,7,114630958,10,2026-05-03,1,1363,5,7,3,153.1395,153.1395,-119.5296,0.5041,-78.052749,21.8771,30.6279,1.4000,0,1,10,1842019,A168_HF9F_20260827_0900,2026-08-27 09:00:00,185
114630958|11|7,7,114630958,11,2026-05-03,1,1363,10,11,3,1166.1795,1166.1795,-1031.7399,1.2814,-88.471787,106.0163,116.6180,1.1000,0,1,45,1842020,A168_HF9F_20260827_0900,2026-08-27 09:00:00,185
114630958|12|7,7,114630958,12,2026-05-03,1,1363,13,15,4,1466.1719,1466.1719,-1075.8555,1.5503,-73.378541,97.7448,112.7825,1.1538,0,1,78,1842021,A168_HF9F_20260827_0900,2026-08-27 09:00:00,185
114630958|13|7,7,114630958,13,2026-05-03,1,1363,16,18,4,2107.7947,2107.7947,1958.2326,1.2478,92.904335,117.0997,131.7372,1.1250,0,1,120,1842022,A168_HF9F_20260827_0900,2026-08-27 09:00:00,185
114630958|14|7,7,114630958,14,2026-05-03,1,2267,5,5,2,144.1574,144.1574,-116.7976,0.3361,-81.020892,28.8315,28.8315,1.0000,0,1,10,1842023,A168_HF9F_20260827_0900,2026-08-27 09:00:00,185
114630958|15|7,7,114630958,15,2026-05-03,1,2267,6,8,4,346.5758,346.5758,234.2952,0.5041,67.602857,43.3220,57.7626,1.3333,0,1,15,1842024,A168_HF9F_20260827_0900,2026-08-27 09:00:00,185
114630958|16|7,7,114630958,16,2026-05-03,1,2267,11,14,5,2461.0051,19.8935,0.9879,0.1176,4.965973,175.7861,223.7277,1.2727,10,1,55,1842025,A168_HF9F_20260827_0900,2026-08-27 09:00:00,185
114630958|17|7,7,114630958,17,2026-05-03,1,2267,9,12,6,550.1264,550.1264,-190.9968,2.4619,-34.718715,45.8439,61.1252,1.3333,0,1,36,1842026,A168_HF9F_20260827_0900,2026-08-27 09:00:00,185
114630958|18|7,7,114630958,18,2026-05-03,1,2267,11,12,4,1271.1619,7.2898,-11.6158,0.0168,-159.344159,105.9302,115.5602,1.0909,10,1,55,1842027,A168_HF9F_20260827_0900,2026-08-27 09:00:00,185
114630958|19|7,7,114630958,19,2026-05-03,1,2267,11,20,7,803.4225,803.4225,683.3233,2.1678,85.051554,40.1711,73.0384,1.8182,0,1,55,1842028,A168_HF9F_20260827_0900,2026-08-27 09:00:00,185
114630958|20|7,7,114630958,20,2026-05-03,1,2267,11,13,5,786.2346,786.2346,-85.5417,0.1008,-10.879920,60.4796,71.4759,1.1818,0,1,55,1842029,A168_HF9F_20260827_0900,2026-08-27 09:00:00,185
114630958|21|7,7,114630958,21,2026-05-03,1,2267,10,12,3,660.1048,660.1048,-92.7328,0.5041,-14.048191,55.0087,66.0105,1.2000,0,1,45,1842030,A168_HF9F_20260827_0900,2026-08-27 09:00:00,185
114630958|22|7,7,114630958,22,2026-05-03,1,2267,6,7,3,646.8177,646.8177,-605.3046,0.3361,-93.581939,92.4025,107.8030,1.1667,0,1,15,1842031,A168_HF9F_20260827_0900,2026-08-27 09:00:00,185
114630958|23|7,7,114630958,23,2026-05-03,1,2267,6,9,3,484.5848,484.5848,484.5848,0.4369,100.000000,53.8428,80.7641,1.5000,0,1,15,1842032,A168_HF9F_20260827_0900,2026-08-27 09:00:00,185
114630958|24|7,7,114630958,24,2026-05-03,1,2267,5,5,3,438.5860,438.5860,291.7923,0.1680,66.530224,87.7172,87.7172,1.0000,0,1,10,1842033,A168_HF9F_20260827_0900,2026-08-27 09:00:00,185
114630958|25|7,7,114630958,25,2026-05-03,1,2267,5,7,4,675.0131,9.3904,-28.4208,0.0336,-302.658247,96.4304,135.0026,1.4000,5,1,10,1842034,A168_HF9F_20260827_0900,2026-08-27 09:00:00,185
114630958|26|7,7,114630958,26,2026-05-03,1,2267,5,7,4,590.7492,590.7492,-399.5332,0.5378,-67.631612,84.3927,118.1498,1.4000,0,1,10,1842035,A168_HF9F_20260827_0900,2026-08-27 09:00:00,185
114630958|27|7,7,114630958,27,2026-05-03,1,2267,7,9,3,646.3160,646.3160,-623.3340,1.8654,-96.444153,71.8129,92.3309,1.2857,0,1,21,1842036,A168_HF9F_20260827_0900,2026-08-27 09:00:00,185
114630958|28|7,7,114630958,28,2026-05-03,1,2267,7,9,4,592.2503,592.2503,-45.8365,1.2100,-7.739378,65.8056,84.6072,1.2857,0,1,21,1842037,A168_HF9F_20260827_0900,2026-08-27 09:00:00,185
114630958|29|7,7,114630958,29,2026-05-03,1,2267,7,9,4,516.8106,7.2898,-11.6158,0.0168,-159.344159,57.4234,73.8301,1.2857,7,1,21,1842038,A168_HF9F_20260827_0900,2026-08-27 09:00:00,185
114630958|3|7,7,114630958,3,2026-05-03,1,1363,3,3,1,282.3945,0.0000,0.0000,0.0000,,94.1315,94.1315,1.0000,3,1,3,1842039,A168_HF9F_20260827_0900,2026-08-27 09:00:00,185
114630958|30|7,7,114630958,30,2026-05-03,1,2267,7,10,4,585.2993,585.2993,224.0033,0.1512,38.271577,58.5299,83.6142,1.4286,0,1,21,1842040,A168_HF9F_20260827_0900,2026-08-27 09:00:00,185
114630958|31|7,7,114630958,31,2026-05-03,1,2267,5,5,3,433.2721,433.2721,328.2411,0.1680,75.758653,86.6544,86.6544,1.0000,0,1,10,1842041,A168_HF9F_20260827_0900,2026-08-27 09:00:00,185
114630958|32|7,7,114630958,32,2026-05-03,1,2267,10,17,7,462.9961,462.9961,228.9978,1.3108,49.459994,27.2351,46.2996,1.7000,0,1,45,1842042,A168_HF9F_20260827_0900,2026-08-27 09:00:00,185
114630958|33|7,7,114630958,33,2026-05-03,1,2267,5,7,4,156.2922,156.2922,-63.8984,0.7058,-40.883921,22.3275,31.2584,1.4000,0,1,10,1842043,A168_HF9F_20260827_0900,2026-08-27 09:00:00,185
114630958|34|7,7,114630958,34,2026-05-03,1,2267,3,4,2,181.5164,181.5164,181.5164,0.7394,100.000000,45.3791,60.5055,1.3333,0,1,3,1842044,A168_HF9F_20260827_0900,2026-08-27 09:00:00,185
114630958|35|7,7,114630958,35,2026-05-03,1,2267,3,3,1,57.2054,57.2054,-57.2054,0.0000,-100.000000,19.0685,19.0685,1.0000,0,1,3,1842045,A168_HF9F_20260827_0900,2026-08-27 09:00:00,185
114630958|36|7,7,114630958,36,2026-05-03,1,2267,4,6,2,200.4220,192.6382,-167.0107,1.3108,-86.696536,33.4037,50.1055,1.5000,0,1,6,1842046,A168_HF9F_20260827_0900,2026-08-27 09:00:00,185
114630958|37|7,7,114630958,37,2026-05-03,1,2267,9,11,3,1146.4618,1146.4618,102.3925,1.9494,8.931170,104.2238,127.3846,1.2222,0,1,36,1842047,A168_HF9F_20260827_0900,2026-08-27 09:00:00,185
114630958|38|7,7,114630958,38,2026-05-03,1,2267,9,11,3,959.3944,959.3944,938.6378,1.4116,97.836492,87.2177,106.5994,1.2222,0,1,36,1842048,A168_HF9F_20260827_0900,2026-08-27 09:00:00,185
114630958|39|7,7,114630958,39,2026-05-03,1,2267,5,6,3,77.0767,77.0767,-41.2316,0.1344,-53.494222,12.8461,15.4153,1.2000,0,1,10,1842049,A168_HF9F_20260827_0900,2026-08-27 09:00:00,185
114630958|4|7,7,114630958,4,2026-05-03,1,1363,2,2,1,326.1326,0.0000,0.0000,0.0000,,163.0663,163.0663,1.0000,2,1,1,1842050,A168_HF9F_20260827_0900,2026-08-27 09:00:00,185
114630958|40|7,7,114630958,40,2026-05-03,1,2267,4,5,3,181.5500,181.5500,-146.2139,0.2185,-80.536437,36.3100,45.3875,1.2500,0,1,6,1842051,A168_HF9F_20260827_0900,2026-08-27 09:00:00,185
114630958|41|7,7,114630958,41,2026-05-03,1,2267,4,5,2,84.3939,84.3939,-75.9915,0.4033,-90.043740,16.8788,21.0985,1.2500,0,1,6,1842052,A168_HF9F_20260827_0900,2026-08-27 09:00:00,185
114630958|42|7,7,114630958,42,2026-05-03,1,2267,6,7,3,175.2792,175.2792,91.2544,0.7394,52.062319,25.0399,29.2132,1.1667,0,1,15,1842053,A168_HF9F_20260827_0900,2026-08-27 09:00:00,185
114630958|43|7,7,114630958,43,2026-05-03,1,2267,6,6,2,179.0512,179.0512,-56.8941,0.0000,-31.775336,29.8419,29.8419,1.0000,0,1,15,1842054,A168_HF9F_20260827_0900,2026-08-27 09:00:00,185
114630958|44|7,7,114630958,44,2026-05-03,1,1646,8,9,3,248.5010,2.1006,-16.8050,0.0168,-800.000000,27.6112,31.0626,1.1250,8,1,28,1842055,A168_HF9F_20260827_0900,2026-08-27 09:00:00,185
114630958|45|7,7,114630958,45,2026-05-03,1,1646,8,9,3,759.6477,759.6477,486.5351,0.6386,64.047473,84.4053,94.9560,1.1250,0,1,28,1842056,A168_HF9F_20260827_0900,2026-08-27 09:00:00,185
114630958|46|7,7,114630958,46,2026-05-03,1,1646,3,3,2,76.2433,76.2433,51.6661,0.3361,67.764727,25.4144,25.4144,1.0000,0,1,3,1842057,A168_HF9F_20260827_0900,2026-08-27 09:00:00,185
114630958|47|7,7,114630958,47,2026-05-03,1,1646,8,9,3,491.2766,491.2766,409.0769,0.5882,83.268142,54.5863,61.4096,1.1250,0,1,28,1842058,A168_HF9F_20260827_0900,2026-08-27 09:00:00,185
114630958|48|7,7,114630958,48,2026-05-03,1,1646,8,9,3,380.8590,380.8590,-177.7229,0.3529,-46.663703,42.3177,47.6074,1.1250,0,1,28,1842059,A168_HF9F_20260827_0900,2026-08-27 09:00:00,185
114630958|49|7,7,114630958,49,2026-05-03,1,1646,4,6,3,88.1012,88.1012,63.2484,0.4873,71.790644,14.6835,22.0253,1.5000,0,1,6,1842060,A168_HF9F_20260827_0900,2026-08-27 09:00:00,185
114630958|5|7,7,114630958,5,2026-05-03,1,1363,1,1,1,280.0000,280.0000,-280.0000,0.0000,-100.000000,280.0000,280.0000,1.0000,0,0,0,1842061,A168_HF9F_20260827_0900,2026-08-27 09:00:00,185
114630958|50|7,7,114630958,50,2026-05-03,1,1646,4,5,3,84.9503,4.2012,-33.6099,0.0336,-800.000000,16.9901,21.2376,1.2500,4,1,6,1842062,A168_HF9F_20260827_0900,2026-08-27 09:00:00,185
114630958|51|7,7,114630958,51,2026-05-03,1,1646,6,9,3,148.3380,148.3380,-70.8091,0.4873,-47.734982,16.4820,24.7230,1.5000,0,1,15,1842063,A168_HF9F_20260827_0900,2026-08-27 09:00:00,185
114630958|6|7,7,114630958,6,2026-05-03,1,1363,3,3,2,348.1450,348.1450,-162.7791,0.3361,-46.756125,116.0483,116.0483,1.0000,0,1,3,1842064,A168_HF9F_20260827_0900,2026-08-27 09:00:00,185
114630958|7|7,7,114630958,7,2026-05-03,1,1363,6,9,4,761.6846,761.6846,-730.1235,0.5210,-95.856419,84.6316,126.9474,1.5000,0,1,15,1842065,A168_HF9F_20260827_0900,2026-08-27 09:00:00,185
114630958|8|7,7,114630958,8,2026-05-03,1,1363,10,12,4,2125.2155,2125.2155,1859.1783,0.4873,87.481872,177.1013,212.5215,1.2000,0,1,45,1842066,A168_HF9F_20260827_0900,2026-08-27 09:00:00,185
114630958|9|7,7,114630958,9,2026-05-03,1,1363,6,6,2,380.0777,380.0777,317.0591,0.0000,83.419551,63.3463,63.3463,1.0000,0,1,15,1842067,A168_HF9F_20260827_0900,2026-08-27 09:00:00,185
114630995|10|7,7,114630995,10,2026-05-03,1,1646,5,6,3,501.5680,501.5680,-98.4320,0.3781,-19.624849,83.5947,100.3136,1.2000,0,1,10,1842068,A168_HF9F_20260827_0900,2026-08-27 09:00:00,185
114630995|11|7,7,114630995,11,2026-05-03,1,1646,6,7,3,1000.6161,1000.6161,-466.5169,0.0000,-46.622960,142.9452,166.7694,1.1667,0,1,15,1842069,A168_HF9F_20260827_0900,2026-08-27 09:00:00,185
114630995|12|7,7,114630995,12,2026-05-03,1,1646,4,6,4,458.1803,458.1803,-347.3780,0.0000,-75.816878,76.3634,114.5451,1.5000,0,1,6,1842070,A168_HF9F_20260827_0900,2026-08-27 09:00:00,185
114630995|13|7,7,114630995,13,2026-05-03,1,1646,10,18,6,1759.1066,130.3699,-360.5033,0.0000,-276.523313,97.7281,175.9107,1.8000,10,1,45,1842071,A168_HF9F_20260827_0900,2026-08-27 09:00:00,185
114630995|14|7,7,114630995,14,2026-05-03,1,1646,12,14,5,597.1646,597.1646,246.5070,0.0000,41.279571,42.6546,49.7637,1.1667,0,1,66,1842072,A168_HF9F_20260827_0900,2026-08-27 09:00:00,185
114630995|15|7,7,114630995,15,2026-05-03,1,1646,11,16,6,841.5258,841.5258,-351.6826,0.1776,-41.791070,52.5954,76.5023,1.4545,0,1,55,1842073,A168_HF9F_20260827_0900,2026-08-27 09:00:00,185
114630995|16|7,7,114630995,16,2026-05-03,1,1646,10,11,4,729.4902,729.4902,410.7847,0.3716,56.311203,66.3173,72.9490,1.1000,0,1,45,1842074,A168_HF9F_20260827_0900,2026-08-27 09:00:00,185
114630995|17|7,7,114630995,17,2026-05-03,1,1646,8,11,4,719.1577,28.4025,-9.4087,0.0672,-33.126248,65.3780,89.8947,1.3750,8,1,28,1842075,A168_HF9F_20260827_0900,2026-08-27 09:00:00,185
114630995|18|7,7,114630995,18,2026-05-03,1,1646,7,9,4,633.2295,633.2295,438.2295,0.3193,69.205479,70.3588,90.4614,1.2857,0,1,21,1842076,A168_HF9F_20260827_0900,2026-08-27 09:00:00,185
114630995|19|7,7,114630995,19,2026-05-03,1,1646,5,6,3,612.4403,612.4403,433.0161,0.3361,70.703401,102.0734,122.4881,1.2000,0,1,10,1842077,A168_HF9F_20260827_0900,2026-08-27 09:00:00,185
114630995|20|7,7,114630995,20,2026-05-03,1,1363,2,2,1,62.9729,62.9729,-59.8242,0.0000,-95.000000,31.4864,31.4864,1.0000,0,1,1,1842078,A168_HF9F_20260827_0900,2026-08-27 09:00:00,185
114630995|21|7,7,114630995,21,2026-05-03,1,1363,7,8,3,1757.2309,1757.2309,-1471.6486,0.2857,-83.748166,219.6539,251.0330,1.1429,0,1,21,1842079,A168_HF9F_20260827_0900,2026-08-27 09:00:00,185
114630995|22|7,7,114630995,22,2026-05-03,1,1363,9,10,3,2518.9692,2518.9692,184.5628,0.2017,7.326919,251.8969,279.8855,1.1111,0,1,36,1842080,A168_HF9F_20260827_0900,2026-08-27 09:00:00,185
114630995|23|7,7,114630995,23,2026-05-03,1,1363,7,9,4,675.4220,9.7759,-40.3963,0.0336,-413.222107,75.0469,96.4889,1.2857,7,1,21,1842081,A168_HF9F_20260827_0900,2026-08-27 09:00:00,185
114630995|24|7,7,114630995,24,2026-05-03,1,1363,6,7,3,232.3940,232.3940,22.3320,0.3697,9.609559,33.1991,38.7323,1.1667,0,1,15,1842082,A168_HF9F_20260827_0900,2026-08-27 09:00:00,185
114630995|25|7,7,114630995,25,2026-05-03,1,1363,5,7,2,268.6394,268.6394,268.6394,0.4537,100.000000,38.3771,53.7279,1.4000,0,1,10,1842083,A168_HF9F_20260827_0900,2026-08-27 09:00:00,185
114630995|26|7,7,114630995,26,2026-05-03,1,1363,3,4,2,281.9242,8.4025,-67.2198,0.0672,-800.000000,70.4810,93.9747,1.3333,3,1,3,1842084,A168_HF9F_20260827_0900,2026-08-27 09:00:00,185
114630995|27|7,7,114630995,27,2026-05-03,1,1363,4,4,2,299.4785,299.4785,-273.6339,0.3361,-91.370138,74.8696,74.8696,1.0000,0,1,6,1842085,A168_HF9F_20260827_0900,2026-08-27 09:00:00,185
114630995|28|7,7,114630995,28,2026-05-03,1,1363,4,4,2,310.3351,310.3351,-126.3103,0.3361,-40.701263,77.5838,77.5838,1.0000,0,1,6,1842086,A168_HF9F_20260827_0900,2026-08-27 09:00:00,185
114630995|29|7,7,114630995,29,2026-05-03,1,1363,5,7,3,2811.3988,2811.3988,-2442.0567,0.5882,-86.862691,401.6284,562.2798,1.4000,0,1,10,1842087,A168_HF9F_20260827_0900,2026-08-27 09:00:00,185
114630995|3|7,7,114630995,3,2026-05-03,1,1646,2,3,3,340.6302,340.6302,-299.3698,0.0000,-87.887048,113.5434,170.3151,1.5000,0,1,1,1842088,A168_HF9F_20260827_0900,2026-08-27 09:00:00,185
114630995|30|7,7,114630995,30,2026-05-03,1,1363,8,10,4,1132.4552,1132.4552,-955.6027,0.3865,-84.383271,113.2455,141.5569,1.2500,0,1,28,1842089,A168_HF9F_20260827_0900,2026-08-27 09:00:00,185
114630995|31|7,7,114630995,31,2026-05-03,1,1363,4,5,3,309.5029,309.5029,-199.5324,0.3361,-64.468671,61.9006,77.3757,1.2500,0,1,6,1842090,A168_HF9F_20260827_0900,2026-08-27 09:00:00,185
114630995|32|7,7,114630995,32,2026-05-03,1,1363,7,9,4,423.4424,423.4424,341.5183,0.3647,80.652821,47.0492,60.4918,1.2857,0,1,21,1842091,A168_HF9F_20260827_0900,2026-08-27 09:00:00,185
114630995|33|7,7,114630995,33,2026-05-03,1,1363,1,1,1,103.7829,103.7829,-103.7829,0.0000,-100.000000,103.7829,103.7829,1.0000,0,0,0,1842092,A168_HF9F_20260827_0900,2026-08-27 09:00:00,185
114630995|34|7,7,114630995,34,2026-05-03,1,1363,5,5,2,208.8824,208.8824,-186.9689,0.0000,-89.509167,41.7765,41.7765,1.0000,0,1,10,1842093,A168_HF9F_20260827_0900,2026-08-27 09:00:00,185
114630995|35|7,7,114630995,35,2026-05-03,1,1363,7,7,2,844.5879,844.5879,-749.8438,0.0000,-88.782211,120.6554,120.6554,1.0000,0,1,21,1842094,A168_HF9F_20260827_0900,2026-08-27 09:00:00,185
114630995|36|7,7,114630995,36,2026-05-03,1,1363,5,6,3,370.8913,370.8913,-276.4555,0.0000,-74.538146,61.8152,74.1783,1.2000,0,1,10,1842095,A168_HF9F_20260827_0900,2026-08-27 09:00:00,185
114630995|37|7,7,114630995,37,2026-05-03,1,1363,4,4,2,386.0330,386.0330,219.0338,0.0000,56.739654,96.5082,96.5082,1.0000,0,1,6,1842096,A168_HF9F_20260827_0900,2026-08-27 09:00:00,185
114630995|38|7,7,114630995,38,2026-05-03,1,1363,2,2,1,60.1744,60.1744,60.1744,0.0000,100.000000,30.0872,30.0872,1.0000,0,1,1,1842097,A168_HF9F_20260827_0900,2026-08-27 09:00:00,185
114630995|39|7,7,114630995,39,2026-05-03,1,1363,1,1,1,44.1130,44.1130,-44.1130,0.0000,-100.000000,44.1130,44.1130,1.0000,0,0,0,1842098,A168_HF9F_20260827_0900,2026-08-27 09:00:00,185
114630995|4|7,7,114630995,4,2026-05-03,1,1646,3,3,2,390.2101,390.2101,389.7899,0.0000,99.892334,130.0700,130.0700,1.0000,0,1,3,1842099,A168_HF9F_20260827_0900,2026-08-27 09:00:00,185
114630995|40|7,7,114630995,40,2026-05-03,1,1363,1,1,1,21.0062,21.0062,21.0062,0.0000,100.000000,21.0062,21.0062,1.0000,0,0,0,1842100,A168_HF9F_20260827_0900,2026-08-27 09:00:00,185
114630995|41|7,7,114630995,41,2026-05-03,1,1363,2,2,1,44.1130,0.0000,0.0000,0.0000,,22.0565,22.0565,1.0000,2,1,1,1842101,A168_HF9F_20260827_0900,2026-08-27 09:00:00,185
114630995|42|7,7,114630995,42,2026-05-03,1,1363,4,4,2,58.9886,58.9886,54.8923,0.0000,93.055926,14.7471,14.7471,1.0000,0,1,6,1842102,A168_HF9F_20260827_0900,2026-08-27 09:00:00,185
114630995|43|7,7,114630995,43,2026-05-03,1,1363,3,3,2,2627.1318,2627.1318,2625.0837,0.0000,99.922040,875.7106,875.7106,1.0000,0,1,3,1842103,A168_HF9F_20260827_0900,2026-08-27 09:00:00,185
114630995|44|7,7,114630995,44,2026-05-03,1,1363,3,3,2,52.5155,52.5155,52.5155,0.0672,100.000000,17.5052,17.5052,1.0000,0,1,3,1842104,A168_HF9F_20260827_0900,2026-08-27 09:00:00,185
114630995|45|7,7,114630995,45,2026-05-03,1,1363,2,3,2,54.6161,54.6161,54.6161,0.0000,100.000000,18.2054,27.3081,1.5000,0,1,1,1842105,A168_HF9F_20260827_0900,2026-08-27 09:00:00,185
114630995|46|7,7,114630995,46,2026-05-03,1,1363,3,3,1,905.4646,905.4646,905.4646,0.0000,100.000000,301.8215,301.8215,1.0000,0,1,3,1842106,A168_HF9F_20260827_0900,2026-08-27 09:00:00,185
114630995|47|7,7,114630995,47,2026-05-03,1,1363,2,2,2,44.1130,44.1130,39.9118,0.0000,90.476190,22.0565,22.0565,1.0000,0,1,1,1842107,A168_HF9F_20260827_0900,2026-08-27 09:00:00,185
114630995|48|7,7,114630995,48,2026-05-03,1,1363,3,3,1,903.9112,903.9112,903.9112,0.0000,100.000000,301.3037,301.3037,1.0000,0,1,3,1842108,A168_HF9F_20260827_0900,2026-08-27 09:00:00,185
114630995|49|7,7,114630995,49,2026-05-03,1,1363,1,1,1,42.0124,42.0124,42.0124,0.0000,100.000000,42.0124,42.0124,1.0000,0,0,0,1842109,A168_HF9F_20260827_0900,2026-08-27 09:00:00,185
114630995|5|7,7,114630995,5,2026-05-03,1,1646,2,3,2,510.0000,510.0000,-445.5000,0.0000,-87.352941,170.0000,255.0000,1.5000,0,1,1,1842110,A168_HF9F_20260827_0900,2026-08-27 09:00:00,185
114630995|50|7,7,114630995,50,2026-05-03,1,1363,3,3,2,101.9483,101.9483,-85.9802,0.0000,-84.337089,33.9828,33.9828,1.0000,0,1,3,1842111,A168_HF9F_20260827_0900,2026-08-27 09:00:00,185
114630995|51|7,7,114630995,51,2026-05-03,1,1363,2,2,1,27.8020,0.0000,0.0000,0.0000,,13.9010,13.9010,1.0000,2,1,1,1842112,A168_HF9F_20260827_0900,2026-08-27 09:00:00,185
114630995|6|7,7,114630995,6,2026-05-03,1,1646,7,8,3,1094.6892,1094.6892,373.1892,0.0000,34.090884,136.8362,156.3842,1.1429,0,1,21,1842113,A168_HF9F_20260827_0900,2026-08-27 09:00:00,185
114630995|7|7,7,114630995,7,2026-05-03,1,1646,3,6,5,420.9457,420.9457,-230.9457,0.0000,-54.863538,70.1576,140.3152,2.0000,0,1,3,1842114,A168_HF9F_20260827_0900,2026-08-27 09:00:00,185
114630995|8|7,7,114630995,8,2026-05-03,1,1646,3,3,1,140.2101,140.2101,-133.1996,0.0000,-95.000000,46.7367,46.7367,1.0000,0,1,3,1842115,A168_HF9F_20260827_0900,2026-08-27 09:00:00,185
114630995|9|7,7,114630995,9,2026-05-03,1,1646,6,9,4,940.0115,940.0115,-1109.9390,0.3781,-118.077176,104.4457,156.6686,1.5000,0,1,15,1842116,A168_HF9F_20260827_0900,2026-08-27 09:00:00,185
114631020|1|7,7,114631020,1,2026-05-03,1,2267,1,1,1,21.0062,21.0062,21.0062,0.0000,100.000000,21.0062,21.0062,1.0000,0,0,0,1842117,A168_HF9F_20260827_0900,2026-08-27 09:00:00,185
114631020|10|7,7,114631020,10,2026-05-03,1,2267,4,7,5,63.2096,63.2096,3.2614,0.0000,5.159644,9.0299,15.8024,1.7500,0,1,6,1842118,A168_HF9F_20260827_0900,2026-08-27 09:00:00,185
114631020|11|7,7,114631020,11,2026-05-03,1,2267,9,9,2,418.3841,418.3841,195.7806,0.0672,46.794467,46.4871,46.4871,1.0000,0,1,36,1842119,A168_HF9F_20260827_0900,2026-08-27 09:00:00,185
114631020|12|7,7,114631020,12,2026-05-03,1,2267,13,16,4,2723.1918,7.7837,7.7837,0.0000,100.000000,170.1995,209.4763,1.2308,14,1,78,1842120,A168_HF9F_20260827_0900,2026-08-27 09:00:00,185
114631020|13|7,7,114631020,13,2026-05-03,1,2267,21,26,7,1659.5460,1659.5460,-984.8100,0.4033,-59.342134,63.8287,79.0260,1.2381,0,1,210,1842121,A168_HF9F_20260827_0900,2026-08-27 09:00:00,185
114631020|14|7,7,114631020,14,2026-05-03,1,2267,22,26,6,2604.3227,2604.3227,-846.9407,8.3802,-32.520573,100.1663,118.3783,1.1818,0,1,231,1842122,A168_HF9F_20260827_0900,2026-08-27 09:00:00,185
114631020|15|7,7,114631020,15,2026-05-03,1,2267,23,29,7,4560.7931,4560.7931,2270.0768,8.0853,49.773729,157.2687,198.2954,1.2609,0,1,253,1842123,A168_HF9F_20260827_0900,2026-08-27 09:00:00,185
114631020|16|7,7,114631020,16,2026-05-03,1,2267,10,12,4,1042.2621,1042.2621,1022.5162,6.1968,98.105484,86.8552,104.2262,1.2000,0,1,45,1842124,A168_HF9F_20260827_0900,2026-08-27 09:00:00,185
114631020|17|7,7,114631020,17,2026-05-03,1,2267,8,8,2,841.2370,841.2370,127.0263,4.6844,15.099939,105.1546,105.1546,1.0000,0,1,28,1842125,A168_HF9F_20260827_0900,2026-08-27 09:00:00,185
114631020|18|7,7,114631020,18,2026-05-03,1,2267,8,8,2,672.0366,672.0366,-392.9776,4.7978,-58.475632,84.0046,84.0046,1.0000,0,1,28,1842126,A168_HF9F_20260827_0900,2026-08-27 09:00:00,185
114631020|19|7,7,114631020,19,2026-05-03,1,2267,9,9,2,1802.2648,1802.2648,1071.4109,5.8607,59.448029,200.2516,200.2516,1.0000,0,1,36,1842127,A168_HF9F_20260827_0900,2026-08-27 09:00:00,185
114631020|2|7,7,114631020,2,2026-05-03,1,2267,2,3,3,103.7829,103.7829,53.1887,0.0000,51.250000,34.5943,51.8914,1.5000,0,1,1,1842128,A168_HF9F_20260827_0900,2026-08-27 09:00:00,185
114631020|20|7,7,114631020,20,2026-05-03,1,2267,9,9,2,1657.5421,1657.5421,661.1095,4.9407,39.884929,184.1713,184.1713,1.0000,0,1,36,1842129,A168_HF9F_20260827_0900,2026-08-27 09:00:00,185
114631020|21|7,7,114631020,21,2026-05-03,1,2267,9,9,2,624.6446,624.6446,-11.2636,4.0752,-1.803206,69.4050,69.4050,1.0000,0,1,36,1842130,A168_HF9F_20260827_0900,2026-08-27 09:00:00,185
114631020|22|7,7,114631020,22,2026-05-03,1,2267,12,13,3,1557.4694,1557.4694,-912.1597,4.1592,-58.566782,119.8053,129.7891,1.0833,0,1,66,1842131,A168_HF9F_20260827_0900,2026-08-27 09:00:00,185
114631020|23|7,7,114631020,23,2026-05-03,1,2267,16,18,4,2851.0995,2851.0995,-2773.3818,2.3947,-97.274117,158.3944,178.1937,1.1250,0,1,120,1842132,A168_HF9F_20260827_0900,2026-08-27 09:00:00,185
114631020|24|7,7,114631020,24,2026-05-03,1,2267,14,15,3,8509.9057,8509.9057,-7938.2481,2.8989,-93.282446,567.3270,607.8504,1.0714,0,1,91,1842133,A168_HF9F_20260827_0900,2026-08-27 09:00:00,185
114631020|25|7,7,114631020,25,2026-05-03,1,2267,26,33,7,3182.7000,3182.7000,2667.5903,2.6132,83.815322,96.4455,122.4115,1.2692,0,1,325,1842134,A168_HF9F_20260827_0900,2026-08-27 09:00:00,185
114631020|26|7,7,114631020,26,2026-05-03,1,2267,13,14,3,639.3263,639.3263,414.6256,2.1762,64.853521,45.6662,49.1789,1.0769,0,1,78,1842135,A168_HF9F_20260827_0900,2026-08-27 09:00:00,185
114631020|27|7,7,114631020,27,2026-05-03,1,1646,10,10,2,555.1258,0.0000,0.0000,0.0000,,55.5126,55.5126,1.0000,10,1,45,1842136,A168_HF9F_20260827_0900,2026-08-27 09:00:00,185
114631020|28|7,7,114631020,28,2026-05-03,1,1646,10,10,2,352.8856,0.0000,0.0000,0.0000,,35.2886,35.2886,1.0000,10,1,45,1842137,A168_HF9F_20260827_0900,2026-08-27 09:00:00,185
114631020|29|7,7,114631020,29,2026-05-03,1,1646,9,11,4,489.4474,489.4474,283.5399,2.9988,57.930617,44.4952,54.3830,1.2222,0,1,36,1842138,A168_HF9F_20260827_0900,2026-08-27 09:00:00,185
114631020|3|7,7,114631020,3,2026-05-03,1,2267,3,8,6,238.6098,238.6098,238.6098,0.0000,100.000000,29.8262,79.5366,2.6667,0,1,3,1842139,A168_HF9F_20260827_0900,2026-08-27 09:00:00,185
114631020|30|7,7,114631020,30,2026-05-03,1,1646,12,15,5,372.5298,372.5298,224.4438,2.0922,60.248552,24.8353,31.0441,1.2500,0,1,66,1842140,A168_HF9F_20260827_0900,2026-08-27 09:00:00,185
114631020|31|7,7,114631020,31,2026-05-03,1,1646,3,4,3,53.7983,53.7983,-8.4714,0.0000,-15.746564,13.4496,17.9328,1.3333,0,1,3,1842141,A168_HF9F_20260827_0900,2026-08-27 09:00:00,185
114631020|32|7,7,114631020,32,2026-05-03,1,1646,10,15,6,240.5690,13.2269,-25.7476,0.0168,-194.660086,16.0379,24.0569,1.5000,9,1,45,1842142,A168_HF9F_20260827_0900,2026-08-27 09:00:00,185
114631020|33|7,7,114631020,33,2026-05-03,1,1646,5,6,3,105.8199,105.8199,-33.6605,0.1849,-31.809265,17.6366,21.1640,1.2000,0,1,10,1842143,A168_HF9F_20260827_0900,2026-08-27 09:00:00,185
114631020|34|7,7,114631020,34,2026-05-03,1,1646,5,7,4,122.3130,122.3130,-6.0819,0.1832,-4.972426,17.4733,24.4626,1.4000,0,1,10,1842144,A168_HF9F_20260827_0900,2026-08-27 09:00:00,185
114631020|35|7,7,114631020,35,2026-05-03,1,1646,9,9,2,392.3305,0.0000,0.0000,0.0000,,43.5923,43.5923,1.0000,9,1,36,1842145,A168_HF9F_20260827_0900,2026-08-27 09:00:00,185
114631020|36|7,7,114631020,36,2026-05-03,1,1646,6,8,4,168.8715,168.8715,-0.6802,0.0336,-0.402768,21.1089,28.1453,1.3333,0,1,15,1842146,A168_HF9F_20260827_0900,2026-08-27 09:00:00,185
114631020|37|7,7,114631020,37,2026-05-03,1,1646,6,6,1,120.0962,0.0000,0.0000,0.0000,,20.0160,20.0160,1.0000,6,1,15,1842147,A168_HF9F_20260827_0900,2026-08-27 09:00:00,185
114631020|38|7,7,114631020,38,2026-05-03,1,1646,8,9,3,490.6173,10.5031,-84.0248,0.0840,-800.000000,54.5130,61.3272,1.1250,8,1,28,1842148,A168_HF9F_20260827_0900,2026-08-27 09:00:00,185
114631020|39|7,7,114631020,39,2026-05-03,1,1646,6,9,5,399.8284,399.8284,226.4372,1.9326,56.633589,44.4254,66.6381,1.5000,0,1,15,1842149,A168_HF9F_20260827_0900,2026-08-27 09:00:00,185
114631020|4|7,7,114631020,4,2026-05-03,1,2267,2,7,7,160.4699,160.4699,160.4699,0.0000,100.000000,22.9243,80.2349,3.5000,0,1,1,1842150,A168_HF9F_20260827_0900,2026-08-27 09:00:00,185
114631020|40|7,7,114631020,40,2026-05-03,1,1646,8,8,2,172.0085,172.0085,9.9157,0.0000,5.764659,21.5011,21.5011,1.0000,0,1,28,1842151,A168_HF9F_20260827_0900,2026-08-27 09:00:00,185
114631020|41|7,7,114631020,41,2026-05-03,1,1646,4,4,2,199.8547,199.8547,88.3608,0.0000,44.212511,49.9637,49.9637,1.0000,0,1,6,1842152,A168_HF9F_20260827_0900,2026-08-27 09:00:00,185
114631020|42|7,7,114631020,42,2026-05-03,1,1646,4,4,2,218.3297,218.3297,106.8358,0.0000,48.933245,54.5824,54.5824,1.0000,0,1,6,1842153,A168_HF9F_20260827_0900,2026-08-27 09:00:00,185
114631020|43|7,7,114631020,43,2026-05-03,1,1646,3,3,2,94.6655,94.6655,18.7743,0.0000,19.832244,31.5552,31.5552,1.0000,0,1,3,1842154,A168_HF9F_20260827_0900,2026-08-27 09:00:00,185
114631020|44|7,7,114631020,44,2026-05-03,1,1646,4,5,3,205.9603,205.9603,43.8898,0.0000,21.309815,41.1921,51.4901,1.2500,0,1,6,1842155,A168_HF9F_20260827_0900,2026-08-27 09:00:00,185
114631020|45|7,7,114631020,45,2026-05-03,1,1646,5,5,2,161.5198,161.5198,41.1064,0.0000,25.449763,32.3040,32.3040,1.0000,0,1,10,1842156,A168_HF9F_20260827_0900,2026-08-27 09:00:00,185
114631020|46|7,7,114631020,46,2026-05-03,1,1646,4,4,2,200.6783,200.6783,84.7246,0.0000,42.219132,50.1696,50.1696,1.0000,0,1,6,1842157,A168_HF9F_20260827_0900,2026-08-27 09:00:00,185
114631020|47|7,7,114631020,47,2026-05-03,1,1646,3,3,1,49.6068,49.6068,-49.6068,0.1344,-100.000000,16.5356,16.5356,1.0000,0,1,3,1842158,A168_HF9F_20260827_0900,2026-08-27 09:00:00,185
114631020|48|7,7,114631020,48,2026-05-03,1,1646,8,8,2,1771.9615,1771.9615,-84.0498,0.0168,-4.743321,221.4952,221.4952,1.0000,0,1,28,1842159,A168_HF9F_20260827_0900,2026-08-27 09:00:00,185
114631020|49|7,7,114631020,49,2026-05-03,1,1646,10,11,3,1088.5014,1088.5014,-877.5825,0.0336,-80.623002,98.9547,108.8501,1.1000,0,1,45,1842160,A168_HF9F_20260827_0900,2026-08-27 09:00:00,185
114631020|5|7,7,114631020,5,2026-05-03,1,2267,2,5,5,75.2426,75.2426,75.2426,0.0000,100.000000,15.0485,37.6213,2.5000,0,1,1,1842161,A168_HF9F_20260827_0900,2026-08-27 09:00:00,185
114631020|6|7,7,114631020,6,2026-05-03,1,2267,2,4,4,167.3127,167.3127,-118.4717,0.0000,-70.808569,41.8282,83.6563,2.0000,0,1,1,1842162,A168_HF9F_20260827_0900,2026-08-27 09:00:00,185
114631020|7|7,7,114631020,7,2026-05-03,1,2267,2,4,4,162.1235,162.1235,162.1235,0.0000,100.000000,40.5309,81.0618,2.0000,0,1,1,1842163,A168_HF9F_20260827_0900,2026-08-27 09:00:00,185
114631020|8|7,7,114631020,8,2026-05-03,1,2267,4,5,3,194.1112,194.1112,194.1112,0.0000,100.000000,38.8222,48.5278,1.2500,0,1,6,1842164,A168_HF9F_20260827_0900,2026-08-27 09:00:00,185
114631020|9|7,7,114631020,9,2026-05-03,1,2267,4,7,5,51.3975,51.3975,-9.8843,0.0000,-19.231165,7.3425,12.8494,1.7500,0,1,6,1842165,A168_HF9F_20260827_0900,2026-08-27 09:00:00,185
114631043|10|7,7,114631043,10,2026-05-03,1,1363,5,7,4,484.4207,484.4207,332.6382,0.0000,68.667220,69.2030,96.8841,1.4000,0,1,10,1842166,A168_HF9F_20260827_0900,2026-08-27 09:00:00,185
114631043|11|7,7,114631043,11,2026-05-03,1,1363,4,4,3,267.3253,267.3253,56.3987,0.0000,21.097391,66.8313,66.8313,1.0000,0,1,6,1842167,A168_HF9F_20260827_0900,2026-08-27 09:00:00,185
114631043|12|7,7,114631043,12,2026-05-03,1,1363,5,5,3,455.1580,455.1580,377.1580,0.0000,82.863093,91.0316,91.0316,1.0000,0,1,10,1842168,A168_HF9F_20260827_0900,2026-08-27 09:00:00,185
114631043|13|7,7,114631043,13,2026-05-03,1,1363,3,4,3,171.4798,171.4798,59.5884,0.0000,34.749492,42.8700,57.1599,1.3333,0,1,3,1842169,A168_HF9F_20260827_0900,2026-08-27 09:00:00,185
114631043|14|7,7,114631043,14,2026-05-03,1,1363,3,3,2,58.5403,0.0000,0.0000,0.0000,,19.5134,19.5134,1.0000,3,1,3,1842170,A168_HF9F_20260827_0900,2026-08-27 09:00:00,185
114631043|15|7,7,114631043,15,2026-05-03,1,1363,4,4,2,395.9949,395.9949,-295.2445,0.0000,-74.557652,98.9987,98.9987,1.0000,0,1,6,1842171,A168_HF9F_20260827_0900,2026-08-27 09:00:00,185
114631043|16|7,7,114631043,16,2026-05-03,1,1363,2,2,2,55.9457,55.9457,-4.0543,0.0000,-7.246807,27.9729,27.9729,1.0000,0,1,1,1842172,A168_HF9F_20260827_0900,2026-08-27 09:00:00,185
114631043|17|7,7,114631043,17,2026-05-03,1,1363,5,5,2,150.1744,150.1744,-135.0468,0.0000,-89.926678,30.0349,30.0349,1.0000,0,1,10,1842173,A168_HF9F_20260827_0900,2026-08-27 09:00:00,185
114631043|18|7,7,114631043,18,2026-05-03,1,1363,11,11,2,408.9247,408.9247,272.2780,0.0000,66.583897,37.1750,37.1750,1.0000,0,1,55,1842174,A168_HF9F_20260827_0900,2026-08-27 09:00:00,185
114631043|19|7,7,114631043,19,2026-05-03,1,1363,5,5,2,290.1484,290.1484,79.7701,0.0000,27.492876,58.0297,58.0297,1.0000,0,1,10,1842175,A168_HF9F_20260827_0900,2026-08-27 09:00:00,185
114631043|20|7,7,114631043,20,2026-05-03,1,1363,6,6,2,653.8707,653.8707,612.3576,0.0000,93.651168,108.9785,108.9785,1.0000,0,1,15,1842176,A168_HF9F_20260827_0900,2026-08-27 09:00:00,185
114631043|21|7,7,114631043,21,2026-05-03,1,1363,2,2,2,38.9186,0.0000,0.0000,0.0000,,19.4593,19.4593,1.0000,2,1,1,1842177,A168_HF9F_20260827_0900,2026-08-27 09:00:00,185
114631043|22|7,7,114631043,22,2026-05-03,1,1363,4,4,2,60.3555,60.3555,-32.0407,0.0000,-53.086547,15.0889,15.0889,1.0000,0,1,6,1842178,A168_HF9F_20260827_0900,2026-08-27 09:00:00,185
114631043|23|7,7,114631043,23,2026-05-03,1,1363,3,3,2,60.1454,60.1454,34.1997,0.0000,56.861704,20.0485,20.0485,1.0000,0,1,3,1842179,A168_HF9F_20260827_0900,2026-08-27 09:00:00,185
114631043|24|7,7,114631043,24,2026-05-03,1,1363,7,7,2,175.2504,172.6558,-37.6674,0.0000,-21.816448,25.0358,25.0358,1.0000,0,1,21,1842180,A168_HF9F_20260827_0900,2026-08-27 09:00:00,185
114631043|25|7,7,114631043,25,2026-05-03,1,1363,4,4,2,87.9787,87.9787,47.9650,0.0000,54.518907,21.9947,21.9947,1.0000,0,1,6,1842181,A168_HF9F_20260827_0900,2026-08-27 09:00:00,185
114631043|26|7,7,114631043,26,2026-05-03,1,1363,9,9,1,378.0394,378.0394,378.0394,0.0000,100.000000,42.0044,42.0044,1.0000,0,1,36,1842182,A168_HF9F_20260827_0900,2026-08-27 09:00:00,185
114631043|27|7,7,114631043,27,2026-05-03,1,1363,14,14,2,2940.7590,2940.7590,1110.6876,0.0000,37.768739,210.0542,210.0542,1.0000,0,1,91,1842183,A168_HF9F_20260827_0900,2026-08-27 09:00:00,185
114631043|28|7,7,114631043,28,2026-05-03,1,1363,15,15,2,1647.9881,1647.9881,-673.8925,0.1680,-40.891831,109.8659,109.8659,1.0000,0,1,105,1842184,A168_HF9F_20260827_0900,2026-08-27 09:00:00,185
114631043|29|7,7,114631043,29,2026-05-03,1,1363,18,18,2,2007.0529,2007.0529,466.9472,1.7141,23.265315,111.5029,111.5029,1.0000,0,1,153,1842185,A168_HF9F_20260827_0900,2026-08-27 09:00:00,185
114631043|30|7,7,114631043,30,2026-05-03,1,1363,13,15,4,1640.5279,1640.5279,189.7155,0.0000,11.564296,109.3685,126.1945,1.1538,0,1,78,1842186,A168_HF9F_20260827_0900,2026-08-27 09:00:00,185
114631043|31|7,7,114631043,31,2026-05-03,1,1363,15,19,6,2151.0770,2151.0770,842.0511,0.0000,39.145559,113.2146,143.4051,1.2667,0,1,105,1842187,A168_HF9F_20260827_0900,2026-08-27 09:00:00,185
114631043|32|7,7,114631043,32,2026-05-03,1,1363,11,13,4,812.5863,812.5863,-27.2888,0.0000,-3.358260,62.5066,73.8715,1.1818,0,1,55,1842188,A168_HF9F_20260827_0900,2026-08-27 09:00:00,185
114631043|33|7,7,114631043,33,2026-05-03,1,1363,10,11,2,1366.6792,1086.6792,130.1257,0.0000,11.974622,124.2436,136.6679,1.1000,1,1,45,1842189,A168_HF9F_20260827_0900,2026-08-27 09:00:00,185
114631043|34|7,7,114631043,34,2026-05-03,1,1363,13,13,2,2263.7024,2263.7024,367.3892,0.0000,16.229573,174.1310,174.1310,1.0000,0,1,78,1842190,A168_HF9F_20260827_0900,2026-08-27 09:00:00,185
114631043|35|7,7,114631043,35,2026-05-03,1,1363,13,18,6,1714.7598,1714.7598,-571.7361,0.0000,-33.342050,95.2644,131.9046,1.3846,0,1,78,1842191,A168_HF9F_20260827_0900,2026-08-27 09:00:00,185
114631043|36|7,7,114631043,36,2026-05-03,1,1363,16,21,5,2705.3337,2705.3337,2520.7815,0.0000,93.178212,128.8254,169.0834,1.3125,0,1,120,1842192,A168_HF9F_20260827_0900,2026-08-27 09:00:00,185
114631043|37|7,7,114631043,37,2026-05-03,1,2267,6,6,2,1888.8014,1888.8014,-1694.9113,0.0000,-89.734756,314.8002,314.8002,1.0000,0,1,15,1842193,A168_HF9F_20260827_0900,2026-08-27 09:00:00,185
114631043|38|7,7,114631043,38,2026-05-03,1,2267,10,10,2,1266.1627,1266.1627,-644.7559,0.0000,-50.922037,126.6163,126.6163,1.0000,0,1,45,1842194,A168_HF9F_20260827_0900,2026-08-27 09:00:00,185
114631043|39|7,7,114631043,39,2026-05-03,1,2267,13,14,3,1216.2853,1216.2853,38.6104,0.0168,3.174455,86.8775,93.5604,1.0769,0,1,78,1842195,A168_HF9F_20260827_0900,2026-08-27 09:00:00,185
114631043|4|7,7,114631043,4,2026-05-03,1,1646,2,3,3,304.5899,304.5899,-105.0310,0.6722,-34.482759,101.5300,152.2949,1.5000,0,1,1,1842196,A168_HF9F_20260827_0900,2026-08-27 09:00:00,185
114631043|40|7,7,114631043,40,2026-05-03,1,2267,16,21,6,1010.0510,1010.0510,-228.4277,0.3025,-22.615466,48.0977,63.1282,1.3125,0,1,120,1842197,A168_HF9F_20260827_0900,2026-08-27 09:00:00,185
114631043|41|7,7,114631043,41,2026-05-03,1,2267,13,13,2,466.2828,466.2828,-294.2922,0.2521,-63.114526,35.8679,35.8679,1.0000,0,1,78,1842198,A168_HF9F_20260827_0900,2026-08-27 09:00:00,185
114631043|42|7,7,114631043,42,2026-05-03,1,2267,23,31,7,8968.0516,8968.0516,-4364.0611,0.1680,-48.662311,289.2920,389.9153,1.3478,0,1,253,1842199,A168_HF9F_20260827_0900,2026-08-27 09:00:00,185
114631043|43|7,7,114631043,43,2026-05-03,1,2267,19,25,6,12044.2255,12044.2255,6944.9713,0.6722,57.662249,481.7690,633.9066,1.3158,0,1,171,1842200,A168_HF9F_20260827_0900,2026-08-27 09:00:00,185
114631043|44|7,7,114631043,44,2026-05-03,1,2267,15,18,5,2311.6368,2311.6368,-1552.6357,0.6554,-67.166074,128.4243,154.1091,1.2000,0,1,105,1842201,A168_HF9F_20260827_0900,2026-08-27 09:00:00,185
114631043|45|7,7,114631043,45,2026-05-03,1,2267,13,13,2,4790.1136,4790.1136,1294.3168,0.0000,27.020587,368.4703,368.4703,1.0000,0,1,78,1842202,A168_HF9F_20260827_0900,2026-08-27 09:00:00,185
114631043|46|7,7,114631043,46,2026-05-03,1,2267,12,15,5,2131.8139,2131.8139,1077.1977,0.0168,50.529634,142.1209,177.6512,1.2500,0,1,66,1842203,A168_HF9F_20260827_0900,2026-08-27 09:00:00,185
114631043|47|7,7,114631043,47,2026-05-03,1,2267,12,14,3,1229.4362,1229.4362,-144.5317,0.0000,-11.755936,87.8169,102.4530,1.1667,0,1,66,1842204,A168_HF9F_20260827_0900,2026-08-27 09:00:00,185
114631043|48|7,7,114631043,48,2026-05-03,1,2267,16,17,3,910.2331,910.2331,-354.2539,0.0000,-38.919029,53.5431,56.8896,1.0625,0,1,120,1842205,A168_HF9F_20260827_0900,2026-08-27 09:00:00,185
114631043|49|7,7,114631043,49,2026-05-03,1,2267,14,15,3,1904.3386,1686.1123,-1457.3940,0.0000,-86.435164,126.9559,136.0242,1.0714,0,1,91,1842206,A168_HF9F_20260827_0900,2026-08-27 09:00:00,185
114631043|5|7,7,114631043,5,2026-05-03,1,1646,1,1,1,70.6288,70.6288,70.6288,0.0000,100.000000,70.6288,70.6288,1.0000,0,0,0,1842207,A168_HF9F_20260827_0900,2026-08-27 09:00:00,185
114631043|50|7,7,114631043,50,2026-05-03,1,2267,15,17,4,1683.0024,1683.0024,788.8489,0.0000,46.871527,99.0001,112.2002,1.1333,0,1,105,1842208,A168_HF9F_20260827_0900,2026-08-27 09:00:00,185
114631043|7|7,7,114631043,7,2026-05-03,1,1363,2,2,2,397.3165,397.3165,2.6835,0.0000,0.675407,198.6582,198.6582,1.0000,0,1,1,1842209,A168_HF9F_20260827_0900,2026-08-27 09:00:00,185
114631043|8|7,7,114631043,8,2026-05-03,1,1363,3,3,2,349.5031,349.5031,250.4969,0.0000,71.672298,116.5010,116.5010,1.0000,0,1,3,1842210,A168_HF9F_20260827_0900,2026-08-27 09:00:00,185
114631043|9|7,7,114631043,9,2026-05-03,1,1363,1,1,1,30.0000,30.0000,-28.5000,0.0000,-95.000000,30.0000,30.0000,1.0000,0,0,0,1842211,A168_HF9F_20260827_0900,2026-08-27 09:00:00,185
114631064|10|7,7,114631064,10,2026-05-03,1,1485,14,15,4,1798.6482,8.6509,8.6509,0.0000,100.000000,119.9099,128.4749,1.0714,13,1,91,1842212,A168_HF9F_20260827_0900,2026-08-27 09:00:00,185
114631064|11|7,7,114631064,11,2026-05-03,1,1485,10,12,4,1123.5850,1123.5850,1108.5365,0.0000,98.660669,93.6321,112.3585,1.2000,0,1,45,1842213,A168_HF9F_20260827_0900,2026-08-27 09:00:00,185
114631064|12|7,7,114631064,12,2026-05-03,1,1485,6,6,2,263.1937,263.1937,-128.2759,0.1680,-48.738225,43.8656,43.8656,1.0000,0,1,15,1842214,A168_HF9F_20260827_0900,2026-08-27 09:00:00,185
114631064|13|7,7,114631064,13,2026-05-03,1,1485,6,7,4,93.6223,93.6223,43.0282,0.0000,45.959299,13.3746,15.6037,1.1667,0,1,15,1842215,A168_HF9F_20260827_0900,2026-08-27 09:00:00,185
114631064|14|7,7,114631064,14,2026-05-03,1,1485,5,6,3,172.2789,172.2789,-139.0877,0.0000,-80.734032,28.7131,34.4558,1.2000,0,1,10,1842216,A168_HF9F_20260827_0900,2026-08-27 09:00:00,185
114631064|15|7,7,114631064,15,2026-05-03,1,1485,10,11,3,272.8581,272.8581,62.9883,0.2521,23.084632,24.8053,27.2858,1.1000,0,1,45,1842217,A168_HF9F_20260827_0900,2026-08-27 09:00:00,185
114631064|16|7,7,114631064,16,2026-05-03,1,1485,14,17,4,1654.2055,1649.0163,-1442.8989,0.1882,-87.500583,97.3062,118.1575,1.2143,1,1,91,1842218,A168_HF9F_20260827_0900,2026-08-27 09:00:00,185
114631064|17|7,7,114631064,17,2026-05-03,1,1485,17,20,4,1057.2571,1052.0680,637.9130,0.1680,60.634199,52.8629,62.1916,1.1765,1,1,136,1842219,A168_HF9F_20260827_0900,2026-08-27 09:00:00,185
114631064|18|7,7,114631064,18,2026-05-03,1,1485,24,27,4,1485.5541,1480.3649,-150.8240,0.5294,-10.188296,55.0205,61.8981,1.1250,1,1,276,1842220,A168_HF9F_20260827_0900,2026-08-27 09:00:00,185
114631064|19|7,7,114631064,19,2026-05-03,1,1485,24,29,5,1901.8540,1896.6648,-416.9966,0.3865,-21.985780,65.5812,79.2439,1.2083,1,1,276,1842221,A168_HF9F_20260827_0900,2026-08-27 09:00:00,185
114631064|20|7,7,114631064,20,2026-05-03,1,1485,28,34,5,11851.5348,11846.3457,9531.2547,0.5378,80.457341,348.5746,423.2691,1.2143,1,1,378,1842222,A168_HF9F_20260827_0900,2026-08-27 09:00:00,185
114631064|21|7,7,114631064,21,2026-05-03,1,1485,16,19,5,644.4392,644.4392,220.8255,0.0000,34.266299,33.9179,40.2775,1.1875,0,1,120,1842223,A168_HF9F_20260827_0900,2026-08-27 09:00:00,185
114631064|22|7,7,114631064,22,2026-05-03,1,1485,13,15,4,633.8197,633.8197,-190.5505,0.0000,-30.063841,42.2546,48.7554,1.1538,0,1,78,1842224,A168_HF9F_20260827_0900,2026-08-27 09:00:00,185
114631064|23|7,7,114631064,23,2026-05-03,1,1485,14,17,5,892.8963,892.8963,636.8651,0.0168,71.325763,52.5233,63.7783,1.2143,0,1,91,1842225,A168_HF9F_20260827_0900,2026-08-27 09:00:00,185
114631064|24|7,7,114631064,24,2026-05-03,1,1485,9,11,4,1136.7125,1136.7125,-810.2676,0.0000,-71.281663,103.3375,126.3014,1.2222,0,1,36,1842226,A168_HF9F_20260827_0900,2026-08-27 09:00:00,185
114631064|25|7,7,114631064,25,2026-05-03,1,1485,13,19,5,12921.2849,12906.0958,-11888.5949,0.0000,-92.116122,680.0676,993.9450,1.4615,1,1,78,1842227,A168_HF9F_20260827_0900,2026-08-27 09:00:00,185
114631064|26|7,7,114631064,26,2026-05-03,1,1485,15,17,3,1146.5571,1130.8649,-89.8112,1.6973,-7.941816,67.4445,76.4371,1.1333,1,1,105,1842228,A168_HF9F_20260827_0900,2026-08-27 09:00:00,185
114631064|27|7,7,114631064,27,2026-05-03,1,1485,15,20,5,10451.8091,10446.6199,9977.3760,0.0000,95.508175,522.5905,696.7873,1.3333,1,1,105,1842229,A168_HF9F_20260827_0900,2026-08-27 09:00:00,185
114631064|28|7,7,114631064,28,2026-05-03,1,1485,11,15,4,4643.3801,4638.1909,3639.2487,0.0000,78.462676,309.5587,422.1255,1.3636,1,1,55,1842230,A168_HF9F_20260827_0900,2026-08-27 09:00:00,185
114631064|29|7,7,114631064,29,2026-05-03,1,1485,9,11,4,705.9213,705.9213,484.8099,0.0000,68.677613,64.1747,78.4357,1.2222,0,1,36,1842231,A168_HF9F_20260827_0900,2026-08-27 09:00:00,185
114631064|3|7,7,114631064,3,2026-05-03,1,2267,1,1,1,6.4882,6.4882,6.4882,0.0000,100.000000,6.4882,6.4882,1.0000,0,0,0,1842232,A168_HF9F_20260827_0900,2026-08-27 09:00:00,185
114631064|30|7,7,114631064,30,2026-05-03,1,1485,13,16,3,2788.8194,2783.6302,492.5985,0.0000,17.696262,174.3012,214.5246,1.2308,1,1,78,1842233,A168_HF9F_20260827_0900,2026-08-27 09:00:00,185
114631064|31|7,7,114631064,31,2026-05-03,1,1485,15,21,6,2971.9361,2966.7469,-1980.3292,0.0000,-66.750863,141.5208,198.1291,1.4000,1,1,105,1842234,A168_HF9F_20260827_0900,2026-08-27 09:00:00,185
114631064|32|7,7,114631064,32,2026-05-03,1,1485,11,15,4,4203.7424,4198.5533,-1250.0482,0.0000,-29.773309,280.2495,382.1584,1.3636,1,1,55,1842235,A168_HF9F_20260827_0900,2026-08-27 09:00:00,185
114631064|33|7,7,114631064,33,2026-05-03,1,1485,7,8,3,1798.5385,1798.5385,-429.1549,0.0000,-23.861311,224.8173,256.9341,1.1429,0,1,21,1842236,A168_HF9F_20260827_0900,2026-08-27 09:00:00,185
114631064|34|7,7,114631064,34,2026-05-03,1,1485,6,7,3,1810.4241,51.8914,-415.1315,0.0000,-800.000000,258.6320,301.7374,1.1667,6,1,15,1842237,A168_HF9F_20260827_0900,2026-08-27 09:00:00,185
114631064|35|7,7,114631064,35,2026-05-03,1,1485,4,5,2,238.2519,233.0628,-226.2670,0.0168,-97.084128,47.6504,59.5630,1.2500,1,1,6,1842238,A168_HF9F_20260827_0900,2026-08-27 09:00:00,185
114631064|36|7,7,114631064,36,2026-05-03,1,1485,6,6,2,210.8509,210.8509,24.0347,0.0168,11.398911,35.1418,35.1418,1.0000,0,1,15,1842239,A168_HF9F_20260827_0900,2026-08-27 09:00:00,185
114631064|37|7,7,114631064,37,2026-05-03,1,1485,10,10,2,587.6673,587.6673,-284.8979,0.1680,-48.479452,58.7667,58.7667,1.0000,0,1,45,1842240,A168_HF9F_20260827_0900,2026-08-27 09:00:00,185
114631064|38|7,7,114631064,38,2026-05-03,1,1485,10,11,2,555.7907,550.6016,366.3835,0.0000,66.542395,50.5264,55.5791,1.1000,1,1,45,1842241,A168_HF9F_20260827_0900,2026-08-27 09:00:00,185
114631064|39|7,7,114631064,39,2026-05-03,1,1485,9,12,4,720.8040,715.6149,-355.9018,0.0000,-49.733707,60.0670,80.0893,1.3333,1,1,36,1842242,A168_HF9F_20260827_0900,2026-08-27 09:00:00,185
114631064|40|7,7,114631064,40,2026-05-03,1,1485,5,6,2,164.6348,159.4456,157.8889,0.0000,99.023653,27.4391,32.9270,1.2000,1,1,10,1842243,A168_HF9F_20260827_0900,2026-08-27 09:00:00,185
114631064|41|7,7,114631064,41,2026-05-03,1,1485,8,9,2,473.7495,468.5604,-392.6240,0.0000,-83.793689,52.6388,59.2187,1.1250,1,1,28,1842244,A168_HF9F_20260827_0900,2026-08-27 09:00:00,185
114631064|42|7,7,114631064,42,2026-05-03,1,1485,12,14,3,833.1138,827.9247,-719.9406,0.5041,-86.957253,59.5081,69.4262,1.1667,1,1,66,1842245,A168_HF9F_20260827_0900,2026-08-27 09:00:00,185
114631064|43|7,7,114631064,43,2026-05-03,1,1485,15,16,2,1545.4921,1540.3030,-1173.4390,0.0000,-76.182349,96.5933,103.0328,1.0667,1,1,105,1842246,A168_HF9F_20260827_0900,2026-08-27 09:00:00,185
114631064|44|7,7,114631064,44,2026-05-03,1,1485,9,11,4,1534.3569,1529.1677,1462.1140,0.0000,95.615018,139.4870,170.4841,1.2222,1,1,36,1842247,A168_HF9F_20260827_0900,2026-08-27 09:00:00,185
114631064|45|7,7,114631064,45,2026-05-03,1,1205,10,10,2,1347.5925,1347.5925,229.8276,0.0000,17.054680,134.7592,134.7592,1.0000,0,1,45,1842248,A168_HF9F_20260827_0900,2026-08-27 09:00:00,185
114631064|46|7,7,114631064,46,2026-05-03,1,1205,4,4,2,612.3109,612.3109,-492.8020,0.0000,-80.482316,153.0777,153.0777,1.0000,0,1,6,1842249,A168_HF9F_20260827_0900,2026-08-27 09:00:00,185
114631064|47|7,7,114631064,47,2026-05-03,1,1205,11,11,2,610.7585,0.0000,0.0000,0.0000,,55.5235,55.5235,1.0000,11,1,55,1842250,A168_HF9F_20260827_0900,2026-08-27 09:00:00,185
114631064|48|7,7,114631064,48,2026-05-03,1,1205,7,7,2,472.5757,472.5757,459.5485,0.0000,97.243361,67.5108,67.5108,1.0000,0,1,21,1842251,A168_HF9F_20260827_0900,2026-08-27 09:00:00,185
114631064|49|7,7,114631064,49,2026-05-03,1,1205,5,5,2,780.8841,0.0000,0.0000,0.0000,,156.1768,156.1768,1.0000,5,1,10,1842252,A168_HF9F_20260827_0900,2026-08-27 09:00:00,185
114631064|5|7,7,114631064,5,2026-05-03,1,2267,3,3,2,18.4852,18.4852,-3.2248,0.0000,-17.445096,6.1617,6.1617,1.0000,0,1,3,1842253,A168_HF9F_20260827_0900,2026-08-27 09:00:00,185
114631064|50|7,7,114631064,50,2026-05-03,1,1205,5,7,4,317.9659,317.9659,-252.5002,0.0000,-79.411093,45.4237,63.5932,1.4000,0,1,10,1842254,A168_HF9F_20260827_0900,2026-08-27 09:00:00,185
114631064|51|7,7,114631064,51,2026-05-03,1,1205,7,7,2,773.9532,773.9532,-694.2935,0.0000,-89.707421,110.5647,110.5647,1.0000,0,1,21,1842255,A168_HF9F_20260827_0900,2026-08-27 09:00:00,185
114631064|52|7,7,114631064,52,2026-05-03,1,1205,8,8,2,491.2151,491.2151,-390.2551,0.0000,-79.446894,61.4019,61.4019,1.0000,0,1,28,1842256,A168_HF9F_20260827_0900,2026-08-27 09:00:00,185
114631064|53|7,7,114631064,53,2026-05-03,1,1205,8,9,3,1240.7590,1240.7590,-342.0387,0.0000,-27.566897,137.8621,155.0949,1.1250,0,1,28,1842257,A168_HF9F_20260827_0900,2026-08-27 09:00:00,185
114631064|6|7,7,114631064,6,2026-05-03,1,2267,3,3,2,101.1513,101.1513,-96.8259,0.0000,-95.723786,33.7171,33.7171,1.0000,0,1,3,1842258,A168_HF9F_20260827_0900,2026-08-27 09:00:00,185
114631064|7|7,7,114631064,7,2026-05-03,1,1485,3,3,1,680.8492,680.8492,-678.3160,0.0000,-99.627940,226.9497,226.9497,1.0000,0,1,3,1842259,A168_HF9F_20260827_0900,2026-08-27 09:00:00,185
114631064|8|7,7,114631064,8,2026-05-03,1,1485,7,7,1,1081.7720,1081.7720,-1059.1927,0.0000,-97.912748,154.5389,154.5389,1.0000,0,1,21,1842260,A168_HF9F_20260827_0900,2026-08-27 09:00:00,185
114631064|9|7,7,114631064,9,2026-05-03,1,1485,12,13,3,1124.9066,1124.9066,-982.2594,0.3361,-87.319192,86.5313,93.7422,1.0833,0,1,66,1842261,A168_HF9F_20260827_0900,2026-08-27 09:00:00,185
114631096|1|7,7,114631096,1,2026-05-03,1,1205,1,1,1,13.0272,13.0272,-12.3758,0.0000,-95.000000,13.0272,13.0272,1.0000,0,0,0,1842262,A168_HF9F_20260827_0900,2026-08-27 09:00:00,185
114631096|10|7,7,114631096,10,2026-05-03,1,1205,5,7,3,656.5228,651.3336,578.7922,0.8402,88.862626,93.7890,131.3046,1.4000,1,1,10,1842263,A168_HF9F_20260827_0900,2026-08-27 09:00:00,185
114631096|11|7,7,114631096,11,2026-05-03,1,1205,4,5,2,161.6618,156.4726,-139.1709,1.1763,-88.942613,32.3324,40.4154,1.2500,1,1,6,1842264,A168_HF9F_20260827_0900,2026-08-27 09:00:00,185
114631096|12|7,7,114631096,12,2026-05-03,1,1205,5,6,2,454.3081,449.1189,449.1189,0.8402,100.000000,75.7180,90.8616,1.2000,1,1,10,1842265,A168_HF9F_20260827_0900,2026-08-27 09:00:00,185
114631096|13|7,7,114631096,13,2026-05-03,1,1205,10,12,3,1430.1275,1424.9384,1216.2875,1.6805,85.357199,119.1773,143.0128,1.2000,1,1,45,1842266,A168_HF9F_20260827_0900,2026-08-27 09:00:00,185
114631096|14|7,7,114631096,14,2026-05-03,1,1205,10,10,2,1106.9320,1106.9320,486.8081,0.8571,43.978138,110.6932,110.6932,1.0000,0,1,45,1842267,A168_HF9F_20260827_0900,2026-08-27 09:00:00,185
114631096|15|7,7,114631096,15,2026-05-03,1,1205,8,10,4,535.1074,535.1074,91.7046,1.0268,17.137599,53.5107,66.8884,1.2500,0,1,28,1842268,A168_HF9F_20260827_0900,2026-08-27 09:00:00,185
114631096|16|7,7,114631096,16,2026-05-03,1,1205,4,4,2,379.8630,379.8630,169.8010,0.0000,44.700594,94.9657,94.9657,1.0000,0,1,6,1842269,A168_HF9F_20260827_0900,2026-08-27 09:00:00,185
114631096|17|7,7,114631096,17,2026-05-03,1,1205,3,3,2,141.5192,141.5192,-63.2913,0.0000,-44.722755,47.1731,47.1731,1.0000,0,1,3,1842270,A168_HF9F_20260827_0900,2026-08-27 09:00:00,185
114631096|18|7,7,114631096,18,2026-05-03,1,1205,7,10,5,379.1985,379.1985,-14.6891,0.0000,-3.873731,37.9198,54.1712,1.4286,0,1,21,1842271,A168_HF9F_20260827_0900,2026-08-27 09:00:00,185
114631096|19|7,7,114631096,19,2026-05-03,1,1205,11,14,4,596.4897,562.8798,-132.2080,0.0000,-23.487790,42.6064,54.2263,1.2727,1,1,55,1842272,A168_HF9F_20260827_0900,2026-08-27 09:00:00,185
114631096|2|7,7,114631096,2,2026-05-03,1,1205,2,2,1,44.5365,44.5365,44.5365,0.0000,100.000000,22.2683,22.2683,1.0000,0,1,1,1842273,A168_HF9F_20260827_0900,2026-08-27 09:00:00,185
114631096|20|7,7,114631096,20,2026-05-03,1,1221,14,15,3,3121.4351,3121.4351,2428.5924,1.1839,77.803713,208.0957,222.9597,1.0714,0,1,91,1842274,A168_HF9F_20260827_0900,2026-08-27 09:00:00,185
114631096|21|7,7,114631096,21,2026-05-03,1,1221,9,10,3,359.9546,359.9546,20.5262,0.0000,5.702450,35.9955,39.9950,1.1111,0,1,36,1842275,A168_HF9F_20260827_0900,2026-08-27 09:00:00,185
114631096|22|7,7,114631096,22,2026-05-03,1,1221,10,11,3,649.9541,649.9541,-79.5061,1.6805,-12.232569,59.0867,64.9954,1.1000,0,1,45,1842276,A168_HF9F_20260827_0900,2026-08-27 09:00:00,185
114631096|23|7,7,114631096,23,2026-05-03,1,1221,8,8,2,8052.6205,8052.6205,-7907.5635,0.0000,-98.198636,1006.5776,1006.5776,1.0000,0,1,28,1842277,A168_HF9F_20260827_0900,2026-08-27 09:00:00,185
114631096|24|7,7,114631096,24,2026-05-03,1,1221,7,7,2,265.5956,265.5956,242.4924,0.0000,91.301370,37.9422,37.9422,1.0000,0,1,21,1842278,A168_HF9F_20260827_0900,2026-08-27 09:00:00,185
114631096|25|7,7,114631096,25,2026-05-03,1,1221,8,8,2,641.5431,641.5431,-562.1008,0.0000,-87.617000,80.1929,80.1929,1.0000,0,1,28,1842279,A168_HF9F_20260827_0900,2026-08-27 09:00:00,185
114631096|26|7,7,114631096,26,2026-05-03,1,1221,15,16,4,1614.4395,1614.4395,-1108.2116,0.0000,-68.643741,100.9025,107.6293,1.0667,0,1,105,1842280,A168_HF9F_20260827_0900,2026-08-27 09:00:00,185
114631096|27|7,7,114631096,27,2026-05-03,1,1221,13,18,6,1856.4017,1856.4017,207.0285,0.0000,11.152141,103.1334,142.8001,1.3846,0,1,78,1842281,A168_HF9F_20260827_0900,2026-08-27 09:00:00,185
114631096|28|7,7,114631096,28,2026-05-03,1,1221,9,11,4,336.2857,336.2857,-94.5050,0.0000,-28.102590,30.5714,37.3651,1.2222,0,1,36,1842282,A168_HF9F_20260827_0900,2026-08-27 09:00:00,185
114631096|29|7,7,114631096,29,2026-05-03,1,1221,8,8,2,720.0553,720.0553,202.5899,0.0000,28.135318,90.0069,90.0069,1.0000,0,1,28,1842283,A168_HF9F_20260827_0900,2026-08-27 09:00:00,185
114631096|3|7,7,114631096,3,2026-05-03,1,1205,1,1,1,32.5680,32.5680,32.5680,0.0000,100.000000,32.5680,32.5680,1.0000,0,0,0,1842284,A168_HF9F_20260827_0900,2026-08-27 09:00:00,185
114631096|30|7,7,114631096,30,2026-05-03,1,1221,8,8,2,462.8082,462.8082,-327.0092,0.0000,-70.657610,57.8510,57.8510,1.0000,0,1,28,1842285,A168_HF9F_20260827_0900,2026-08-27 09:00:00,185
114631096|31|7,7,114631096,31,2026-05-03,1,1221,13,13,2,1429.5900,1429.5900,1375.5900,0.0000,96.222693,109.9685,109.9685,1.0000,0,1,78,1842286,A168_HF9F_20260827_0900,2026-08-27 09:00:00,185
114631096|32|7,7,114631096,32,2026-05-03,1,1221,9,11,5,5508.4461,5508.4461,-5444.1854,0.0000,-98.833416,500.7678,612.0496,1.2222,0,1,36,1842287,A168_HF9F_20260827_0900,2026-08-27 09:00:00,185
114631096|33|7,7,114631096,33,2026-05-03,1,1221,6,8,4,5406.9953,5406.9953,-5391.8584,0.0000,-99.720050,675.8744,901.1659,1.3333,0,1,15,1842288,A168_HF9F_20260827_0900,2026-08-27 09:00:00,185
114631096|34|7,7,114631096,34,2026-05-03,1,1221,12,14,5,3011.6929,3011.6929,2919.0577,0.0000,96.924149,215.1209,250.9744,1.1667,0,1,66,1842289,A168_HF9F_20260827_0900,2026-08-27 09:00:00,185
114631096|35|7,7,114631096,35,2026-05-03,1,1221,10,11,4,438.8989,438.8989,-224.5833,0.0000,-51.169723,39.8999,43.8899,1.1000,0,1,45,1842290,A168_HF9F_20260827_0900,2026-08-27 09:00:00,185
114631096|36|7,7,114631096,36,2026-05-03,1,1221,16,17,3,1832.2705,1832.2705,1707.1026,0.0000,93.168699,107.7806,114.5169,1.0625,0,1,120,1842291,A168_HF9F_20260827_0900,2026-08-27 09:00:00,185
114631096|37|7,7,114631096,37,2026-05-03,1,1221,10,12,3,1024.3387,1024.3387,37.2619,0.0000,3.637653,85.3616,102.4339,1.2000,0,1,45,1842292,A168_HF9F_20260827_0900,2026-08-27 09:00:00,185
114631096|38|7,7,114631096,38,2026-05-03,1,1221,11,11,3,984.2789,984.2789,527.7249,0.0000,53.615381,89.4799,89.4799,1.0000,0,1,55,1842293,A168_HF9F_20260827_0900,2026-08-27 09:00:00,185
114631096|39|7,7,114631096,39,2026-05-03,1,1221,12,13,3,869.8403,869.8403,-773.3245,0.0000,-88.904191,66.9108,72.4867,1.0833,0,1,66,1842294,A168_HF9F_20260827_0900,2026-08-27 09:00:00,185
114631096|4|7,7,114631096,4,2026-05-03,1,1205,1,2,2,220.0000,220.0000,-170.0000,0.0000,-77.272727,110.0000,220.0000,2.0000,0,0,0,1842295,A168_HF9F_20260827_0900,2026-08-27 09:00:00,185
114631096|40|7,7,114631096,40,2026-05-03,1,1221,13,14,3,1425.8705,1425.8705,393.4632,0.0000,27.594598,101.8479,109.6823,1.0769,0,1,78,1842296,A168_HF9F_20260827_0900,2026-08-27 09:00:00,185
114631096|41|7,7,114631096,41,2026-05-03,1,1221,16,17,3,1125.6871,1125.6871,42.0063,0.0000,3.731617,66.2169,70.3554,1.0625,0,1,120,1842297,A168_HF9F_20260827_0900,2026-08-27 09:00:00,185
114631096|42|7,7,114631096,42,2026-05-03,1,1221,16,20,7,1049.6190,1049.6190,398.7204,0.0000,37.987159,52.4809,65.6012,1.2500,0,1,120,1842298,A168_HF9F_20260827_0900,2026-08-27 09:00:00,185
114631096|43|7,7,114631096,43,2026-05-03,1,1221,14,16,4,760.7411,760.7411,76.8762,0.0000,10.105432,47.5463,54.3386,1.1429,0,1,91,1842299,A168_HF9F_20260827_0900,2026-08-27 09:00:00,185
114631096|44|7,7,114631096,44,2026-05-03,1,1221,21,23,5,881.8434,881.8434,-313.4929,0.0000,-35.549721,38.3410,41.9925,1.0952,0,1,210,1842300,A168_HF9F_20260827_0900,2026-08-27 09:00:00,185
114631096|45|7,7,114631096,45,2026-05-03,1,1221,21,23,4,1033.5771,1033.5771,524.5245,0.0000,50.748460,44.9381,49.2180,1.0952,0,1,210,1842301,A168_HF9F_20260827_0900,2026-08-27 09:00:00,185
114631096|46|7,7,114631096,46,2026-05-03,1,1221,16,19,6,905.9055,905.9055,368.8174,0.0000,40.712568,47.6792,56.6191,1.1875,0,1,120,1842302,A168_HF9F_20260827_0900,2026-08-27 09:00:00,185
114631096|47|7,7,114631096,47,2026-05-03,1,1221,14,17,4,552.4935,510.4811,240.7618,0.0000,47.163695,32.4996,39.4638,1.2143,2,1,91,1842303,A168_HF9F_20260827_0900,2026-08-27 09:00:00,185
114631096|6|7,7,114631096,6,2026-05-03,1,1205,1,1,1,10.5031,10.5031,10.5031,0.0000,100.000000,10.5031,10.5031,1.0000,0,0,0,1842304,A168_HF9F_20260827_0900,2026-08-27 09:00:00,185
114631096|7|7,7,114631096,7,2026-05-03,1,1205,6,6,2,595.3493,595.3493,-139.7546,0.3361,-23.474381,99.2249,99.2249,1.0000,0,1,15,1842305,A168_HF9F_20260827_0900,2026-08-27 09:00:00,185
114631096|8|7,7,114631096,8,2026-05-03,1,1205,10,13,4,8590.6024,8585.4133,-8038.2744,0.5041,-93.627111,660.8156,859.0602,1.3000,1,1,45,1842306,A168_HF9F_20260827_0900,2026-08-27 09:00:00,185
114631096|9|7,7,114631096,9,2026-05-03,1,1205,10,12,3,10612.9017,10607.7126,10603.6250,0.0000,99.961466,884.4085,1061.2902,1.2000,1,1,45,1842307,A168_HF9F_20260827_0900,2026-08-27 09:00:00,185
114631118|1|7,7,114631118,1,2026-05-03,1,1485,2,2,2,302.8669,302.8669,216.0475,0.0000,71.334146,151.4335,151.4335,1.0000,0,1,1,1842308,A168_HF9F_20260827_0900,2026-08-27 09:00:00,185
114631118|10|7,7,114631118,10,2026-05-03,1,1485,8,8,2,141.8989,141.8989,-48.7398,0.0000,-34.348269,17.7374,17.7374,1.0000,0,1,28,1842309,A168_HF9F_20260827_0900,2026-08-27 09:00:00,185
114631118|11|7,7,114631118,11,2026-05-03,1,1485,8,8,3,420.5982,420.5982,-349.0588,0.0168,-82.991034,52.5748,52.5748,1.0000,0,1,28,1842310,A168_HF9F_20260827_0900,2026-08-27 09:00:00,185
114631118|12|7,7,114631118,12,2026-05-03,1,1485,7,7,3,360.1265,360.1265,-320.0815,0.0168,-88.880310,51.4466,51.4466,1.0000,0,1,21,1842311,A168_HF9F_20260827_0900,2026-08-27 09:00:00,185
114631118|13|7,7,114631118,13,2026-05-03,1,1485,8,8,2,1372.4338,1372.4338,615.9687,0.0000,44.881485,171.5542,171.5542,1.0000,0,1,28,1842312,A168_HF9F_20260827_0900,2026-08-27 09:00:00,185
114631118|14|7,7,114631118,14,2026-05-03,1,1485,11,11,2,1624.1046,1624.1046,1569.6739,7.2267,96.648570,147.6459,147.6459,1.0000,0,1,55,1842313,A168_HF9F_20260827_0900,2026-08-27 09:00:00,185
114631118|15|7,7,114631118,15,2026-05-03,1,1485,8,8,2,499.8409,499.8409,-58.2744,0.3361,-11.658583,62.4801,62.4801,1.0000,0,1,28,1842314,A168_HF9F_20260827_0900,2026-08-27 09:00:00,185
114631118|16|7,7,114631118,16,2026-05-03,1,1485,10,10,2,896.9364,896.9364,740.1008,0.4117,82.514302,89.6936,89.6936,1.0000,0,1,45,1842315,A168_HF9F_20260827_0900,2026-08-27 09:00:00,185
114631118|17|7,7,114631118,17,2026-05-03,1,1485,11,13,4,1441.2752,1441.2752,622.4911,0.0000,43.190303,110.8673,131.0250,1.1818,0,1,55,1842316,A168_HF9F_20260827_0900,2026-08-27 09:00:00,185
114631118|18|7,7,114631118,18,2026-05-03,1,1485,15,15,2,1964.3780,1964.3780,-846.0478,0.0000,-43.069501,130.9585,130.9585,1.0000,0,1,105,1842317,A168_HF9F_20260827_0900,2026-08-27 09:00:00,185
114631118|19|7,7,114631118,19,2026-05-03,1,1485,15,19,5,3849.5989,3849.5989,-1902.2653,0.0000,-49.414637,202.6105,256.6399,1.2667,0,1,105,1842318,A168_HF9F_20260827_0900,2026-08-27 09:00:00,185
114631118|2|7,7,114631118,2,2026-05-03,1,1485,8,8,2,406.7268,406.7268,-259.4473,0.0000,-63.789081,50.8408,50.8408,1.0000,0,1,28,1842319,A168_HF9F_20260827_0900,2026-08-27 09:00:00,185
114631118|20|7,7,114631118,20,2026-05-03,1,1485,21,23,4,4364.5881,4195.9409,2018.8378,0.0000,48.114066,189.7647,207.8375,1.0952,0,1,210,1842320,A168_HF9F_20260827_0900,2026-08-27 09:00:00,185
114631118|21|7,7,114631118,21,2026-05-03,1,1485,9,9,3,614.4056,614.4056,67.0887,0.0000,10.919280,68.2673,68.2673,1.0000,0,1,36,1842321,A168_HF9F_20260827_0900,2026-08-27 09:00:00,185
114631118|22|7,7,114631118,22,2026-05-03,1,1485,10,10,2,491.9265,491.9265,-61.4084,0.0000,-12.483238,49.1927,49.1927,1.0000,0,1,45,1842322,A168_HF9F_20260827_0900,2026-08-27 09:00:00,185
114631118|23|7,7,114631118,23,2026-05-03,1,1485,13,14,3,1919.4662,1919.4662,1362.9305,0.8402,71.005703,137.1047,147.6512,1.0769,0,1,78,1842323,A168_HF9F_20260827_0900,2026-08-27 09:00:00,185
114631118|24|7,7,114631118,24,2026-05-03,1,1485,13,13,2,3532.4625,3532.4625,2884.3826,0.0168,81.653595,271.7279,271.7279,1.0000,0,1,78,1842324,A168_HF9F_20260827_0900,2026-08-27 09:00:00,185
114631118|25|7,7,114631118,25,2026-05-03,1,1485,11,17,8,394.2022,394.2022,-23.0522,0.0336,-5.847805,23.1884,35.8366,1.5455,0,1,55,1842325,A168_HF9F_20260827_0900,2026-08-27 09:00:00,185
114631118|26|7,7,114631118,26,2026-05-03,1,1485,8,14,8,460.8734,460.8734,-86.8581,0.0000,-18.846420,32.9195,57.6092,1.7500,0,1,28,1842326,A168_HF9F_20260827_0900,2026-08-27 09:00:00,185
114631118|27|7,7,114631118,27,2026-05-03,1,1485,7,9,5,223.2566,223.2566,9.5166,0.0000,4.262616,24.8063,31.8938,1.2857,0,1,21,1842327,A168_HF9F_20260827_0900,2026-08-27 09:00:00,185
114631118|28|7,7,114631118,28,2026-05-03,1,1485,9,15,8,747.9330,747.9330,-61.1952,0.0000,-8.181916,49.8622,83.1037,1.6667,0,1,36,1842328,A168_HF9F_20260827_0900,2026-08-27 09:00:00,185
114631118|29|7,7,114631118,29,2026-05-03,1,1485,7,13,8,785.4881,785.4881,-584.3384,0.0000,-74.391761,60.4222,112.2126,1.8571,0,1,21,1842329,A168_HF9F_20260827_0900,2026-08-27 09:00:00,185
114631118|3|7,7,114631118,3,2026-05-03,1,1485,9,9,2,395.2865,0.0000,0.0000,0.0000,,43.9207,43.9207,1.0000,9,1,36,1842330,A168_HF9F_20260827_0900,2026-08-27 09:00:00,185
114631118|30|7,7,114631118,30,2026-05-03,1,1205,12,24,8,1241.7217,72.4037,-217.8245,0.0336,-300.847299,51.7384,103.4768,2.0000,12,1,66,1842331,A168_HF9F_20260827_0900,2026-08-27 09:00:00,185
114631118|31|7,7,114631118,31,2026-05-03,1,1205,9,17,8,1213.2755,1213.2755,-1120.8483,0.1512,-92.382005,71.3691,134.8084,1.8889,0,1,36,1842332,A168_HF9F_20260827_0900,2026-08-27 09:00:00,185
114631118|32|7,7,114631118,32,2026-05-03,1,1205,15,26,8,1818.1987,1818.1987,1127.3473,0.0840,62.003527,69.9307,121.2132,1.7333,0,1,105,1842333,A168_HF9F_20260827_0900,2026-08-27 09:00:00,185
114631118|33|7,7,114631118,33,2026-05-03,1,1205,15,21,8,2535.9841,2535.9841,-2368.0260,0.0168,-93.377004,120.7611,169.0656,1.4000,0,1,105,1842334,A168_HF9F_20260827_0900,2026-08-27 09:00:00,185
114631118|34|7,7,114631118,34,2026-05-03,1,1205,15,24,8,3346.1606,3346.1606,8.4048,0.0218,0.251177,139.4234,223.0774,1.6000,0,1,105,1842335,A168_HF9F_20260827_0900,2026-08-27 09:00:00,185
114631118|35|7,7,114631118,35,2026-05-03,1,1205,12,20,8,1526.7906,1526.7906,-1081.4986,0.0168,-70.834773,76.3395,127.2325,1.6667,0,1,66,1842336,A168_HF9F_20260827_0900,2026-08-27 09:00:00,185
114631118|36|7,7,114631118,36,2026-05-03,1,1205,14,24,8,1126.5044,1126.5044,565.3857,0.0605,50.189393,46.9377,80.4646,1.7143,0,1,91,1842337,A168_HF9F_20260827_0900,2026-08-27 09:00:00,185
114631118|37|7,7,114631118,37,2026-05-03,1,1205,13,29,10,3353.6436,3353.6436,-1891.6028,0.0000,-56.404406,115.6429,257.9726,2.2308,0,1,78,1842338,A168_HF9F_20260827_0900,2026-08-27 09:00:00,185
114631118|38|7,7,114631118,38,2026-05-03,1,1205,14,22,7,911.8776,911.8776,572.6071,0.0000,62.794294,41.4490,65.1341,1.5714,0,1,91,1842339,A168_HF9F_20260827_0900,2026-08-27 09:00:00,185
114631118|39|7,7,114631118,39,2026-05-03,1,1205,17,27,8,1086.9341,1086.9341,130.7992,0.6722,12.033777,40.2568,63.9373,1.5882,0,1,136,1842340,A168_HF9F_20260827_0900,2026-08-27 09:00:00,185
114631118|4|7,7,114631118,4,2026-05-03,1,1485,7,7,2,327.8910,327.8910,309.5798,0.0000,94.415447,46.8416,46.8416,1.0000,0,1,21,1842341,A168_HF9F_20260827_0900,2026-08-27 09:00:00,185
114631118|40|7,7,114631118,40,2026-05-03,1,1205,19,29,8,2066.2220,2066.2220,-1448.7006,0.8402,-70.113503,71.2490,108.7485,1.5263,0,1,171,1842342,A168_HF9F_20260827_0900,2026-08-27 09:00:00,185
114631118|41|7,7,114631118,41,2026-05-03,1,1205,28,40,8,3515.6490,3256.1918,2103.1786,0.8402,64.590133,87.8912,125.5589,1.4286,0,1,378,1842343,A168_HF9F_20260827_0900,2026-08-27 09:00:00,185
114631118|42|7,7,114631118,42,2026-05-03,1,1205,16,29,8,1301.9972,1168.0674,384.1798,1.6805,32.890212,44.8965,81.3748,1.8125,2,1,120,1842344,A168_HF9F_20260827_0900,2026-08-27 09:00:00,185
114631118|43|7,7,114631118,43,2026-05-03,1,1205,16,31,8,1643.8293,111.8215,-591.7243,0.0000,-529.168559,53.0268,102.7393,1.9375,17,1,120,1842345,A168_HF9F_20260827_0900,2026-08-27 09:00:00,185
114631118|44|7,7,114631118,44,2026-05-03,1,1205,16,31,8,1829.8764,1825.6752,-281.3464,0.0000,-15.410542,59.0283,114.3673,1.9375,2,1,120,1842346,A168_HF9F_20260827_0900,2026-08-27 09:00:00,185
114631118|45|7,7,114631118,45,2026-05-03,1,1205,20,36,8,5184.9782,5180.7770,1375.1193,0.6739,26.542723,144.0272,259.2489,1.8000,2,1,190,1842347,A168_HF9F_20260827_0900,2026-08-27 09:00:00,185
114631118|46|7,7,114631118,46,2026-05-03,1,1205,10,14,5,895.8974,895.8974,-615.8781,0.0000,-68.744274,63.9927,89.5897,1.4000,0,1,45,1842348,A168_HF9F_20260827_0900,2026-08-27 09:00:00,185
114631118|47|7,7,114631118,47,2026-05-03,1,1205,14,24,8,697.4791,53.8725,-21.7498,0.0000,-40.372644,29.0616,49.8199,1.7143,14,1,91,1842349,A168_HF9F_20260827_0900,2026-08-27 09:00:00,185
114631118|48|7,7,114631118,48,2026-05-03,1,1205,9,17,8,909.8345,909.8345,-13.9001,0.0000,-1.527757,53.5197,101.0927,1.8889,0,1,36,1842350,A168_HF9F_20260827_0900,2026-08-27 09:00:00,185
114631118|49|7,7,114631118,49,2026-05-03,1,1205,8,19,8,980.5251,980.5251,-711.6458,0.0000,-72.578028,51.6066,122.5656,2.3750,0,1,28,1842351,A168_HF9F_20260827_0900,2026-08-27 09:00:00,185
114631118|5|7,7,114631118,5,2026-05-03,1,1485,7,7,2,347.1436,0.0000,0.0000,0.0000,,49.5919,49.5919,1.0000,7,1,21,1842352,A168_HF9F_20260827_0900,2026-08-27 09:00:00,185
114631118|6|7,7,114631118,6,2026-05-03,1,1485,6,6,2,329.0905,329.0905,-226.4858,0.0000,-68.821732,54.8484,54.8484,1.0000,0,1,15,1842353,A168_HF9F_20260827_0900,2026-08-27 09:00:00,185
114631118|7|7,7,114631118,7,2026-05-03,1,1485,9,10,3,901.5122,901.5122,-660.5608,0.0000,-73.272530,90.1512,100.1680,1.1111,0,1,36,1842354,A168_HF9F_20260827_0900,2026-08-27 09:00:00,185
114631118|8|7,7,114631118,8,2026-05-03,1,1485,10,11,3,493.7009,493.7009,-439.3971,0.0000,-89.000653,44.8819,49.3701,1.1000,0,1,45,1842355,A168_HF9F_20260827_0900,2026-08-27 09:00:00,185
114631118|9|7,7,114631118,9,2026-05-03,1,1485,10,10,2,1377.5879,1377.5879,850.1160,0.0000,61.710475,137.7588,137.7588,1.0000,0,1,45,1842356,A168_HF9F_20260827_0900,2026-08-27 09:00:00,185
114631140|1|7,7,114631140,1,2026-05-03,1,1205,3,3,2,23.0703,23.0703,4.2895,0.0000,18.593220,7.6901,7.6901,1.0000,0,1,3,1842357,A168_HF9F_20260827_0900,2026-08-27 09:00:00,185
114631140|10|7,7,114631140,10,2026-05-03,1,1221,6,9,5,909.2480,909.2480,885.2422,0.0000,97.359815,101.0276,151.5413,1.5000,0,1,15,1842358,A168_HF9F_20260827_0900,2026-08-27 09:00:00,185
114631140|11|7,7,114631140,11,2026-05-03,1,1221,4,4,2,16.2486,16.2486,-8.9588,0.0000,-55.136049,4.0622,4.0622,1.0000,0,1,6,1842359,A168_HF9F_20260827_0900,2026-08-27 09:00:00,185
114631140|12|7,7,114631140,12,2026-05-03,1,1221,4,4,2,114.1375,114.1375,-109.5161,0.0000,-95.951055,28.5344,28.5344,1.0000,0,1,6,1842360,A168_HF9F_20260827_0900,2026-08-27 09:00:00,185
114631140|13|7,7,114631140,13,2026-05-03,1,1221,5,5,3,121.1434,121.1434,-108.5396,0.0000,-89.596030,24.2287,24.2287,1.0000,0,1,10,1842361,A168_HF9F_20260827_0900,2026-08-27 09:00:00,185
114631140|14|7,7,114631140,14,2026-05-03,1,1221,6,6,2,91.0067,91.0067,-66.2187,0.0000,-72.762456,15.1678,15.1678,1.0000,0,1,15,1842362,A168_HF9F_20260827_0900,2026-08-27 09:00:00,185
114631140|15|7,7,114631140,15,2026-05-03,1,1221,10,12,4,207.9531,207.9531,49.8823,0.0000,23.987291,17.3294,20.7953,1.2000,0,1,45,1842363,A168_HF9F_20260827_0900,2026-08-27 09:00:00,185
114631140|16|7,7,114631140,16,2026-05-03,1,1221,8,8,2,1054.2963,1054.2963,-784.3613,0.0000,-74.396670,131.7870,131.7870,1.0000,0,1,28,1842364,A168_HF9F_20260827_0900,2026-08-27 09:00:00,185
114631140|17|7,7,114631140,17,2026-05-03,1,1221,10,11,3,319.6141,319.6141,21.6182,1.7916,6.763850,29.0558,31.9614,1.1000,0,1,45,1842365,A168_HF9F_20260827_0900,2026-08-27 09:00:00,185
114631140|18|7,7,114631140,18,2026-05-03,1,1221,9,9,2,1238.2061,1238.2061,1231.5916,0.6891,99.465801,137.5785,137.5785,1.0000,0,1,36,1842366,A168_HF9F_20260827_0900,2026-08-27 09:00:00,185
114631140|19|7,7,114631140,19,2026-05-03,1,1221,6,6,2,862.7086,862.7086,-854.0964,0.0000,-99.001721,143.7848,143.7848,1.0000,0,1,15,1842367,A168_HF9F_20260827_0900,2026-08-27 09:00:00,185
114631140|2|7,7,114631140,2,2026-05-03,1,1205,4,4,2,184.7297,184.7297,-151.1594,0.0000,-81.827311,46.1824,46.1824,1.0000,0,1,6,1842368,A168_HF9F_20260827_0900,2026-08-27 09:00:00,185
114631140|20|7,7,114631140,20,2026-05-03,1,1221,11,11,2,694.6242,694.6242,241.9265,0.6891,34.828403,63.1477,63.1477,1.0000,0,1,55,1842369,A168_HF9F_20260827_0900,2026-08-27 09:00:00,185
114631140|21|7,7,114631140,21,2026-05-03,1,1221,6,6,2,131.0546,131.0546,61.4190,0.6891,46.865224,21.8424,21.8424,1.0000,0,1,15,1842370,A168_HF9F_20260827_0900,2026-08-27 09:00:00,185
114631140|22|7,7,114631140,22,2026-05-03,1,1221,6,6,2,49.4694,49.4694,27.1408,0.0000,54.863708,8.2449,8.2449,1.0000,0,1,15,1842371,A168_HF9F_20260827_0900,2026-08-27 09:00:00,185
114631140|3|7,7,114631140,3,2026-05-03,1,1205,3,4,3,195.8516,195.8516,187.4491,0.0000,95.709772,48.9629,65.2839,1.3333,0,1,3,1842372,A168_HF9F_20260827_0900,2026-08-27 09:00:00,185
114631140|4|7,7,114631140,4,2026-05-03,1,1205,6,6,2,1783.0627,1783.0627,-1686.8021,0.0000,-94.601387,297.1771,297.1771,1.0000,0,1,15,1842373,A168_HF9F_20260827_0900,2026-08-27 09:00:00,185
114631140|5|7,7,114631140,5,2026-05-03,1,1205,9,9,2,420.9934,420.9934,-334.6289,0.0000,-79.485556,46.7770,46.7770,1.0000,0,1,36,1842374,A168_HF9F_20260827_0900,2026-08-27 09:00:00,185
114631140|6|7,7,114631140,6,2026-05-03,1,1205,9,9,2,1511.2506,1511.2506,1506.0615,0.0000,99.656632,167.9167,167.9167,1.0000,0,1,36,1842375,A168_HF9F_20260827_0900,2026-08-27 09:00:00,185
114631140|7|7,7,114631140,7,2026-05-03,1,1205,6,6,2,903.8488,0.0000,0.0000,0.0000,,150.6415,150.6415,1.0000,6,1,15,1842376,A168_HF9F_20260827_0900,2026-08-27 09:00:00,185
114631140|8|7,7,114631140,8,2026-05-03,1,1221,4,4,2,20.4407,20.4407,10.0624,0.0000,49.227317,5.1102,5.1102,1.0000,0,1,6,1842377,A168_HF9F_20260827_0900,2026-08-27 09:00:00,185
114631140|9|7,7,114631140,9,2026-05-03,1,1221,4,4,2,26.8902,0.0000,0.0000,0.0000,,6.7226,6.7226,1.0000,4,1,6,1842378,A168_HF9F_20260827_0900,2026-08-27 09:00:00,185
114630075|40|8,8,114630075,40,2026-05-03,1,583,20,31,8,1794.2997,1794.2997,1093.4984,0.0336,60.942910,57.8806,89.7150,1.5500,0,1,190,1842379,A168_HF9F_20260827_0900,2026-08-27 09:00:00,185
114630075|41|8,8,114630075,41,2026-05-03,1,583,23,36,8,1714.6147,1710.4135,-698.4462,0.0000,-40.834935,47.6282,74.5485,1.5652,1,1,253,1842380,A168_HF9F_20260827_0900,2026-08-27 09:00:00,185
114630075|42|8,8,114630075,42,2026-05-03,1,583,27,44,8,1590.4611,1482.4770,117.6256,0.0000,7.934393,36.1468,58.9060,1.6296,3,1,351,1842381,A168_HF9F_20260827_0900,2026-08-27 09:00:00,185
114630075|43|8,8,114630075,43,2026-05-03,1,583,18,30,8,3116.2000,3111.9988,1219.8929,0.0000,39.199660,103.8733,173.1222,1.6667,1,1,153,1842382,A168_HF9F_20260827_0900,2026-08-27 09:00:00,185
114630075|44|8,8,114630075,44,2026-05-03,1,583,17,30,9,1536.6339,1536.6339,-729.9293,0.6615,-47.501839,51.2211,90.3902,1.7647,0,1,136,1842383,A168_HF9F_20260827_0900,2026-08-27 09:00:00,185
114630075|45|8,8,114630075,45,2026-05-03,1,583,16,26,8,970.6376,970.6376,267.1183,0.0000,27.519877,37.3322,60.6649,1.6250,0,1,120,1842384,A168_HF9F_20260827_0900,2026-08-27 09:00:00,185
114630075|46|8,8,114630075,46,2026-05-03,1,583,20,29,8,1792.0342,1792.0342,655.1711,0.2739,36.560192,61.7943,89.6017,1.4500,0,1,190,1842385,A168_HF9F_20260827_0900,2026-08-27 09:00:00,185
114630075|47|8,8,114630075,47,2026-05-03,1,583,21,36,9,3449.2449,3449.2449,-1930.6886,6.5948,-55.974238,95.8124,164.2498,1.7143,0,1,210,1842386,A168_HF9F_20260827_0900,2026-08-27 09:00:00,185
114630107|1|8,8,114630107,1,2026-05-03,1,583,4,4,2,131.1015,131.1015,-78.9605,0.9453,-60.228482,32.7754,32.7754,1.0000,0,1,6,1842387,A168_HF9F_20260827_0900,2026-08-27 09:00:00,185
114630107|10|8,8,114630107,10,2026-05-03,1,583,10,13,5,190.4599,190.4599,-129.6831,0.0000,-68.089463,14.6508,19.0460,1.3000,0,1,45,1842388,A168_HF9F_20260827_0900,2026-08-27 09:00:00,185
114630107|11|8,8,114630107,11,2026-05-03,1,583,13,15,4,593.9738,593.9738,182.2128,0.0000,30.676902,39.5983,45.6903,1.1538,0,1,78,1842389,A168_HF9F_20260827_0900,2026-08-27 09:00:00,185
114630107|12|8,8,114630107,12,2026-05-03,1,583,14,18,7,1147.9528,1147.9528,-817.7674,0.0000,-71.237026,63.7752,81.9966,1.2857,0,1,91,1842390,A168_HF9F_20260827_0900,2026-08-27 09:00:00,185
114630107|13|8,8,114630107,13,2026-05-03,1,583,24,30,7,4447.4196,4447.4196,1105.1557,8.4025,24.849369,148.2473,185.3091,1.2500,0,1,276,1842391,A168_HF9F_20260827_0900,2026-08-27 09:00:00,185
114630107|14|8,8,114630107,14,2026-05-03,1,583,25,31,6,4058.7026,4058.7026,-2640.8345,0.0000,-65.065977,130.9259,162.3481,1.2400,0,1,300,1842392,A168_HF9F_20260827_0900,2026-08-27 09:00:00,185
114630107|15|8,8,114630107,15,2026-05-03,1,526,20,24,6,11200.4956,11200.4956,8744.0390,7.8983,78.068322,466.6873,560.0248,1.2000,0,1,190,1842393,A168_HF9F_20260827_0900,2026-08-27 09:00:00,185
114630107|16|8,8,114630107,16,2026-05-03,1,526,18,21,5,2043.2713,2043.2713,-2.8343,5.4616,-0.138716,97.2986,113.5151,1.1667,0,1,153,1842394,A168_HF9F_20260827_0900,2026-08-27 09:00:00,185
114630107|17|8,8,114630107,17,2026-05-03,1,526,18,25,6,3862.7109,3232.5250,-1089.2878,5.8817,-33.697736,154.5084,214.5951,1.3889,1,1,153,1842395,A168_HF9F_20260827_0900,2026-08-27 09:00:00,185
114630107|18|8,8,114630107,18,2026-05-03,1,526,16,24,7,11442.5894,11442.5894,8388.2306,7.8143,73.307101,476.7746,715.1618,1.5000,0,1,120,1842396,A168_HF9F_20260827_0900,2026-08-27 09:00:00,185
114630107|19|8,8,114630107,19,2026-05-03,1,526,15,18,5,1841.2928,26.1872,-52.3743,0.0000,-200.000000,102.2940,122.7529,1.2000,15,1,105,1842397,A168_HF9F_20260827_0900,2026-08-27 09:00:00,185
114630107|2|8,8,114630107,2,2026-05-03,1,583,5,7,4,53.3786,53.3786,1.2375,0.1344,2.318391,7.6255,10.6757,1.4000,0,1,10,1842398,A168_HF9F_20260827_0900,2026-08-27 09:00:00,185
114630107|20|8,8,114630107,20,2026-05-03,1,526,16,24,8,2103.9686,45.0927,-71.2799,0.0000,-158.074000,87.6654,131.4980,1.5000,16,1,120,1842399,A168_HF9F_20260827_0900,2026-08-27 09:00:00,185
114630107|21|8,8,114630107,21,2026-05-03,1,526,18,33,8,1580.5331,1580.5331,882.5248,8.7420,55.837160,47.8949,87.8074,1.8333,0,1,153,1842400,A168_HF9F_20260827_0900,2026-08-27 09:00:00,185
114630107|22|8,8,114630107,22,2026-05-03,1,526,17,28,8,1652.8400,1652.8400,1058.2801,8.4025,64.027984,59.0300,97.2259,1.6471,0,1,136,1842401,A168_HF9F_20260827_0900,2026-08-27 09:00:00,185
114630107|23|8,8,114630107,23,2026-05-03,1,526,20,29,8,2653.7530,2653.7530,2186.6253,8.4025,82.397470,91.5087,132.6876,1.4500,0,1,190,1842402,A168_HF9F_20260827_0900,2026-08-27 09:00:00,185
114630107|24|8,8,114630107,24,2026-05-03,1,526,21,26,6,2976.1858,2976.1858,-244.8960,8.4697,-8.228517,114.4687,141.7231,1.2381,0,1,210,1842403,A168_HF9F_20260827_0900,2026-08-27 09:00:00,185
114630107|25|8,8,114630107,25,2026-05-03,1,526,19,27,8,2178.6676,2178.6676,-1198.4624,8.4025,-55.008959,80.6914,114.6667,1.4211,0,1,171,1842404,A168_HF9F_20260827_0900,2026-08-27 09:00:00,185
114630107|26|8,8,114630107,26,2026-05-03,1,526,23,33,7,2908.9285,2908.9285,-1385.7926,8.4025,-47.639281,88.1493,126.4752,1.4348,0,1,253,1842405,A168_HF9F_20260827_0900,2026-08-27 09:00:00,185
114630107|27|8,8,114630107,27,2026-05-03,1,526,25,32,8,2769.5948,42.9921,-73.3805,0.0000,-170.683647,86.5498,110.7838,1.2800,25,1,300,1842406,A168_HF9F_20260827_0900,2026-08-27 09:00:00,185
114630107|28|8,8,114630107,28,2026-05-03,1,526,22,25,5,2595.1201,2595.1201,8.8351,8.4025,0.340451,103.8048,117.9600,1.1364,0,1,231,1842407,A168_HF9F_20260827_0900,2026-08-27 09:00:00,185
114630107|29|8,8,114630107,29,2026-05-03,1,526,27,35,7,3072.6562,2862.5942,-967.9315,0.0000,-33.813087,87.7902,113.8021,1.2963,2,1,351,1842408,A168_HF9F_20260827_0900,2026-08-27 09:00:00,185
114630107|3|8,8,114630107,3,2026-05-03,1,583,6,6,2,121.4562,0.0000,0.0000,0.0000,,20.2427,20.2427,1.0000,6,1,15,1842409,A168_HF9F_20260827_0900,2026-08-27 09:00:00,185
114630107|30|8,8,114630107,30,2026-05-03,1,526,29,38,8,3058.2510,3058.2510,754.2283,8.5201,24.662079,80.4803,105.4569,1.3103,0,1,406,1842410,A168_HF9F_20260827_0900,2026-08-27 09:00:00,185
114630107|31|8,8,114630107,31,2026-05-03,1,526,26,33,6,3786.5305,3786.5305,991.1475,8.4025,26.175612,114.7433,145.6358,1.2692,0,1,325,1842411,A168_HF9F_20260827_0900,2026-08-27 09:00:00,185
114630107|32|8,8,114630107,32,2026-05-03,1,526,20,26,7,2226.8443,2226.8443,1429.9995,5.5456,64.216411,85.6479,111.3422,1.3000,0,1,190,1842412,A168_HF9F_20260827_0900,2026-08-27 09:00:00,185
114630107|33|8,8,114630107,33,2026-05-03,1,526,24,29,6,4890.8879,4890.8879,682.8137,8.4025,13.960935,168.6513,203.7870,1.2083,0,1,276,1842413,A168_HF9F_20260827_0900,2026-08-27 09:00:00,185
114630107|34|8,8,114630107,34,2026-05-03,1,526,19,23,6,2483.7932,2483.7932,2432.4207,8.4025,97.931691,107.9910,130.7260,1.2105,0,1,171,1842414,A168_HF9F_20260827_0900,2026-08-27 09:00:00,185
114630107|35|8,8,114630107,35,2026-05-03,1,526,15,20,7,1784.1502,1784.1502,1556.4993,8.4025,87.240374,89.2075,118.9433,1.3333,0,1,105,1842415,A168_HF9F_20260827_0900,2026-08-27 09:00:00,185
114630107|36|8,8,114630107,36,2026-05-03,1,526,17,23,7,2486.7826,26.1953,-58.3181,0.0000,-222.627801,108.1210,146.2813,1.3529,17,1,136,1842416,A168_HF9F_20260827_0900,2026-08-27 09:00:00,185
114630107|37|8,8,114630107,37,2026-05-03,1,526,11,17,7,2261.3538,2261.3538,1217.5478,8.1504,53.841545,133.0208,205.5776,1.5455,0,1,55,1842417,A168_HF9F_20260827_0900,2026-08-27 09:00:00,185
114630107|38|8,8,114630107,38,2026-05-03,1,526,10,15,7,2305.8185,2305.8185,1100.4897,8.4697,47.726640,153.7212,230.5819,1.5000,0,1,45,1842418,A168_HF9F_20260827_0900,2026-08-27 09:00:00,185
114630107|39|8,8,114630107,39,2026-05-03,1,526,15,23,7,2501.2446,2480.2384,203.0564,8.4025,8.186972,108.7498,166.7496,1.5333,1,1,105,1842419,A168_HF9F_20260827_0900,2026-08-27 09:00:00,185
114630107|4|8,8,114630107,4,2026-05-03,1,583,7,10,5,139.0592,139.0592,-6.4864,0.0000,-4.664509,13.9059,19.8656,1.4286,0,1,21,1842420,A168_HF9F_20260827_0900,2026-08-27 09:00:00,185
114630107|40|8,8,114630107,40,2026-05-03,1,526,10,15,7,1601.6276,1601.6276,1454.5842,6.4699,90.819128,106.7752,160.1628,1.5000,0,1,45,1842421,A168_HF9F_20260827_0900,2026-08-27 09:00:00,185
114630107|41|8,8,114630107,41,2026-05-03,1,526,12,20,6,11317.2388,11317.2388,-7502.5859,8.4025,-66.293431,565.8619,943.1032,1.6667,0,1,66,1842422,A168_HF9F_20260827_0900,2026-08-27 09:00:00,185
114630107|42|8,8,114630107,42,2026-05-03,1,526,11,15,6,1841.9996,1841.9996,-650.1510,5.8817,-35.295938,122.8000,167.4545,1.3636,0,1,55,1842423,A168_HF9F_20260827_0900,2026-08-27 09:00:00,185
114630107|43|8,8,114630107,43,2026-05-03,1,526,7,7,2,2260.1388,0.0000,0.0000,0.0000,,322.8770,322.8770,1.0000,7,1,21,1842424,A168_HF9F_20260827_0900,2026-08-27 09:00:00,185
114630107|44|8,8,114630107,44,2026-05-03,1,526,7,7,2,3273.1388,0.0000,0.0000,0.0000,,467.5913,467.5913,1.0000,7,1,21,1842425,A168_HF9F_20260827_0900,2026-08-27 09:00:00,185
114630107|45|8,8,114630107,45,2026-05-03,1,526,5,6,2,1122.5940,1122.5940,-1058.2719,8.4025,-94.270224,187.0990,224.5188,1.2000,0,1,10,1842426,A168_HF9F_20260827_0900,2026-08-27 09:00:00,185
114630107|46|8,8,114630107,46,2026-05-03,1,526,11,19,8,3273.2688,3273.2688,-2670.3774,7.1421,-81.581365,172.2773,297.5699,1.7273,0,1,55,1842427,A168_HF9F_20260827_0900,2026-08-27 09:00:00,185
114630107|47|8,8,114630107,47,2026-05-03,1,1623,8,8,2,5829.1828,5829.1828,2860.0447,6.3859,49.064249,728.6478,728.6478,1.0000,0,1,28,1842428,A168_HF9F_20260827_0900,2026-08-27 09:00:00,185
114630107|48|8,8,114630107,48,2026-05-03,1,1623,10,11,3,1178.2829,4.2012,4.2012,0.0000,100.000000,107.1166,117.8283,1.1000,10,1,45,1842429,A168_HF9F_20260827_0900,2026-08-27 09:00:00,185
114630107|5|8,8,114630107,5,2026-05-03,1,583,8,8,2,143.4503,143.4503,39.6674,0.0000,27.652388,17.9313,17.9313,1.0000,0,1,28,1842430,A168_HF9F_20260827_0900,2026-08-27 09:00:00,185
114630107|6|8,8,114630107,6,2026-05-03,1,583,13,13,2,1059.3164,1059.3164,-366.6250,0.0000,-34.609581,81.4859,81.4859,1.0000,0,1,78,1842431,A168_HF9F_20260827_0900,2026-08-27 09:00:00,185
114630107|7|8,8,114630107,7,2026-05-03,1,583,7,7,2,183.8087,183.8087,112.2468,0.0000,61.067160,26.2584,26.2584,1.0000,0,1,21,1842432,A168_HF9F_20260827_0900,2026-08-27 09:00:00,185
114630107|8|8,8,114630107,8,2026-05-03,1,583,7,10,5,217.9224,217.9224,192.3819,0.0000,88.280022,21.7922,31.1318,1.4286,0,1,21,1842433,A168_HF9F_20260827_0900,2026-08-27 09:00:00,185
114630107|9|8,8,114630107,9,2026-05-03,1,583,7,8,3,120.9623,120.9623,-63.6321,0.0000,-52.604886,15.1203,17.2803,1.1429,0,1,21,1842434,A168_HF9F_20260827_0900,2026-08-27 09:00:00,185
114630129|1|8,8,114630129,1,2026-05-03,1,1623,3,3,1,264.1524,264.1524,-264.1524,0.0000,-100.000000,88.0508,88.0508,1.0000,0,1,3,1842435,A168_HF9F_20260827_0900,2026-08-27 09:00:00,185
114630129|10|8,8,114630129,10,2026-05-03,1,1623,11,16,8,589.2730,589.2730,339.6949,0.0840,57.646429,36.8296,53.5703,1.4545,0,1,55,1842436,A168_HF9F_20260827_0900,2026-08-27 09:00:00,185
114630129|11|8,8,114630129,11,2026-05-03,1,1623,9,14,6,453.5605,453.5605,-379.2123,0.0000,-83.607877,32.3972,50.3956,1.5556,0,1,36,1842437,A168_HF9F_20260827_0900,2026-08-27 09:00:00,185
114630129|12|8,8,114630129,12,2026-05-03,1,1623,15,21,8,1374.0553,1374.0553,-56.2205,0.0000,-4.091574,65.4312,91.6037,1.4000,0,1,105,1842438,A168_HF9F_20260827_0900,2026-08-27 09:00:00,185
114630129|13|8,8,114630129,13,2026-05-03,1,1623,10,11,4,522.4797,522.4797,397.4339,0.0000,76.066870,47.4982,52.2480,1.1000,0,1,45,1842439,A168_HF9F_20260827_0900,2026-08-27 09:00:00,185
114630129|14|8,8,114630129,14,2026-05-03,1,1623,20,27,7,2522.2832,2522.2832,-131.3854,0.1882,-5.208985,93.4179,126.1142,1.3500,0,1,190,1842440,A168_HF9F_20260827_0900,2026-08-27 09:00:00,185
114630129|15|8,8,114630129,15,2026-05-03,1,1623,15,20,7,1723.7461,1723.7461,169.7271,0.0840,9.846412,86.1873,114.9164,1.3333,0,1,105,1842441,A168_HF9F_20260827_0900,2026-08-27 09:00:00,185
114630129|16|8,8,114630129,16,2026-05-03,1,1623,22,28,7,3475.0607,3475.0607,2926.9957,0.0000,84.228620,124.1093,157.9573,1.2727,0,1,231,1842442,A168_HF9F_20260827_0900,2026-08-27 09:00:00,185
114630129|17|8,8,114630129,17,2026-05-03,1,1623,18,27,7,1268.0683,1268.0683,672.3618,0.0000,53.022524,46.9655,70.4482,1.5000,0,1,153,1842443,A168_HF9F_20260827_0900,2026-08-27 09:00:00,185
114630129|18|8,8,114630129,18,2026-05-03,1,1623,14,22,7,1250.1763,1219.0414,-68.7273,0.0000,-5.637818,56.8262,89.2983,1.5714,1,1,91,1842444,A168_HF9F_20260827_0900,2026-08-27 09:00:00,185
114630129|19|8,8,114630129,19,2026-05-03,1,1623,16,23,7,1103.6900,1103.6900,-622.5343,0.8282,-56.404811,47.9865,68.9806,1.4375,0,1,120,1842445,A168_HF9F_20260827_0900,2026-08-27 09:00:00,185
114630129|2|8,8,114630129,2,2026-05-03,1,1623,11,11,2,376.2100,376.2100,-324.6076,0.0000,-86.283607,34.2009,34.2009,1.0000,0,1,55,1842446,A168_HF9F_20260827_0900,2026-08-27 09:00:00,185
114630129|20|8,8,114630129,20,2026-05-03,1,1623,16,26,8,1416.1598,1416.1598,-374.6027,1.0923,-26.452007,54.4677,88.5100,1.6250,0,1,120,1842447,A168_HF9F_20260827_0900,2026-08-27 09:00:00,185
114630129|21|8,8,114630129,21,2026-05-03,1,1623,29,50,10,3361.1141,3361.1141,-2003.4296,3.3442,-59.606118,67.2223,115.9005,1.7241,0,1,406,1842448,A168_HF9F_20260827_0900,2026-08-27 09:00:00,185
114630129|22|8,8,114630129,22,2026-05-03,1,1623,31,45,8,4831.5213,4831.5213,3749.4712,2.2014,77.604360,107.3671,155.8555,1.4516,0,1,465,1842449,A168_HF9F_20260827_0900,2026-08-27 09:00:00,185
114630129|23|8,8,114630129,23,2026-05-03,1,1623,19,39,9,3193.9561,3193.9561,-840.9259,3.3442,-26.328663,81.8963,168.1030,2.0526,0,1,171,1842450,A168_HF9F_20260827_0900,2026-08-27 09:00:00,185
114630129|24|8,8,114630129,24,2026-05-03,1,1623,22,39,11,3610.5320,3610.5320,-3225.9164,4.3693,-89.347398,92.5777,164.1151,1.7727,0,1,231,1842451,A168_HF9F_20260827_0900,2026-08-27 09:00:00,185
114630129|25|8,8,114630129,25,2026-05-03,1,1623,26,42,11,4233.8320,499.1079,-863.2980,0.5851,-172.968226,100.8055,162.8397,1.6154,28,1,325,1842452,A168_HF9F_20260827_0900,2026-08-27 09:00:00,185
114630129|26|8,8,114630129,26,2026-05-03,1,1623,24,56,11,4284.1080,4284.1080,-2665.3684,4.0332,-62.215248,76.5019,178.5045,2.3333,0,1,276,1842453,A168_HF9F_20260827_0900,2026-08-27 09:00:00,185
114630129|27|8,8,114630129,27,2026-05-03,1,1623,27,58,11,5396.4047,5396.4047,-3850.8942,4.3508,-71.360368,93.0415,199.8668,2.1481,0,1,351,1842454,A168_HF9F_20260827_0900,2026-08-27 09:00:00,185
114630129|28|8,8,114630129,28,2026-05-03,1,1623,36,71,11,6153.3362,6153.3362,-2624.0835,3.1425,-42.644890,86.6667,170.9260,1.9722,0,1,630,1842455,A168_HF9F_20260827_0900,2026-08-27 09:00:00,185
114630129|29|8,8,114630129,29,2026-05-03,1,1623,34,65,11,6118.9323,718.6457,-1036.3522,0.5714,-144.209047,94.1374,179.9686,1.9118,34,1,561,1842456,A168_HF9F_20260827_0900,2026-08-27 09:00:00,185
114630129|3|8,8,114630129,3,2026-05-03,1,1623,6,6,2,374.5781,374.5781,-350.6082,0.0000,-93.600824,62.4297,62.4297,1.0000,0,1,15,1842457,A168_HF9F_20260827_0900,2026-08-27 09:00:00,185
114630129|30|8,8,114630129,30,2026-05-03,1,1623,47,79,11,5984.9017,5984.9017,5171.5674,4.2685,86.410232,75.7582,127.3383,1.6809,0,1,1081,1842458,A168_HF9F_20260827_0900,2026-08-27 09:00:00,185
114630129|31|8,8,114630129,31,2026-05-03,1,1623,33,57,10,2086.0236,2086.0236,-1073.6216,4.0668,-51.467377,36.5969,63.2128,1.7273,0,1,528,1842459,A168_HF9F_20260827_0900,2026-08-27 09:00:00,185
114630129|32|8,8,114630129,32,2026-05-03,1,1623,37,70,11,4335.8164,4335.8164,-2247.2574,2.8905,-51.830086,61.9402,117.1842,1.8919,0,1,666,1842460,A168_HF9F_20260827_0900,2026-08-27 09:00:00,185
114630129|33|8,8,114630129,33,2026-05-03,1,1623,37,74,11,4265.4462,4265.4462,3251.8032,1.6805,76.235945,57.6412,115.2823,2.0000,0,1,666,1842461,A168_HF9F_20260827_0900,2026-08-27 09:00:00,185
114630129|34|8,8,114630129,34,2026-05-03,1,1623,35,60,9,4344.2209,4294.2209,-2523.4194,2.2593,-58.763150,72.4037,124.1206,1.7143,0,1,595,1842462,A168_HF9F_20260827_0900,2026-08-27 09:00:00,185
114630129|35|8,8,114630129,35,2026-05-03,1,1623,41,77,11,4696.8282,4696.8282,4172.4656,2.1904,88.835816,60.9978,114.5568,1.8780,0,1,820,1842463,A168_HF9F_20260827_0900,2026-08-27 09:00:00,185
114630129|36|8,8,114630129,36,2026-05-03,1,583,26,40,10,2680.5295,2680.5295,2139.2877,0.8907,79.808401,67.0132,103.0973,1.5385,0,1,325,1842464,A168_HF9F_20260827_0900,2026-08-27 09:00:00,185
114630129|37|8,8,114630129,37,2026-05-03,1,583,11,13,5,413.1164,413.1164,192.2990,0.0000,46.548370,31.7782,37.5560,1.1818,0,1,55,1842465,A168_HF9F_20260827_0900,2026-08-27 09:00:00,185
114630129|38|8,8,114630129,38,2026-05-03,1,583,15,23,8,879.6262,874.4370,288.2552,0.0000,32.964662,38.2446,58.6417,1.5333,1,1,105,1842466,A168_HF9F_20260827_0900,2026-08-27 09:00:00,185
114630129|39|8,8,114630129,39,2026-05-03,1,583,11,20,9,1542.6292,1542.6292,1440.7445,0.0000,93.395382,77.1315,140.2390,1.8182,0,1,55,1842467,A168_HF9F_20260827_0900,2026-08-27 09:00:00,185
114630129|4|8,8,114630129,4,2026-05-03,1,1623,6,6,2,123.7187,123.7187,-105.1002,0.0000,-84.950923,20.6198,20.6198,1.0000,0,1,15,1842468,A168_HF9F_20260827_0900,2026-08-27 09:00:00,185
114630129|40|8,8,114630129,40,2026-05-03,1,583,15,23,9,1782.8141,1782.8141,1161.6099,0.0000,65.155974,77.5137,118.8543,1.5333,0,1,105,1842469,A168_HF9F_20260827_0900,2026-08-27 09:00:00,185
114630129|41|8,8,114630129,41,2026-05-03,1,583,22,25,4,815.2855,815.2855,578.1500,0.8402,70.913813,32.6114,37.0584,1.1364,0,1,231,1842470,A168_HF9F_20260827_0900,2026-08-27 09:00:00,185
114630129|42|8,8,114630129,42,2026-05-03,1,583,16,22,5,479.9165,479.9165,339.8170,1.0083,70.807542,21.8144,29.9948,1.3750,0,1,120,1842471,A168_HF9F_20260827_0900,2026-08-27 09:00:00,185
114630129|43|8,8,114630129,43,2026-05-03,1,583,16,16,3,270.2363,270.2363,-122.9129,0.0672,-45.483502,16.8898,16.8898,1.0000,0,1,120,1842472,A168_HF9F_20260827_0900,2026-08-27 09:00:00,185
114630129|44|8,8,114630129,44,2026-05-03,1,583,18,18,2,594.5356,594.5356,207.7118,0.0000,34.936816,33.0298,33.0298,1.0000,0,1,153,1842473,A168_HF9F_20260827_0900,2026-08-27 09:00:00,185
114630129|45|8,8,114630129,45,2026-05-03,1,583,9,9,2,84.6766,0.0000,0.0000,0.0000,,9.4085,9.4085,1.0000,9,1,36,1842474,A168_HF9F_20260827_0900,2026-08-27 09:00:00,185
114630129|46|8,8,114630129,46,2026-05-03,1,583,12,14,4,187.3028,187.3028,23.8047,0.0000,12.709196,13.3788,15.6086,1.1667,0,1,66,1842475,A168_HF9F_20260827_0900,2026-08-27 09:00:00,185
114630129|47|8,8,114630129,47,2026-05-03,1,583,14,17,5,784.9311,784.9311,-242.4640,0.0000,-30.889847,46.1724,56.0665,1.2143,0,1,91,1842476,A168_HF9F_20260827_0900,2026-08-27 09:00:00,185
114630129|48|8,8,114630129,48,2026-05-03,1,583,11,13,4,174.8149,134.3824,-118.5884,0.1378,-88.246996,13.4473,15.8923,1.1818,0,1,55,1842477,A168_HF9F_20260827_0900,2026-08-27 09:00:00,185
114630129|49|8,8,114630129,49,2026-05-03,1,583,14,17,5,490.5365,490.5365,-197.5436,0.4134,-40.270930,28.8551,35.0383,1.2143,0,1,91,1842478,A168_HF9F_20260827_0900,2026-08-27 09:00:00,185
114630129|5|8,8,114630129,5,2026-05-03,1,1623,18,20,4,1127.3939,1127.3939,-665.0608,0.2790,-58.990989,56.3697,62.6330,1.1111,0,1,153,1842479,A168_HF9F_20260827_0900,2026-08-27 09:00:00,185
114630129|50|8,8,114630129,50,2026-05-03,1,583,15,18,5,2125.2164,2125.2164,-1500.7419,12.9398,-70.615960,118.0676,141.6811,1.2000,0,1,105,1842480,A168_HF9F_20260827_0900,2026-08-27 09:00:00,185
114630129|51|8,8,114630129,51,2026-05-03,1,583,26,34,6,6006.4982,5998.0958,-3936.3020,29.5473,-65.625861,176.6617,231.0192,1.3077,2,1,325,1842481,A168_HF9F_20260827_0900,2026-08-27 09:00:00,185
114630129|6|8,8,114630129,6,2026-05-03,1,1623,39,47,7,5991.1832,5991.1832,4880.9616,1.5851,81.469076,127.4720,153.6201,1.2051,0,1,741,1842482,A168_HF9F_20260827_0900,2026-08-27 09:00:00,185
114630129|7|8,8,114630129,7,2026-05-03,1,1623,16,27,7,768.5869,768.5869,136.3137,0.0840,17.735626,28.4662,48.0367,1.6875,0,1,120,1842483,A168_HF9F_20260827_0900,2026-08-27 09:00:00,185
114630129|8|8,8,114630129,8,2026-05-03,1,1623,14,21,6,1082.1646,1082.1646,846.9977,0.0000,78.268842,51.5316,77.2975,1.5000,0,1,91,1842484,A168_HF9F_20260827_0900,2026-08-27 09:00:00,185
114630129|9|8,8,114630129,9,2026-05-03,1,1623,10,15,5,624.1137,624.1137,101.5259,0.0000,16.267215,41.6076,62.4114,1.5000,0,1,45,1842485,A168_HF9F_20260827_0900,2026-08-27 09:00:00,185
114630153|1|8,8,114630153,1,2026-05-03,1,583,3,3,2,36.9428,36.9428,-31.7536,0.0000,-85.953560,12.3143,12.3143,1.0000,0,1,3,1842486,A168_HF9F_20260827_0900,2026-08-27 09:00:00,185
114630153|10|8,8,114630153,10,2026-05-03,1,583,14,15,3,706.3601,706.3601,411.9647,0.2521,58.322190,47.0907,50.4543,1.0714,0,1,91,1842487,A168_HF9F_20260827_0900,2026-08-27 09:00:00,185
114630153|11|8,8,114630153,11,2026-05-03,1,583,9,9,2,659.6053,659.6053,501.6202,0.0000,76.048535,73.2895,73.2895,1.0000,0,1,36,1842488,A168_HF9F_20260827_0900,2026-08-27 09:00:00,185
114630153|12|8,8,114630153,12,2026-05-03,1,583,5,7,4,138.2113,138.2113,-120.4184,0.0000,-87.126329,19.7445,27.6423,1.4000,0,1,10,1842489,A168_HF9F_20260827_0900,2026-08-27 09:00:00,185
114630153|13|8,8,114630153,13,2026-05-03,1,583,8,12,6,517.9691,517.9691,58.5892,0.0000,11.311323,43.1641,64.7461,1.5000,0,1,28,1842490,A168_HF9F_20260827_0900,2026-08-27 09:00:00,185
114630153|14|8,8,114630153,14,2026-05-03,1,583,18,22,6,1945.3389,1945.3389,857.5128,0.0000,44.080380,88.4245,108.0744,1.2222,0,1,153,1842491,A168_HF9F_20260827_0900,2026-08-27 09:00:00,185
114630153|15|8,8,114630153,15,2026-05-03,1,526,11,15,6,392.5066,392.5066,173.4811,0.0000,44.198274,26.1671,35.6824,1.3636,0,1,55,1842492,A168_HF9F_20260827_0900,2026-08-27 09:00:00,185
114630153|16|8,8,114630153,16,2026-05-03,1,526,15,20,7,520.2802,520.2802,-222.5098,0.0000,-42.767293,26.0140,34.6853,1.3333,0,1,105,1842493,A168_HF9F_20260827_0900,2026-08-27 09:00:00,185
114630153|17|8,8,114630153,17,2026-05-03,1,526,7,11,6,152.2219,12.6037,-25.2074,0.0000,-200.000000,13.8384,21.7460,1.5714,7,1,21,1842494,A168_HF9F_20260827_0900,2026-08-27 09:00:00,185
114630153|18|8,8,114630153,18,2026-05-03,1,526,10,15,6,437.9483,13.0353,-10.3159,0.0000,-79.138270,29.1966,43.7948,1.5000,10,1,45,1842495,A168_HF9F_20260827_0900,2026-08-27 09:00:00,185
114630153|19|8,8,114630153,19,2026-05-03,1,526,11,18,7,204.1906,204.1906,-194.5506,0.0000,-95.278919,11.3439,18.5628,1.6364,0,1,55,1842496,A168_HF9F_20260827_0900,2026-08-27 09:00:00,185
114630153|2|8,8,114630153,2,2026-05-03,1,583,4,4,2,369.1906,369.1906,328.2285,0.0000,88.904896,92.2977,92.2977,1.0000,0,1,6,1842497,A168_HF9F_20260827_0900,2026-08-27 09:00:00,185
114630153|20|8,8,114630153,20,2026-05-03,1,526,12,26,7,622.2822,622.2822,-589.2353,0.0000,-94.689395,23.9339,51.8569,2.1667,0,1,66,1842498,A168_HF9F_20260827_0900,2026-08-27 09:00:00,185
114630153|21|8,8,114630153,21,2026-05-03,1,526,9,13,5,733.4236,733.4236,-688.4725,0.0000,-93.871053,56.4172,81.4915,1.4444,0,1,36,1842499,A168_HF9F_20260827_0900,2026-08-27 09:00:00,185
114630153|22|8,8,114630153,22,2026-05-03,1,526,17,25,8,2508.3055,2508.3055,104.2097,0.2521,4.154584,100.3322,147.5474,1.4706,0,1,136,1842500,A168_HF9F_20260827_0900,2026-08-27 09:00:00,185
114630153|23|8,8,114630153,23,2026-05-03,1,526,22,30,6,1332.7440,1315.9391,575.9782,0.0840,43.769363,44.4248,60.5793,1.3636,1,1,231,1842501,A168_HF9F_20260827_0900,2026-08-27 09:00:00,185
114630153|24|8,8,114630153,24,2026-05-03,1,526,29,41,8,5152.3576,5152.3576,483.7387,0.0840,9.388686,125.6673,177.6675,1.4138,0,1,406,1842502,A168_HF9F_20260827_0900,2026-08-27 09:00:00,185
114630153|25|8,8,114630153,25,2026-05-03,1,526,13,27,8,1026.9759,1026.9759,-572.5003,0.0000,-55.746230,38.0361,78.9981,2.0769,0,1,78,1842503,A168_HF9F_20260827_0900,2026-08-27 09:00:00,185
114630153|26|8,8,114630153,26,2026-05-03,1,526,15,35,8,861.6317,861.6317,-91.2289,0.0000,-10.587926,24.6180,57.4421,2.3333,0,1,105,1842504,A168_HF9F_20260827_0900,2026-08-27 09:00:00,185
114630153|27|8,8,114630153,27,2026-05-03,1,526,12,18,6,543.3723,543.3723,356.1273,0.0000,65.540206,30.1873,45.2810,1.5000,0,1,66,1842505,A168_HF9F_20260827_0900,2026-08-27 09:00:00,185
114630153|28|8,8,114630153,28,2026-05-03,1,526,5,6,4,166.3329,166.3329,121.6805,0.0000,73.154775,27.7222,33.2666,1.2000,0,1,10,1842506,A168_HF9F_20260827_0900,2026-08-27 09:00:00,185
114630153|29|8,8,114630153,29,2026-05-03,1,526,9,10,4,472.7992,472.7992,-116.7134,0.0000,-24.685627,47.2799,52.5332,1.1111,0,1,36,1842507,A168_HF9F_20260827_0900,2026-08-27 09:00:00,185
114630153|3|8,8,114630153,3,2026-05-03,1,583,4,4,2,276.1577,0.0000,0.0000,0.0000,,69.0394,69.0394,1.0000,4,1,6,1842508,A168_HF9F_20260827_0900,2026-08-27 09:00:00,185
114630153|30|8,8,114630153,30,2026-05-03,1,526,9,16,7,969.1565,969.1565,-859.3150,0.0000,-88.666277,60.5723,107.6841,1.7778,0,1,36,1842509,A168_HF9F_20260827_0900,2026-08-27 09:00:00,185
114630153|31|8,8,114630153,31,2026-05-03,1,526,15,21,5,2065.2694,2065.2694,959.1095,0.0000,46.439920,98.3462,137.6846,1.4000,0,1,105,1842510,A168_HF9F_20260827_0900,2026-08-27 09:00:00,185
114630153|32|8,8,114630153,32,2026-05-03,1,526,23,29,5,11669.7959,96.1869,35.0246,0.0000,36.413085,402.4068,507.3824,1.2609,23,1,253,1842511,A168_HF9F_20260827_0900,2026-08-27 09:00:00,185
114630153|33|8,8,114630153,33,2026-05-03,1,526,34,44,8,2753.5234,2753.5234,1845.2458,0.0000,67.013986,62.5801,80.9860,1.2941,0,1,561,1842512,A168_HF9F_20260827_0900,2026-08-27 09:00:00,185
114630153|34|8,8,114630153,34,2026-05-03,1,526,15,18,4,655.6159,655.6159,-463.8097,0.0000,-70.744118,36.4231,43.7077,1.2000,0,1,105,1842513,A168_HF9F_20260827_0900,2026-08-27 09:00:00,185
114630153|35|8,8,114630153,35,2026-05-03,1,526,19,25,7,904.9078,904.9078,81.0121,0.0000,8.952521,36.1963,47.6267,1.3158,0,1,171,1842514,A168_HF9F_20260827_0900,2026-08-27 09:00:00,185
114630153|36|8,8,114630153,36,2026-05-03,1,526,14,22,6,1229.6108,1229.6108,-951.7650,0.0000,-77.403763,55.8914,87.8293,1.5714,0,1,91,1842515,A168_HF9F_20260827_0900,2026-08-27 09:00:00,185
114630153|37|8,8,114630153,37,2026-05-03,1,526,21,29,8,1546.6911,34.8079,15.9023,0.0000,45.685930,53.3342,73.6520,1.3810,21,1,210,1842516,A168_HF9F_20260827_0900,2026-08-27 09:00:00,185
114630153|38|8,8,114630153,38,2026-05-03,1,526,19,26,7,866.8724,866.8724,287.2897,0.0000,33.140938,33.3412,45.6249,1.3684,0,1,171,1842517,A168_HF9F_20260827_0900,2026-08-27 09:00:00,185
114630153|39|8,8,114630153,39,2026-05-03,1,526,25,27,5,1619.5471,1619.5471,69.3993,0.0000,4.285105,59.9832,64.7819,1.0800,0,1,300,1842518,A168_HF9F_20260827_0900,2026-08-27 09:00:00,185
114630153|4|8,8,114630153,4,2026-05-03,1,583,5,5,2,324.9150,323.6177,-304.2247,0.0000,-94.007439,64.9830,64.9830,1.0000,0,1,10,1842519,A168_HF9F_20260827_0900,2026-08-27 09:00:00,185
114630153|40|8,8,114630153,40,2026-05-03,1,526,28,38,8,2981.1416,2981.1416,532.7595,0.3319,17.870990,78.4511,106.4693,1.3571,0,1,378,1842520,A168_HF9F_20260827_0900,2026-08-27 09:00:00,185
114630153|41|8,8,114630153,41,2026-05-03,1,526,27,42,8,6987.8226,6987.8226,2173.4471,0.0000,31.103352,166.3767,258.8082,1.5556,0,1,351,1842521,A168_HF9F_20260827_0900,2026-08-27 09:00:00,185
114630153|42|8,8,114630153,42,2026-05-03,1,526,26,42,8,4626.5900,4626.5900,3826.1089,0.0000,82.698250,110.1569,177.9458,1.6154,0,1,325,1842522,A168_HF9F_20260827_0900,2026-08-27 09:00:00,185
114630153|43|8,8,114630153,43,2026-05-03,1,526,13,17,6,841.9956,841.9956,-292.9807,0.0672,-34.795995,49.5292,64.7689,1.3077,0,1,78,1842523,A168_HF9F_20260827_0900,2026-08-27 09:00:00,185
114630153|44|8,8,114630153,44,2026-05-03,1,526,23,27,7,1493.9895,1493.9895,-488.3752,0.1176,-32.689332,55.3329,64.9561,1.1739,0,1,253,1842524,A168_HF9F_20260827_0900,2026-08-27 09:00:00,185
114630153|45|8,8,114630153,45,2026-05-03,1,526,17,19,4,2784.0218,2784.0218,-2289.0019,4.8104,-82.219254,146.5275,163.7660,1.1176,0,1,136,1842525,A168_HF9F_20260827_0900,2026-08-27 09:00:00,185
114630153|46|8,8,114630153,46,2026-05-03,1,526,24,32,8,2866.8167,2866.8167,-2265.4481,4.8104,-79.023124,89.5880,119.4507,1.3333,0,1,276,1842526,A168_HF9F_20260827_0900,2026-08-27 09:00:00,185
114630153|47|8,8,114630153,47,2026-05-03,1,1623,37,44,7,11762.4641,24.8981,-31.8187,0.0000,-127.795831,267.3287,317.9044,1.1892,37,1,666,1842527,A168_HF9F_20260827_0900,2026-08-27 09:00:00,185
114630153|48|8,8,114630153,48,2026-05-03,1,1623,40,54,8,3755.1192,3746.7167,-1884.4444,4.8104,-50.295887,69.5392,93.8780,1.3500,1,1,780,1842528,A168_HF9F_20260827_0900,2026-08-27 09:00:00,185
114630153|5|8,8,114630153,5,2026-05-03,1,583,6,8,4,310.2667,310.2667,-246.8790,0.0672,-79.569922,38.7833,51.7111,1.3333,0,1,15,1842529,A168_HF9F_20260827_0900,2026-08-27 09:00:00,185
114630153|6|8,8,114630153,6,2026-05-03,1,583,7,10,4,610.3345,610.3345,-337.2540,0.1680,-55.257233,61.0335,87.1906,1.4286,0,1,21,1842530,A168_HF9F_20260827_0900,2026-08-27 09:00:00,185
114630153|7|8,8,114630153,7,2026-05-03,1,583,3,3,2,39.7870,39.7870,34.5978,0.0000,86.957677,13.2623,13.2623,1.0000,0,1,3,1842531,A168_HF9F_20260827_0900,2026-08-27 09:00:00,185
114630153|8|8,8,114630153,8,2026-05-03,1,583,7,8,3,682.6987,682.6987,-503.6866,0.0000,-73.778743,85.3373,97.5284,1.1429,0,1,21,1842532,A168_HF9F_20260827_0900,2026-08-27 09:00:00,185
114630153|9|8,8,114630153,9,2026-05-03,1,583,3,5,3,102.2814,102.2814,-80.7825,0.0000,-78.980625,20.4563,34.0938,1.6667,0,1,3,1842533,A168_HF9F_20260827_0900,2026-08-27 09:00:00,185
114630176|1|8,8,114630176,1,2026-05-03,1,1623,4,4,2,90.0816,90.0816,-73.9952,0.0336,-82.142467,22.5204,22.5204,1.0000,0,1,6,1842534,A168_HF9F_20260827_0900,2026-08-27 09:00:00,185
114630176|10|8,8,114630176,10,2026-05-03,1,1623,11,16,4,512.0029,512.0029,-174.5342,0.0000,-34.088524,32.0002,46.5457,1.4545,0,1,55,1842535,A168_HF9F_20260827_0900,2026-08-27 09:00:00,185
114630176|11|8,8,114630176,11,2026-05-03,1,1623,19,29,7,2380.6894,86.5879,-447.8266,0.0000,-517.192781,82.0927,125.2994,1.5263,19,1,171,1842536,A168_HF9F_20260827_0900,2026-08-27 09:00:00,185
114630176|12|8,8,114630176,12,2026-05-03,1,1623,17,26,6,1070.2039,1059.8256,29.2564,0.0000,2.760496,41.1617,62.9532,1.5294,1,1,136,1842537,A168_HF9F_20260827_0900,2026-08-27 09:00:00,185
114630176|13|8,8,114630176,13,2026-05-03,1,1623,16,25,7,2023.6583,2023.6583,2003.6583,0.2756,99.011691,80.9463,126.4786,1.5625,0,1,120,1842538,A168_HF9F_20260827_0900,2026-08-27 09:00:00,185
114630176|14|8,8,114630176,14,2026-05-03,1,1623,14,20,6,1184.5185,1184.5185,124.7421,0.0000,10.531035,59.2259,84.6085,1.4286,0,1,91,1842539,A168_HF9F_20260827_0900,2026-08-27 09:00:00,185
114630176|15|8,8,114630176,15,2026-05-03,1,1623,10,16,7,943.3140,943.3140,306.7648,0.0000,32.519908,58.9571,94.3314,1.6000,0,1,45,1842540,A168_HF9F_20260827_0900,2026-08-27 09:00:00,185
114630176|16|8,8,114630176,16,2026-05-03,1,1623,16,21,5,3177.1524,3177.1524,2648.8170,0.0000,83.370789,151.2930,198.5720,1.3125,0,1,120,1842541,A168_HF9F_20260827_0900,2026-08-27 09:00:00,185
114630176|17|8,8,114630176,17,2026-05-03,1,1623,11,13,5,606.3805,606.3805,-80.8226,0.0168,-13.328692,46.6447,55.1255,1.1818,0,1,55,1842542,A168_HF9F_20260827_0900,2026-08-27 09:00:00,185
114630176|18|8,8,114630176,18,2026-05-03,1,1623,9,12,5,374.1363,374.1363,-201.8065,0.0336,-53.939302,31.1780,41.5707,1.3333,0,1,36,1842543,A168_HF9F_20260827_0900,2026-08-27 09:00:00,185
114630176|19|8,8,114630176,19,2026-05-03,1,1623,16,26,8,874.9428,874.9428,-396.9222,0.9453,-45.365500,33.6516,54.6839,1.6250,0,1,120,1842544,A168_HF9F_20260827_0900,2026-08-27 09:00:00,185
114630176|2|8,8,114630176,2,2026-05-03,1,1623,4,5,3,295.0777,295.0777,-237.4283,0.0000,-80.462970,59.0155,73.7694,1.2500,0,1,6,1842545,A168_HF9F_20260827_0900,2026-08-27 09:00:00,185
114630176|20|8,8,114630176,20,2026-05-03,1,1623,12,16,7,646.9672,646.9672,-474.5343,0.0000,-73.347495,40.4355,53.9139,1.3333,0,1,66,1842546,A168_HF9F_20260827_0900,2026-08-27 09:00:00,185
114630176|21|8,8,114630176,21,2026-05-03,1,1623,12,17,7,906.0303,906.0303,-236.9996,0.9453,-26.158018,53.2959,75.5025,1.4167,0,1,66,1842547,A168_HF9F_20260827_0900,2026-08-27 09:00:00,185
114630176|22|8,8,114630176,22,2026-05-03,1,1623,22,29,8,2815.6268,2815.6268,-1254.7523,1.0965,-44.563871,97.0906,127.9830,1.3182,0,1,231,1842548,A168_HF9F_20260827_0900,2026-08-27 09:00:00,185
114630176|23|8,8,114630176,23,2026-05-03,1,1623,29,36,7,5049.1055,5049.1055,-192.3904,1.0965,-3.810386,140.2529,174.1071,1.2414,0,1,406,1842549,A168_HF9F_20260827_0900,2026-08-27 09:00:00,185
114630176|24|8,8,114630176,24,2026-05-03,1,1623,25,35,8,1451.0651,1451.0651,-874.7908,1.1983,-60.286118,41.4590,58.0426,1.4000,0,1,300,1842550,A168_HF9F_20260827_0900,2026-08-27 09:00:00,185
114630176|25|8,8,114630176,25,2026-05-03,1,1623,33,48,8,2955.8166,2934.8104,1978.6578,0.5041,67.420295,61.5795,89.5702,1.4545,1,1,528,1842551,A168_HF9F_20260827_0900,2026-08-27 09:00:00,185
114630176|26|8,8,114630176,26,2026-05-03,1,1623,19,23,4,1259.8249,1259.8249,942.7420,0.2017,74.831190,54.7750,66.3066,1.2105,0,1,171,1842552,A168_HF9F_20260827_0900,2026-08-27 09:00:00,185
114630176|27|8,8,114630176,27,2026-05-03,1,1623,20,24,6,2382.5654,2382.5654,380.8756,0.9453,15.985946,99.2736,119.1283,1.2000,0,1,190,1842553,A168_HF9F_20260827_0900,2026-08-27 09:00:00,185
114630176|28|8,8,114630176,28,2026-05-03,1,1623,16,19,4,814.2859,814.2859,-303.1412,0.9453,-37.227854,42.8572,50.8929,1.1875,0,1,120,1842554,A168_HF9F_20260827_0900,2026-08-27 09:00:00,185
114630176|29|8,8,114630176,29,2026-05-03,1,1623,20,24,5,1299.9603,1299.9603,216.6888,0.9453,16.668874,54.1650,64.9980,1.2000,0,1,190,1842555,A168_HF9F_20260827_0900,2026-08-27 09:00:00,185
114630176|3|8,8,114630176,3,2026-05-03,1,1623,6,9,5,423.3627,423.3627,-186.1175,0.0000,-43.961707,47.0403,70.5604,1.5000,0,1,15,1842556,A168_HF9F_20260827_0900,2026-08-27 09:00:00,185
114630176|30|8,8,114630176,30,2026-05-03,1,1623,29,40,8,4710.1228,4684.9153,-2099.6698,1.7855,-44.817668,117.7531,162.4180,1.3793,1,1,406,1842557,A168_HF9F_20260827_0900,2026-08-27 09:00:00,185
114630176|31|8,8,114630176,31,2026-05-03,1,583,14,20,6,968.7659,947.7597,685.7724,1.3385,72.357208,48.4383,69.1976,1.4286,1,1,91,1842558,A168_HF9F_20260827_0900,2026-08-27 09:00:00,185
114630176|32|8,8,114630176,32,2026-05-03,1,583,10,11,5,263.9345,263.9345,111.7020,0.1680,42.321857,23.9940,26.3935,1.1000,0,1,45,1842559,A168_HF9F_20260827_0900,2026-08-27 09:00:00,185
114630176|33|8,8,114630176,33,2026-05-03,1,583,18,21,6,756.0353,756.0353,-62.4160,0.9453,-8.255705,36.0017,42.0020,1.1667,0,1,153,1842560,A168_HF9F_20260827_0900,2026-08-27 09:00:00,185
114630176|34|8,8,114630176,34,2026-05-03,1,583,11,14,5,2238.6105,2238.6105,1886.9439,14.9564,84.290854,159.9008,203.5100,1.2727,0,1,55,1842561,A168_HF9F_20260827_0900,2026-08-27 09:00:00,185
114630176|35|8,8,114630176,35,2026-05-03,1,583,11,12,3,4541.5420,4541.5420,744.2241,17.8889,16.387035,378.4618,412.8675,1.0909,0,1,55,1842562,A168_HF9F_20260827_0900,2026-08-27 09:00:00,185
114630176|36|8,8,114630176,36,2026-05-03,1,583,12,14,5,3916.6512,3916.6512,3816.7594,29.6187,97.449562,279.7608,326.3876,1.1667,0,1,66,1842563,A168_HF9F_20260827_0900,2026-08-27 09:00:00,185
114630176|37|8,8,114630176,37,2026-05-03,1,583,15,16,3,6356.6535,315.0930,-2520.7436,2.5207,-800.000000,397.2908,423.7769,1.0667,15,1,105,1842564,A168_HF9F_20260827_0900,2026-08-27 09:00:00,185
114630176|38|8,8,114630176,38,2026-05-03,1,583,19,21,5,7212.7284,7212.7284,5497.6907,40.4369,76.222067,343.4633,379.6173,1.1053,0,1,171,1842565,A168_HF9F_20260827_0900,2026-08-27 09:00:00,185
114630176|39|8,8,114630176,39,2026-05-03,1,583,15,19,7,3348.4361,3348.4361,-2915.0187,21.3633,-87.056123,176.2335,223.2291,1.2667,0,1,105,1842566,A168_HF9F_20260827_0900,2026-08-27 09:00:00,185
114630176|4|8,8,114630176,4,2026-05-03,1,1623,10,13,5,1081.2492,1081.2492,14.8133,0.0000,1.370020,83.1730,108.1249,1.3000,0,1,45,1842567,A168_HF9F_20260827_0900,2026-08-27 09:00:00,185
114630176|40|8,8,114630176,40,2026-05-03,1,583,11,13,4,2493.6079,2493.6079,551.8508,13.9901,22.130616,191.8160,226.6916,1.1818,0,1,55,1842568,A168_HF9F_20260827_0900,2026-08-27 09:00:00,185
114630176|41|8,8,114630176,41,2026-05-03,1,583,13,19,6,4709.3559,4709.3559,2069.2907,26.7955,43.939994,247.8608,362.2581,1.4615,0,1,78,1842569,A168_HF9F_20260827_0900,2026-08-27 09:00:00,185
114630176|42|8,8,114630176,42,2026-05-03,1,583,14,16,3,2300.1110,2300.1110,964.0605,12.0609,41.913653,143.7569,164.2936,1.1429,0,1,91,1842570,A168_HF9F_20260827_0900,2026-08-27 09:00:00,185
114630176|43|8,8,114630176,43,2026-05-03,1,583,9,9,2,677.4021,677.4021,-405.6078,1.8906,-59.876965,75.2669,75.2669,1.0000,0,1,36,1842571,A168_HF9F_20260827_0900,2026-08-27 09:00:00,185
114630176|44|8,8,114630176,44,2026-05-03,1,583,11,13,4,1630.3169,1630.3169,369.3107,6.9746,22.652694,125.4090,148.2106,1.1818,0,1,55,1842572,A168_HF9F_20260827_0900,2026-08-27 09:00:00,185
114630176|45|8,8,114630176,45,2026-05-03,1,583,5,5,2,163.2571,163.2571,132.1222,0.9453,80.928936,32.6514,32.6514,1.0000,0,1,10,1842573,A168_HF9F_20260827_0900,2026-08-27 09:00:00,185
114630176|46|8,8,114630176,46,2026-05-03,1,583,10,10,2,1715.5245,1715.5245,1449.2709,0.9453,84.479758,171.5524,171.5524,1.0000,0,1,45,1842574,A168_HF9F_20260827_0900,2026-08-27 09:00:00,185
114630176|47|8,8,114630176,47,2026-05-03,1,583,7,7,2,438.4855,438.4855,398.4855,0.9453,90.877693,62.6408,62.6408,1.0000,0,1,21,1842575,A168_HF9F_20260827_0900,2026-08-27 09:00:00,185
114630176|48|8,8,114630176,48,2026-05-03,1,583,8,8,2,1589.5748,1589.5748,-973.7980,0.9453,-61.261540,198.6969,198.6969,1.0000,0,1,28,1842576,A168_HF9F_20260827_0900,2026-08-27 09:00:00,185
114630176|49|8,8,114630176,49,2026-05-03,1,583,6,7,3,563.5478,563.5478,-453.3277,1.8906,-80.441744,80.5068,93.9246,1.1667,0,1,15,1842577,A168_HF9F_20260827_0900,2026-08-27 09:00:00,185
114630176|5|8,8,114630176,5,2026-05-03,1,1623,16,22,6,2018.6265,2018.6265,109.7770,0.0000,5.438201,91.7558,126.1642,1.3750,0,1,120,1842578,A168_HF9F_20260827_0900,2026-08-27 09:00:00,185
114630176|50|8,8,114630176,50,2026-05-03,1,583,10,10,2,1076.3275,1076.3275,-450.0670,0.9453,-41.815062,107.6328,107.6328,1.0000,0,1,45,1842579,A168_HF9F_20260827_0900,2026-08-27 09:00:00,185
114630176|51|8,8,114630176,51,2026-05-03,1,583,11,12,3,1535.5289,1535.5289,856.6432,0.9453,55.788152,127.9607,139.5935,1.0909,0,1,55,1842580,A168_HF9F_20260827_0900,2026-08-27 09:00:00,185
114630176|52|8,8,114630176,52,2026-05-03,1,583,15,18,4,2502.5983,2502.5983,1811.9812,2.3107,72.403998,139.0332,166.8399,1.2000,0,1,105,1842581,A168_HF9F_20260827_0900,2026-08-27 09:00:00,185
114630176|53|8,8,114630176,53,2026-05-03,1,583,12,13,3,1023.4441,1023.4441,-395.8501,1.8696,-38.678236,78.7265,85.2870,1.0833,0,1,66,1842582,A168_HF9F_20260827_0900,2026-08-27 09:00:00,185
114630176|54|8,8,114630176,54,2026-05-03,1,583,7,7,2,480.8352,480.8352,-184.6478,0.9453,-38.401481,68.6907,68.6907,1.0000,0,1,21,1842583,A168_HF9F_20260827_0900,2026-08-27 09:00:00,185
114630176|6|8,8,114630176,6,2026-05-03,1,1623,29,38,8,4858.3522,49.6149,7.3582,0.0000,14.830657,127.8514,167.5294,1.3103,29,1,406,1842584,A168_HF9F_20260827_0900,2026-08-27 09:00:00,185
114630176|7|8,8,114630176,7,2026-05-03,1,1623,21,32,8,4213.9143,4213.9143,159.0885,0.0672,3.775313,131.6848,200.6626,1.5238,0,1,210,1842585,A168_HF9F_20260827_0900,2026-08-27 09:00:00,185
114630176|8|8,8,114630176,8,2026-05-03,1,1623,25,36,8,7285.9043,64.2457,-36.1643,0.0000,-56.290561,202.3862,291.4362,1.4400,24,1,300,1842586,A168_HF9F_20260827_0900,2026-08-27 09:00:00,185
114630176|9|8,8,114630176,9,2026-05-03,1,1623,29,49,8,7746.1807,7746.1807,-2876.2881,0.3361,-37.131694,158.0853,267.1097,1.6897,0,1,406,1842587,A168_HF9F_20260827_0900,2026-08-27 09:00:00,185
114630203|1|8,8,114630203,1,2026-05-03,1,583,3,3,2,603.2248,603.2248,596.7752,0.0000,98.930827,201.0749,201.0749,1.0000,0,1,3,1842588,A168_HF9F_20260827_0900,2026-08-27 09:00:00,185
114630203|10|8,8,114630203,10,2026-05-03,1,526,9,15,6,665.6458,665.6458,-579.0317,0.0941,-86.987956,44.3764,73.9606,1.6667,0,1,36,1842589,A168_HF9F_20260827_0900,2026-08-27 09:00:00,185
114630203|11|8,8,114630203,11,2026-05-03,1,526,9,13,6,1071.4310,1071.4310,-918.7098,0.0000,-85.746054,82.4178,119.0479,1.4444,0,1,36,1842590,A168_HF9F_20260827_0900,2026-08-27 09:00:00,185
114630203|12|8,8,114630203,12,2026-05-03,1,526,5,5,1,727.1710,727.1710,-727.1710,0.0000,-100.000000,145.4342,145.4342,1.0000,0,1,10,1842591,A168_HF9F_20260827_0900,2026-08-27 09:00:00,185
114630203|13|8,8,114630203,13,2026-05-03,1,526,10,12,5,402.7221,402.7221,-325.5565,0.0000,-80.838998,33.5602,40.2722,1.2000,0,1,45,1842592,A168_HF9F_20260827_0900,2026-08-27 09:00:00,185
114630203|14|8,8,114630203,14,2026-05-03,1,526,22,24,4,1553.1283,1553.1283,-237.6783,0.0958,-15.303201,64.7137,70.5967,1.0909,0,1,231,1842593,A168_HF9F_20260827_0900,2026-08-27 09:00:00,185
114630203|15|8,8,114630203,15,2026-05-03,1,526,12,14,4,1447.9069,1447.9069,3.6428,0.0000,0.251588,103.4219,120.6589,1.1667,0,1,66,1842594,A168_HF9F_20260827_0900,2026-08-27 09:00:00,185
114630203|16|8,8,114630203,16,2026-05-03,1,526,12,16,6,1986.5084,1986.5084,-146.4472,0.0000,-7.372090,124.1568,165.5424,1.3333,0,1,66,1842595,A168_HF9F_20260827_0900,2026-08-27 09:00:00,185
114630203|17|8,8,114630203,17,2026-05-03,1,526,15,17,4,2315.8079,2315.8079,-13.4492,0.0000,-0.580756,136.2240,154.3872,1.1333,0,1,105,1842596,A168_HF9F_20260827_0900,2026-08-27 09:00:00,185
114630203|18|8,8,114630203,18,2026-05-03,1,526,10,13,5,1138.4897,1138.4897,-21.2030,0.0000,-1.862383,87.5761,113.8490,1.3000,0,1,45,1842597,A168_HF9F_20260827_0900,2026-08-27 09:00:00,185
114630203|19|8,8,114630203,19,2026-05-03,1,526,13,15,4,1222.6263,1222.6263,-1087.7086,0.3361,-88.964923,81.5084,94.0482,1.1538,0,1,78,1842598,A168_HF9F_20260827_0900,2026-08-27 09:00:00,185
114630203|2|8,8,114630203,2,2026-05-03,1,583,7,7,2,2059.4925,2059.4925,2052.9386,13.8081,99.681769,294.2132,294.2132,1.0000,0,1,21,1842599,A168_HF9F_20260827_0900,2026-08-27 09:00:00,185
114630203|20|8,8,114630203,20,2026-05-03,1,526,11,16,6,900.1532,900.1532,792.6538,0.3361,88.057654,56.2596,81.8321,1.4545,0,1,55,1842600,A168_HF9F_20260827_0900,2026-08-27 09:00:00,185
114630203|21|8,8,114630203,21,2026-05-03,1,526,14,14,2,1498.0451,1498.0451,418.5754,0.0000,27.941442,107.0032,107.0032,1.0000,0,1,91,1842601,A168_HF9F_20260827_0900,2026-08-27 09:00:00,185
114630203|22|8,8,114630203,22,2026-05-03,1,526,13,13,2,1222.6317,1222.6317,203.8722,0.0000,16.674865,94.0486,94.0486,1.0000,0,1,78,1842602,A168_HF9F_20260827_0900,2026-08-27 09:00:00,185
114630203|23|8,8,114630203,23,2026-05-03,1,526,14,16,4,1216.3514,1216.3514,-1017.1093,0.0840,-83.619693,76.0220,86.8822,1.1429,0,1,91,1842603,A168_HF9F_20260827_0900,2026-08-27 09:00:00,185
114630203|24|8,8,114630203,24,2026-05-03,1,526,17,18,3,1239.1180,1239.1180,-570.8193,0.0840,-46.066584,68.8399,72.8893,1.0588,0,1,136,1842604,A168_HF9F_20260827_0900,2026-08-27 09:00:00,185
114630203|25|8,8,114630203,25,2026-05-03,1,526,21,25,6,3119.4364,3119.4364,1041.4918,0.0000,33.387180,124.7775,148.5446,1.1905,0,1,210,1842605,A168_HF9F_20260827_0900,2026-08-27 09:00:00,185
114630203|26|8,8,114630203,26,2026-05-03,1,526,14,16,4,712.3576,712.3576,-52.5446,0.0000,-7.376157,44.5224,50.8827,1.1429,0,1,91,1842606,A168_HF9F_20260827_0900,2026-08-27 09:00:00,185
114630203|27|8,8,114630203,27,2026-05-03,1,526,14,16,4,1104.9313,1104.9313,-582.4567,0.0000,-52.714292,69.0582,78.9237,1.1429,0,1,91,1842607,A168_HF9F_20260827_0900,2026-08-27 09:00:00,185
114630203|28|8,8,114630203,28,2026-05-03,1,526,11,12,3,583.6728,583.6728,493.0794,0.0000,84.478738,48.6394,53.0612,1.0909,0,1,55,1842608,A168_HF9F_20260827_0900,2026-08-27 09:00:00,185
114630203|29|8,8,114630203,29,2026-05-03,1,526,22,23,3,2305.6255,2305.6255,-602.1405,0.1512,-26.116144,100.2446,104.8012,1.0455,0,1,231,1842609,A168_HF9F_20260827_0900,2026-08-27 09:00:00,185
114630203|3|8,8,114630203,3,2026-05-03,1,583,6,6,2,380.3381,380.3381,-330.6629,0.0269,-86.939209,63.3897,63.3897,1.0000,0,1,15,1842610,A168_HF9F_20260827_0900,2026-08-27 09:00:00,185
114630203|30|8,8,114630203,30,2026-05-03,1,526,28,34,7,960.5675,960.5675,98.3223,0.1512,10.235857,28.2520,34.3060,1.2143,0,1,378,1842611,A168_HF9F_20260827_0900,2026-08-27 09:00:00,185
114630203|31|8,8,114630203,31,2026-05-03,1,526,26,31,5,1374.3801,1374.3801,-53.3944,0.0000,-3.884981,44.3348,52.8608,1.1923,0,1,325,1842612,A168_HF9F_20260827_0900,2026-08-27 09:00:00,185
114630203|32|8,8,114630203,32,2026-05-03,1,526,20,27,7,903.2040,853.2040,-390.0209,0.0000,-45.712502,33.4520,45.1602,1.3500,0,1,190,1842613,A168_HF9F_20260827_0900,2026-08-27 09:00:00,185
114630203|33|8,8,114630203,33,2026-05-03,1,526,24,27,5,2835.1889,2835.1889,2390.6747,0.0000,84.321531,105.0070,118.1329,1.1250,0,1,276,1842614,A168_HF9F_20260827_0900,2026-08-27 09:00:00,185
114630203|34|8,8,114630203,34,2026-05-03,1,526,21,28,5,1249.5774,1223.6317,-632.0796,0.0000,-51.656034,44.6278,59.5037,1.3333,1,1,210,1842615,A168_HF9F_20260827_0900,2026-08-27 09:00:00,185
114630203|35|8,8,114630203,35,2026-05-03,1,526,31,38,5,9756.9756,79.2756,-177.5870,0.0000,-224.012225,256.7625,314.7411,1.2258,30,1,465,1842616,A168_HF9F_20260827_0900,2026-08-27 09:00:00,185
114630203|36|8,8,114630203,36,2026-05-03,1,526,42,67,8,4613.7976,4557.7049,-1277.1875,5.0625,-28.022602,68.8627,109.8523,1.5952,2,1,861,1842617,A168_HF9F_20260827_0900,2026-08-27 09:00:00,185
114630203|37|8,8,114630203,37,2026-05-03,1,526,25,27,4,2007.8636,2007.8636,1041.5269,4.7264,51.872395,74.3653,80.3145,1.0800,0,1,300,1842618,A168_HF9F_20260827_0900,2026-08-27 09:00:00,185
114630203|38|8,8,114630203,38,2026-05-03,1,526,22,32,7,1625.8656,52.4030,52.4030,0.0000,100.000000,50.8083,73.9030,1.4545,22,1,231,1842619,A168_HF9F_20260827_0900,2026-08-27 09:00:00,185
114630203|39|8,8,114630203,39,2026-05-03,1,526,21,33,8,2095.0474,2095.0474,-244.4252,0.0000,-11.666810,63.4863,99.7642,1.5714,0,1,210,1842620,A168_HF9F_20260827_0900,2026-08-27 09:00:00,185
114630203|4|8,8,114630203,4,2026-05-03,1,583,7,7,2,1390.8709,1390.8709,-332.0132,0.0000,-23.870887,198.6958,198.6958,1.0000,0,1,21,1842621,A168_HF9F_20260827_0900,2026-08-27 09:00:00,185
114630203|40|8,8,114630203,40,2026-05-03,1,1623,16,24,7,1669.5538,1669.5538,136.2809,0.0000,8.162714,69.5647,104.3471,1.5000,0,1,120,1842622,A168_HF9F_20260827_0900,2026-08-27 09:00:00,185
114630203|41|8,8,114630203,41,2026-05-03,1,1623,13,13,3,1173.1296,1173.1296,13.0631,0.0000,1.113527,90.2407,90.2407,1.0000,0,1,78,1842623,A168_HF9F_20260827_0900,2026-08-27 09:00:00,185
114630203|42|8,8,114630203,42,2026-05-03,1,1623,17,23,6,3035.6561,3035.6561,-709.0176,4.7936,-23.356320,131.9850,178.5680,1.3529,0,1,136,1842624,A168_HF9F_20260827_0900,2026-08-27 09:00:00,185
114630203|43|8,8,114630203,43,2026-05-03,1,1623,17,25,8,1984.4969,1984.4969,1030.4768,5.6717,51.926350,79.3799,116.7351,1.4706,0,1,136,1842625,A168_HF9F_20260827_0900,2026-08-27 09:00:00,185
114630203|44|8,8,114630203,44,2026-05-03,1,1623,16,19,5,2299.1278,2299.1278,-1276.8313,0.0000,-55.535465,121.0067,143.6955,1.1875,0,1,120,1842626,A168_HF9F_20260827_0900,2026-08-27 09:00:00,185
114630203|45|8,8,114630203,45,2026-05-03,1,1623,16,22,7,2520.9747,2520.9747,304.2822,0.0000,12.070022,114.5898,157.5609,1.3750,0,1,120,1842627,A168_HF9F_20260827_0900,2026-08-27 09:00:00,185
114630203|46|8,8,114630203,46,2026-05-03,1,1623,16,22,7,1653.6249,1653.6249,-648.1233,0.0000,-39.194093,75.1648,103.3516,1.3750,0,1,120,1842628,A168_HF9F_20260827_0900,2026-08-27 09:00:00,185
114630203|47|8,8,114630203,47,2026-05-03,1,1623,15,21,7,1928.3397,81.2053,-82.2528,0.0000,-101.289954,91.8257,128.5560,1.4000,15,1,105,1842629,A168_HF9F_20260827_0900,2026-08-27 09:00:00,185
114630203|48|8,8,114630203,48,2026-05-03,1,1623,13,17,7,1075.0724,86.8884,-233.0909,0.0000,-268.264826,63.2396,82.6979,1.3077,12,1,78,1842630,A168_HF9F_20260827_0900,2026-08-27 09:00:00,185
114630203|49|8,8,114630203,49,2026-05-03,1,1623,13,19,5,827.7768,827.7768,431.6714,0.0000,52.148289,43.5672,63.6751,1.4615,0,1,78,1842631,A168_HF9F_20260827_0900,2026-08-27 09:00:00,185
114630203|5|8,8,114630203,5,2026-05-03,1,583,5,5,2,1284.0830,1284.0830,1267.2780,0.0000,98.691287,256.8166,256.8166,1.0000,0,1,10,1842632,A168_HF9F_20260827_0900,2026-08-27 09:00:00,185
114630203|6|8,8,114630203,6,2026-05-03,1,583,7,8,2,884.3451,884.3451,-864.3451,0.0000,-97.738439,110.5431,126.3350,1.1429,0,1,21,1842633,A168_HF9F_20260827_0900,2026-08-27 09:00:00,185
114630203|7|8,8,114630203,7,2026-05-03,1,526,7,7,2,1256.3593,0.0000,0.0000,0.0000,,179.4799,179.4799,1.0000,7,1,21,1842634,A168_HF9F_20260827_0900,2026-08-27 09:00:00,185
114630203|8|8,8,114630203,8,2026-05-03,1,526,4,4,2,514.1261,514.1261,136.0146,0.0000,26.455493,128.5315,128.5315,1.0000,0,1,6,1842635,A168_HF9F_20260827_0900,2026-08-27 09:00:00,185
114630203|9|8,8,114630203,9,2026-05-03,1,526,9,15,5,2491.2507,2491.2507,958.5843,0.0000,38.478035,166.0834,276.8056,1.6667,0,1,36,1842636,A168_HF9F_20260827_0900,2026-08-27 09:00:00,185
114630228|1|8,8,114630228,1,2026-05-03,1,1623,2,2,2,119.3503,119.3503,114.2909,0.0000,95.760870,59.6752,59.6752,1.0000,0,1,1,1842637,A168_HF9F_20260827_0900,2026-08-27 09:00:00,185
114630228|10|8,8,114630228,10,2026-05-03,1,1623,6,6,3,191.0518,191.0518,-109.6544,0.0000,-57.395109,31.8420,31.8420,1.0000,0,1,15,1842638,A168_HF9F_20260827_0900,2026-08-27 09:00:00,185
114630228|11|8,8,114630228,11,2026-05-03,1,1623,11,12,3,1449.8157,1449.8157,-171.6124,5.7389,-11.836845,120.8180,131.8014,1.0909,0,1,55,1842639,A168_HF9F_20260827_0900,2026-08-27 09:00:00,185
114630228|12|8,8,114630228,12,2026-05-03,1,1623,12,14,3,368.2798,363.0906,-136.7343,0.0000,-37.658452,26.3057,30.6900,1.1667,1,1,66,1842640,A168_HF9F_20260827_0900,2026-08-27 09:00:00,185
114630228|13|8,8,114630228,13,2026-05-03,1,1623,18,23,5,1598.8211,1544.3446,-275.3332,0.3361,-17.828479,69.5140,88.8234,1.2778,1,1,153,1842641,A168_HF9F_20260827_0900,2026-08-27 09:00:00,185
114630228|14|8,8,114630228,14,2026-05-03,1,1623,27,36,6,1677.1350,1671.9458,141.0801,0.3529,8.438078,46.5871,62.1161,1.3333,1,1,351,1842642,A168_HF9F_20260827_0900,2026-08-27 09:00:00,185
114630228|15|8,8,114630228,15,2026-05-03,1,1623,31,48,8,2753.1042,2747.9151,1328.3223,0.0672,48.339278,57.3563,88.8098,1.5484,1,1,465,1842643,A168_HF9F_20260827_0900,2026-08-27 09:00:00,185
114630228|16|8,8,114630228,16,2026-05-03,1,1623,33,48,7,4047.7456,4021.5503,-1833.9519,0.1680,-45.603107,84.3280,122.6590,1.4545,2,1,528,1842644,A168_HF9F_20260827_0900,2026-08-27 09:00:00,185
114630228|17|8,8,114630228,17,2026-05-03,1,1623,16,24,7,1337.0774,1337.0774,563.8968,0.2521,42.173837,55.7116,83.5673,1.5000,0,1,120,1842645,A168_HF9F_20260827_0900,2026-08-27 09:00:00,185
114630228|18|8,8,114630228,18,2026-05-03,1,1623,21,26,3,1778.4080,1757.4018,-1191.0984,0.3361,-67.776099,68.4003,84.6861,1.2381,1,1,210,1842646,A168_HF9F_20260827_0900,2026-08-27 09:00:00,185
114630228|19|8,8,114630228,19,2026-05-03,1,1623,22,30,4,1220.6906,1207.0990,-505.3697,0.2201,-41.866467,40.6897,55.4859,1.3636,2,1,231,1842647,A168_HF9F_20260827_0900,2026-08-27 09:00:00,185
114630228|2|8,8,114630228,2,2026-05-03,1,1623,4,4,2,710.2201,710.2201,500.1582,0.0000,70.422977,177.5550,177.5550,1.0000,0,1,6,1842648,A168_HF9F_20260827_0900,2026-08-27 09:00:00,185
114630228|20|8,8,114630228,20,2026-05-03,1,1623,23,27,4,1669.9473,1664.7581,-1202.3405,0.0827,-72.223132,61.8499,72.6064,1.1739,1,1,253,1842649,A168_HF9F_20260827_0900,2026-08-27 09:00:00,185
114630228|21|8,8,114630228,21,2026-05-03,1,1623,26,32,4,1929.7358,1809.7086,-836.9326,0.2185,-46.246816,60.3042,74.2206,1.2308,1,1,325,1842650,A168_HF9F_20260827_0900,2026-08-27 09:00:00,185
114630228|22|8,8,114630228,22,2026-05-03,1,1623,32,37,4,1650.2124,1650.2124,1201.6753,0.2353,72.819431,44.6003,51.5691,1.1563,0,1,496,1842651,A168_HF9F_20260827_0900,2026-08-27 09:00:00,185
114630228|23|8,8,114630228,23,2026-05-03,1,1623,18,20,3,1397.3072,1392.1181,-406.4581,0.0168,-29.197101,69.8654,77.6282,1.1111,1,1,153,1842652,A168_HF9F_20260827_0900,2026-08-27 09:00:00,185
114630228|24|8,8,114630228,24,2026-05-03,1,583,18,20,3,980.6355,980.6355,33.8594,0.0336,3.452806,49.0318,54.4798,1.1111,0,1,153,1842653,A168_HF9F_20260827_0900,2026-08-27 09:00:00,185
114630228|25|8,8,114630228,25,2026-05-03,1,583,25,28,5,1645.2031,1645.2031,133.3376,0.0168,8.104626,58.7573,65.8081,1.1200,0,1,300,1842654,A168_HF9F_20260827_0900,2026-08-27 09:00:00,185
114630228|26|8,8,114630228,26,2026-05-03,1,583,20,21,3,878.4266,878.4266,-686.1787,0.0168,-78.114512,41.8298,43.9213,1.0500,0,1,190,1842655,A168_HF9F_20260827_0900,2026-08-27 09:00:00,185
114630228|27|8,8,114630228,27,2026-05-03,1,583,25,26,3,1097.2269,1097.2269,-89.7734,0.0168,-8.181847,42.2010,43.8891,1.0400,0,1,300,1842656,A168_HF9F_20260827_0900,2026-08-27 09:00:00,185
114630228|28|8,8,114630228,28,2026-05-03,1,583,24,25,4,847.5682,847.5682,121.5996,0.0168,14.346876,33.9027,35.3153,1.0417,0,1,276,1842657,A168_HF9F_20260827_0900,2026-08-27 09:00:00,185
114630228|29|8,8,114630228,29,2026-05-03,1,583,14,15,3,680.1645,680.1645,565.2322,0.0000,83.102282,45.3443,48.5832,1.0714,0,1,91,1842658,A168_HF9F_20260827_0900,2026-08-27 09:00:00,185
114630228|3|8,8,114630228,3,2026-05-03,1,1623,6,6,2,439.7621,439.7621,338.5738,0.1378,76.990216,73.2937,73.2937,1.0000,0,1,15,1842659,A168_HF9F_20260827_0900,2026-08-27 09:00:00,185
114630228|30|8,8,114630228,30,2026-05-03,1,583,11,11,3,381.6681,381.6681,294.9279,0.0168,77.273396,34.6971,34.6971,1.0000,0,1,55,1842660,A168_HF9F_20260827_0900,2026-08-27 09:00:00,185
114630228|31|8,8,114630228,31,2026-05-03,1,583,10,10,2,3471.9935,3471.9935,-3233.6430,0.0168,-93.135053,347.1994,347.1994,1.0000,0,1,45,1842661,A168_HF9F_20260827_0900,2026-08-27 09:00:00,185
114630228|32|8,8,114630228,32,2026-05-03,1,583,15,15,2,807.4756,807.4756,-687.3931,0.0319,-85.128654,53.8317,53.8317,1.0000,0,1,105,1842662,A168_HF9F_20260827_0900,2026-08-27 09:00:00,185
114630228|33|8,8,114630228,33,2026-05-03,1,583,14,15,3,290.7577,290.7577,-233.4145,0.2823,-80.278023,19.3838,20.7684,1.0714,0,1,91,1842663,A168_HF9F_20260827_0900,2026-08-27 09:00:00,185
114630228|34|8,8,114630228,34,2026-05-03,1,583,21,23,3,4349.3913,4349.3913,-3975.5748,0.4663,-91.405315,189.1040,207.1139,1.0952,0,1,210,1842664,A168_HF9F_20260827_0900,2026-08-27 09:00:00,185
114630228|35|8,8,114630228,35,2026-05-03,1,583,36,45,6,2048.2898,2048.2898,1439.5491,0.2185,70.280539,45.5176,56.8969,1.2500,0,1,630,1842665,A168_HF9F_20260827_0900,2026-08-27 09:00:00,185
114630228|36|8,8,114630228,36,2026-05-03,1,583,15,16,3,351.9660,351.9660,-59.0863,0.0336,-16.787513,21.9979,23.4644,1.0667,0,1,105,1842666,A168_HF9F_20260827_0900,2026-08-27 09:00:00,185
114630228|37|8,8,114630228,37,2026-05-03,1,583,16,17,3,621.3905,2.1006,-16.8050,0.0000,-800.000000,36.5524,38.8369,1.0625,16,1,120,1842667,A168_HF9F_20260827_0900,2026-08-27 09:00:00,185
114630228|38|8,8,114630228,38,2026-05-03,1,583,18,18,2,1024.4503,1024.4503,-739.1215,0.1344,-72.148105,56.9139,56.9139,1.0000,0,1,153,1842668,A168_HF9F_20260827_0900,2026-08-27 09:00:00,185
114630228|39|8,8,114630228,39,2026-05-03,1,583,15,15,2,1215.0401,1215.0401,-249.8138,0.1176,-20.560131,81.0027,81.0027,1.0000,0,1,105,1842669,A168_HF9F_20260827_0900,2026-08-27 09:00:00,185
114630228|4|8,8,114630228,4,2026-05-03,1,1623,4,4,2,48.3614,48.3614,-43.1723,0.1378,-89.270069,12.0903,12.0903,1.0000,0,1,6,1842670,A168_HF9F_20260827_0900,2026-08-27 09:00:00,185
114630228|40|8,8,114630228,40,2026-05-03,1,583,14,19,5,864.8119,864.8119,-38.8357,0.4353,-4.490650,45.5164,61.7723,1.3571,0,1,91,1842671,A168_HF9F_20260827_0900,2026-08-27 09:00:00,185
114630228|41|8,8,114630228,41,2026-05-03,1,583,13,15,4,416.3982,416.3982,395.8584,0.1512,95.067276,27.7599,32.0306,1.1538,0,1,78,1842672,A168_HF9F_20260827_0900,2026-08-27 09:00:00,185
114630228|42|8,8,114630228,42,2026-05-03,1,583,11,14,5,363.2688,363.2688,221.4029,0.1680,60.947399,25.9478,33.0244,1.2727,0,1,55,1842673,A168_HF9F_20260827_0900,2026-08-27 09:00:00,185
114630228|43|8,8,114630228,43,2026-05-03,1,583,8,11,5,408.9696,408.9696,371.6249,0.1176,90.868580,37.1791,51.1212,1.3750,0,1,28,1842674,A168_HF9F_20260827_0900,2026-08-27 09:00:00,185
114630228|44|8,8,114630228,44,2026-05-03,1,583,11,14,4,228.6048,228.6048,104.2572,0.1176,45.605865,16.3289,20.7823,1.2727,0,1,55,1842675,A168_HF9F_20260827_0900,2026-08-27 09:00:00,185
114630228|45|8,8,114630228,45,2026-05-03,1,583,10,15,7,315.4574,315.4574,-219.1783,0.1680,-69.479531,21.0305,31.5457,1.5000,0,1,45,1842676,A168_HF9F_20260827_0900,2026-08-27 09:00:00,185
114630228|46|8,8,114630228,46,2026-05-03,1,583,18,21,4,1122.3485,1122.3485,678.9157,0.1176,60.490632,53.4452,62.3527,1.1667,0,1,153,1842677,A168_HF9F_20260827_0900,2026-08-27 09:00:00,185
114630228|47|8,8,114630228,47,2026-05-03,1,583,17,20,5,522.3173,522.3173,237.0430,0.0840,45.382950,26.1159,30.7245,1.1765,0,1,136,1842678,A168_HF9F_20260827_0900,2026-08-27 09:00:00,185
114630228|48|8,8,114630228,48,2026-05-03,1,583,12,14,4,612.6171,612.6171,-218.2210,0.1344,-35.621104,43.7584,51.0514,1.1667,0,1,66,1842679,A168_HF9F_20260827_0900,2026-08-27 09:00:00,185
114630228|49|8,8,114630228,49,2026-05-03,1,583,13,19,5,782.4783,782.4783,-267.9516,0.1512,-34.243965,41.1831,60.1906,1.4615,0,1,78,1842680,A168_HF9F_20260827_0900,2026-08-27 09:00:00,185
114630228|5|8,8,114630228,5,2026-05-03,1,1623,18,19,3,2694.3614,2694.3614,790.4994,0.1378,29.339026,141.8085,149.6867,1.0556,0,1,153,1842681,A168_HF9F_20260827_0900,2026-08-27 09:00:00,185
114630228|50|8,8,114630228,50,2026-05-03,1,583,13,19,5,659.7557,659.7557,154.2121,0.1680,23.374122,34.7240,50.7504,1.4615,0,1,78,1842682,A168_HF9F_20260827_0900,2026-08-27 09:00:00,185
114630228|51|8,8,114630228,51,2026-05-03,1,583,11,17,6,516.3731,516.3731,-36.4009,0.2017,-7.049341,30.3749,46.9430,1.5455,0,1,55,1842683,A168_HF9F_20260827_0900,2026-08-27 09:00:00,185
114630228|52|8,8,114630228,52,2026-05-03,1,583,10,14,5,636.4703,636.4703,510.0746,0.1748,80.141140,45.4622,63.6470,1.4000,0,1,45,1842684,A168_HF9F_20260827_0900,2026-08-27 09:00:00,185
114630228|6|8,8,114630228,6,2026-05-03,1,1623,11,12,4,321.4967,321.4967,95.8774,0.0689,29.822199,26.7914,29.2270,1.0909,0,1,55,1842685,A168_HF9F_20260827_0900,2026-08-27 09:00:00,185
114630228|7|8,8,114630228,7,2026-05-03,1,1623,4,4,2,137.7725,137.7725,132.7131,0.0000,96.327703,34.4431,34.4431,1.0000,0,1,6,1842686,A168_HF9F_20260827_0900,2026-08-27 09:00:00,185
114630228|8|8,8,114630228,8,2026-05-03,1,1623,10,13,3,1066.5089,30.6409,-245.1273,0.0000,-800.000000,82.0391,106.6509,1.3000,10,1,45,1842687,A168_HF9F_20260827_0900,2026-08-27 09:00:00,185
114630228|9|8,8,114630228,9,2026-05-03,1,1623,3,3,2,50.9960,50.9960,45.9366,0.0000,90.078806,16.9987,16.9987,1.0000,0,1,3,1842688,A168_HF9F_20260827_0900,2026-08-27 09:00:00,185
114630253|1|8,8,114630253,1,2026-05-03,1,583,1,1,1,2.5946,2.5946,-2.4648,0.0000,-95.000000,2.5946,2.5946,1.0000,0,0,0,1842689,A168_HF9F_20260827_0900,2026-08-27 09:00:00,185
114630253|10|8,8,114630253,10,2026-05-03,1,526,15,21,5,437.5359,37.7935,-233.5291,0.0504,-617.908119,20.8350,29.1691,1.4000,14,1,105,1842690,A168_HF9F_20260827_0900,2026-08-27 09:00:00,185
114630253|11|8,8,114630253,11,2026-05-03,1,526,12,20,5,1346.7796,1346.7796,-709.7115,0.3025,-52.696935,67.3390,112.2316,1.6667,0,1,66,1842691,A168_HF9F_20260827_0900,2026-08-27 09:00:00,185
114630253|12|8,8,114630253,12,2026-05-03,1,526,13,22,5,1951.0531,1951.0531,-145.6289,0.1680,-7.464119,88.6842,150.0810,1.6923,0,1,78,1842692,A168_HF9F_20260827_0900,2026-08-27 09:00:00,185
114630253|13|8,8,114630253,13,2026-05-03,1,526,9,14,6,551.5399,551.5399,-527.0436,0.1714,-95.558570,39.3957,61.2822,1.5556,0,1,36,1842693,A168_HF9F_20260827_0900,2026-08-27 09:00:00,185
114630253|14|8,8,114630253,14,2026-05-03,1,526,10,17,6,492.4015,487.2124,-182.9502,0.4504,-37.550399,28.9648,49.2402,1.7000,1,1,45,1842694,A168_HF9F_20260827_0900,2026-08-27 09:00:00,185
114630253|15|8,8,114630253,15,2026-05-03,1,526,20,29,6,3142.7448,56.7426,37.8370,0.0336,66.681835,108.3705,157.1372,1.4500,20,1,190,1842695,A168_HF9F_20260827_0900,2026-08-27 09:00:00,185
114630253|16|8,8,114630253,16,2026-05-03,1,526,21,35,8,2607.8307,2607.8307,1887.3805,0.3563,72.373580,74.5094,124.1824,1.6667,0,1,210,1842696,A168_HF9F_20260827_0900,2026-08-27 09:00:00,185
114630253|17|8,8,114630253,17,2026-05-03,1,526,19,31,7,475.3040,475.3040,-294.3634,0.3428,-61.931594,15.3324,25.0160,1.6316,0,1,171,1842697,A168_HF9F_20260827_0900,2026-08-27 09:00:00,185
114630253|18|8,8,114630253,18,2026-05-03,1,526,22,34,8,457.3019,457.3019,-32.6600,0.3495,-7.141886,13.4501,20.7864,1.5455,0,1,231,1842698,A168_HF9F_20260827_0900,2026-08-27 09:00:00,185
114630253|19|8,8,114630253,19,2026-05-03,1,526,23,36,7,885.0316,885.0316,-219.7044,1.1243,-24.824467,24.5842,38.4796,1.5652,0,1,253,1842699,A168_HF9F_20260827_0900,2026-08-27 09:00:00,185
114630253|2|8,8,114630253,2,2026-05-03,1,526,4,4,2,416.5000,416.5000,-304.0650,0.1176,-73.004803,104.1250,104.1250,1.0000,0,1,6,1842700,A168_HF9F_20260827_0900,2026-08-27 09:00:00,185
114630253|20|8,8,114630253,20,2026-05-03,1,526,26,40,9,857.1115,857.1115,352.1108,1.5327,41.081091,21.4278,32.9658,1.5385,0,1,325,1842701,A168_HF9F_20260827_0900,2026-08-27 09:00:00,185
114630253|21|8,8,114630253,21,2026-05-03,1,526,17,29,6,376.7500,376.7500,199.1573,0.3697,52.861929,12.9914,22.1618,1.7059,0,1,136,1842702,A168_HF9F_20260827_0900,2026-08-27 09:00:00,185
114630253|22|8,8,114630253,22,2026-05-03,1,526,20,34,8,1946.6937,1946.6937,-994.1918,0.5714,-51.070790,57.2557,97.3347,1.7000,0,1,190,1842703,A168_HF9F_20260827_0900,2026-08-27 09:00:00,185
114630253|23|8,8,114630253,23,2026-05-03,1,526,22,31,6,1379.8765,1379.8765,-93.9159,1.1444,-6.806108,44.5121,62.7217,1.4091,0,1,231,1842704,A168_HF9F_20260827_0900,2026-08-27 09:00:00,185
114630253|24|8,8,114630253,24,2026-05-03,1,526,26,38,6,2340.8535,2340.8535,438.8253,0.2017,18.746378,61.6014,90.0328,1.4615,0,1,325,1842705,A168_HF9F_20260827_0900,2026-08-27 09:00:00,185
114630253|25|8,8,114630253,25,2026-05-03,1,526,19,26,7,1863.6058,1863.6058,-1708.8061,1.5124,-91.693541,71.6771,98.0845,1.3684,0,1,171,1842706,A168_HF9F_20260827_0900,2026-08-27 09:00:00,185
114630253|26|8,8,114630253,26,2026-05-03,1,526,29,45,8,1927.8525,95.1927,-54.9286,0.2689,-57.702580,42.8412,66.4777,1.5517,30,1,406,1842707,A168_HF9F_20260827_0900,2026-08-27 09:00:00,185
114630253|27|8,8,114630253,27,2026-05-03,1,526,27,42,9,1250.9443,1250.9443,-654.9085,0.2017,-52.353132,29.7844,46.3313,1.5556,0,1,351,1842708,A168_HF9F_20260827_0900,2026-08-27 09:00:00,185
114630253|28|8,8,114630253,28,2026-05-03,1,526,25,41,8,1205.2710,1205.2710,790.8142,1.2874,65.612980,29.3969,48.2108,1.6400,0,1,300,1842709,A168_HF9F_20260827_0900,2026-08-27 09:00:00,185
114630253|29|8,8,114630253,29,2026-05-03,1,526,14,21,8,801.0996,801.0996,-497.8396,0.5210,-62.144530,38.1476,57.2214,1.5000,0,1,91,1842710,A168_HF9F_20260827_0900,2026-08-27 09:00:00,185
114630253|3|8,8,114630253,3,2026-05-03,1,526,6,11,5,439.4591,439.4591,-349.0572,0.1748,-79.428823,39.9508,73.2432,1.8333,0,1,15,1842711,A168_HF9F_20260827_0900,2026-08-27 09:00:00,185
114630253|30|8,8,114630253,30,2026-05-03,1,526,25,39,9,1347.2737,1336.8954,77.1592,0.7058,5.771524,34.5455,53.8909,1.5600,1,1,300,1842712,A168_HF9F_20260827_0900,2026-08-27 09:00:00,185
114630253|31|8,8,114630253,31,2026-05-03,1,526,20,26,7,934.6160,934.6160,-63.2609,2.6342,-6.768651,35.9468,46.7308,1.3000,0,1,190,1842713,A168_HF9F_20260827_0900,2026-08-27 09:00:00,185
114630253|32|8,8,114630253,32,2026-05-03,1,526,20,25,5,673.3512,32.9912,-51.5223,0.0000,-156.170052,26.9340,33.6676,1.2500,20,1,190,1842714,A168_HF9F_20260827_0900,2026-08-27 09:00:00,185
114630253|33|8,8,114630253,33,2026-05-03,1,526,25,35,6,1011.3679,1007.1667,-104.1923,0.3485,-10.345088,28.8962,40.4547,1.4000,1,1,300,1842715,A168_HF9F_20260827_0900,2026-08-27 09:00:00,185
114630253|34|8,8,114630253,34,2026-05-03,1,526,31,48,8,1370.4948,1370.4948,-866.8904,0.6722,-63.253824,28.5520,44.2095,1.5484,0,1,465,1842716,A168_HF9F_20260827_0900,2026-08-27 09:00:00,185
114630253|35|8,8,114630253,35,2026-05-03,1,1623,32,45,8,1753.9480,1753.9480,-866.7723,0.4033,-49.418357,38.9766,54.8109,1.4063,0,1,496,1842717,A168_HF9F_20260827_0900,2026-08-27 09:00:00,185
114630253|36|8,8,114630253,36,2026-05-03,1,1623,28,40,8,1071.4559,1071.4559,-409.8463,0.5041,-38.251346,26.7864,38.2663,1.4286,0,1,378,1842718,A168_HF9F_20260827_0900,2026-08-27 09:00:00,185
114630253|37|8,8,114630253,37,2026-05-03,1,1623,38,56,8,1784.5672,1784.5672,1396.2009,1.2100,78.237508,31.8673,46.9623,1.4737,0,1,703,1842719,A168_HF9F_20260827_0900,2026-08-27 09:00:00,185
114630253|38|8,8,114630253,38,2026-05-03,1,1623,29,36,7,2161.2398,2159.4383,1611.3814,0.2185,74.620392,60.0344,74.5255,1.2414,0,1,406,1842720,A168_HF9F_20260827_0900,2026-08-27 09:00:00,185
114630253|39|8,8,114630253,39,2026-05-03,1,1623,22,26,5,1344.5710,1344.5710,-1100.1031,1.0923,-81.818151,51.7143,61.1169,1.1818,0,1,231,1842721,A168_HF9F_20260827_0900,2026-08-27 09:00:00,185
114630253|4|8,8,114630253,4,2026-05-03,1,526,6,10,7,536.5938,536.5938,507.1852,0.1344,94.519379,53.6594,89.4323,1.6667,0,1,15,1842722,A168_HF9F_20260827_0900,2026-08-27 09:00:00,185
114630253|40|8,8,114630253,40,2026-05-03,1,1623,30,40,7,8061.9814,5674.9750,4417.1460,0.2857,77.835515,201.5495,268.7327,1.3333,1,1,435,1842723,A168_HF9F_20260827_0900,2026-08-27 09:00:00,185
114630253|41|8,8,114630253,41,2026-05-03,1,1623,34,43,6,14194.8839,10407.3275,7197.2448,1.0083,69.155552,330.1136,417.4966,1.2647,2,1,561,1842724,A168_HF9F_20260827_0900,2026-08-27 09:00:00,185
114630253|42|8,8,114630253,42,2026-05-03,1,1623,28,36,8,1586.9963,1586.9963,-115.4353,1.0755,-7.273820,44.0832,56.6784,1.2857,0,1,378,1842725,A168_HF9F_20260827_0900,2026-08-27 09:00:00,185
114630253|43|8,8,114630253,43,2026-05-03,1,1623,33,38,4,1227.5193,1136.7093,368.3886,1.0923,32.408335,32.3031,37.1976,1.1515,0,1,528,1842726,A168_HF9F_20260827_0900,2026-08-27 09:00:00,185
114630253|44|8,8,114630253,44,2026-05-03,1,1623,23,32,7,1331.3331,1331.3331,-49.8892,0.0840,-3.747311,41.6042,57.8840,1.3913,0,1,253,1842727,A168_HF9F_20260827_0900,2026-08-27 09:00:00,185
114630253|45|8,8,114630253,45,2026-05-03,1,1623,35,42,6,1633.8912,1633.8912,-701.9983,0.0840,-42.964812,38.9022,46.6826,1.2000,0,1,595,1842728,A168_HF9F_20260827_0900,2026-08-27 09:00:00,185
114630253|46|8,8,114630253,46,2026-05-03,1,1623,27,32,5,1072.3560,1072.3560,-712.4840,0.6722,-66.440993,33.5111,39.7169,1.1852,0,1,351,1842729,A168_HF9F_20260827_0900,2026-08-27 09:00:00,185
114630253|47|8,8,114630253,47,2026-05-03,1,1623,30,38,7,1903.4467,1903.4467,-116.2934,0.0000,-6.109623,50.0907,63.4482,1.2667,0,1,435,1842730,A168_HF9F_20260827_0900,2026-08-27 09:00:00,185
114630253|48|8,8,114630253,48,2026-05-03,1,1623,35,47,9,2299.9775,2299.9775,-732.1878,0.0000,-31.834564,48.9357,65.7136,1.3429,0,1,595,1842731,A168_HF9F_20260827_0900,2026-08-27 09:00:00,185
114630253|5|8,8,114630253,5,2026-05-03,1,526,10,13,4,790.4255,790.4255,525.7791,0.1512,66.518492,60.8020,79.0425,1.3000,0,1,45,1842732,A168_HF9F_20260827_0900,2026-08-27 09:00:00,185
114630253|6|8,8,114630253,6,2026-05-03,1,526,13,15,4,1182.3866,1182.3866,576.9829,0.0840,48.798161,78.8258,90.9528,1.1538,0,1,78,1842733,A168_HF9F_20260827_0900,2026-08-27 09:00:00,185
114630253|7|8,8,114630253,7,2026-05-03,1,526,9,15,7,282.3874,282.3874,-194.7854,0.1008,-68.978085,18.8258,31.3764,1.6667,0,1,36,1842734,A168_HF9F_20260827_0900,2026-08-27 09:00:00,185
114630253|8|8,8,114630253,8,2026-05-03,1,526,20,27,5,1372.1094,1372.1094,-1319.0051,0.1512,-96.129737,50.8189,68.6055,1.3500,0,1,190,1842735,A168_HF9F_20260827_0900,2026-08-27 09:00:00,185
114630253|9|8,8,114630253,9,2026-05-03,1,526,26,33,6,1349.7974,1349.7974,1116.8655,0.8974,82.743192,40.9030,51.9153,1.2692,0,1,325,1842736,A168_HF9F_20260827_0900,2026-08-27 09:00:00,185
114630270|1|8,8,114630270,1,2026-05-03,1,1623,5,5,2,76.1163,76.1163,62.5246,0.0000,82.143601,15.2233,15.2233,1.0000,0,1,10,1842737,A168_HF9F_20260827_0900,2026-08-27 09:00:00,185
114630270|10|8,8,114630270,10,2026-05-03,1,1623,6,6,2,183.4503,183.4503,96.4667,0.0000,52.584667,30.5751,30.5751,1.0000,0,1,15,1842738,A168_HF9F_20260827_0900,2026-08-27 09:00:00,185
114630270|11|8,8,114630270,11,2026-05-03,1,1623,21,27,7,2587.6411,46.4902,-153.3534,0.0000,-329.861836,95.8386,123.2210,1.2857,19,1,210,1842739,A168_HF9F_20260827_0900,2026-08-27 09:00:00,185
114630270|12|8,8,114630270,12,2026-05-03,1,1623,19,20,4,1570.9658,1570.9658,1102.6136,0.4067,70.186993,78.5483,82.6824,1.0526,0,1,171,1842740,A168_HF9F_20260827_0900,2026-08-27 09:00:00,185
114630270|13|8,8,114630270,13,2026-05-03,1,1623,18,23,8,1232.9002,1232.9002,575.8603,5.6717,46.707777,53.6044,68.4945,1.2778,0,1,153,1842741,A168_HF9F_20260827_0900,2026-08-27 09:00:00,185
114630270|14|8,8,114630270,14,2026-05-03,1,1623,14,18,6,693.8581,693.8581,445.5503,0.0000,64.213457,38.5477,49.5613,1.2857,0,1,91,1842742,A168_HF9F_20260827_0900,2026-08-27 09:00:00,185
114630270|15|8,8,114630270,15,2026-05-03,1,1623,9,9,2,303.8491,303.8491,-206.4949,0.0000,-67.959683,33.7610,33.7610,1.0000,0,1,36,1842743,A168_HF9F_20260827_0900,2026-08-27 09:00:00,185
114630270|16|8,8,114630270,16,2026-05-03,1,1623,10,12,4,1426.8332,1426.8332,-1241.8240,0.0000,-87.033577,118.9028,142.6833,1.2000,0,1,45,1842744,A168_HF9F_20260827_0900,2026-08-27 09:00:00,185
114630270|17|8,8,114630270,17,2026-05-03,1,1623,12,15,5,467.7881,467.7881,-322.5719,0.2017,-68.956829,31.1859,38.9823,1.2500,0,1,66,1842745,A168_HF9F_20260827_0900,2026-08-27 09:00:00,185
114630270|18|8,8,114630270,18,2026-05-03,1,1623,19,21,3,1431.6725,1231.6725,-1014.1094,0.2521,-82.335961,68.1749,75.3512,1.1053,1,1,171,1842746,A168_HF9F_20260827_0900,2026-08-27 09:00:00,185
114630270|19|8,8,114630270,19,2026-05-03,1,1623,38,47,7,2297.4901,2297.4901,1885.4865,0.0672,82.067232,48.8828,60.4603,1.2368,0,1,703,1842747,A168_HF9F_20260827_0900,2026-08-27 09:00:00,185
114630270|2|8,8,114630270,2,2026-05-03,1,1623,3,3,2,82.5324,82.5324,-69.2501,0.0000,-83.906625,27.5108,27.5108,1.0000,0,1,3,1842748,A168_HF9F_20260827_0900,2026-08-27 09:00:00,185
114630270|20|8,8,114630270,20,2026-05-03,1,1004,13,17,5,1757.8292,1757.8292,-1291.2041,0.0000,-73.454467,103.4017,135.2176,1.3077,0,1,78,1842749,A168_HF9F_20260827_0900,2026-08-27 09:00:00,185
114630270|21|8,8,114630270,21,2026-05-03,1,1004,17,22,5,274.4223,274.4223,-4.0653,0.3781,-1.481411,12.4737,16.1425,1.2941,0,1,136,1842750,A168_HF9F_20260827_0900,2026-08-27 09:00:00,185
114630270|22|8,8,114630270,22,2026-05-03,1,1004,13,16,5,799.1260,799.1260,-305.9192,0.0000,-38.281721,49.9454,61.4712,1.2308,0,1,78,1842751,A168_HF9F_20260827_0900,2026-08-27 09:00:00,185
114630270|23|8,8,114630270,23,2026-05-03,1,1004,20,29,7,950.1530,27.1832,-57.3302,0.0000,-210.902726,32.7639,47.5077,1.4500,21,1,190,1842752,A168_HF9F_20260827_0900,2026-08-27 09:00:00,185
114630270|24|8,8,114630270,24,2026-05-03,1,1004,20,35,8,491.9589,486.7698,-172.8872,0.0840,-35.517235,14.0560,24.5979,1.7500,1,1,190,1842753,A168_HF9F_20260827_0900,2026-08-27 09:00:00,185
114630270|25|8,8,114630270,25,2026-05-03,1,1004,14,21,7,1235.6259,1230.4368,-806.2443,0.0000,-65.525050,58.8393,88.2590,1.5000,1,1,91,1842754,A168_HF9F_20260827_0900,2026-08-27 09:00:00,185
114630270|26|8,8,114630270,26,2026-05-03,1,1004,13,17,6,2590.5933,2590.5933,2530.6685,5.6717,97.686832,152.3878,199.2764,1.3077,0,1,78,1842755,A168_HF9F_20260827_0900,2026-08-27 09:00:00,185
114630270|27|8,8,114630270,27,2026-05-03,1,1004,16,21,7,1315.5938,1315.5938,-893.6018,0.0000,-67.923835,62.6473,82.2246,1.3125,0,1,120,1842756,A168_HF9F_20260827_0900,2026-08-27 09:00:00,185
114630270|28|8,8,114630270,28,2026-05-03,1,1004,9,12,5,497.5433,497.5433,379.6373,0.0000,76.302373,41.4619,55.2826,1.3333,0,1,36,1842757,A168_HF9F_20260827_0900,2026-08-27 09:00:00,185
114630270|29|8,8,114630270,29,2026-05-03,1,1004,9,9,3,478.0993,478.0993,-420.4615,0.0000,-87.944379,53.1221,53.1221,1.0000,0,1,36,1842758,A168_HF9F_20260827_0900,2026-08-27 09:00:00,185
114630270|3|8,8,114630270,3,2026-05-03,1,1623,3,3,2,19.7687,0.0000,0.0000,0.0000,,6.5896,6.5896,1.0000,3,1,3,1842759,A168_HF9F_20260827_0900,2026-08-27 09:00:00,185
114630270|30|8,8,114630270,30,2026-05-03,1,1004,17,19,4,1340.2327,6.3019,-31.5093,0.0000,-500.000000,70.5386,78.8372,1.1176,17,1,136,1842760,A168_HF9F_20260827_0900,2026-08-27 09:00:00,185
114630270|31|8,8,114630270,31,2026-05-03,1,1004,13,22,8,1346.4682,1346.4682,585.5414,0.0000,43.487204,61.2031,103.5745,1.6923,0,1,78,1842761,A168_HF9F_20260827_0900,2026-08-27 09:00:00,185
114630270|32|8,8,114630270,32,2026-05-03,1,1004,17,24,7,10602.3362,10602.3362,10296.1955,0.0567,97.112517,441.7640,623.6668,1.4118,0,1,136,1842762,A168_HF9F_20260827_0900,2026-08-27 09:00:00,185
114630270|33|8,8,114630270,33,2026-05-03,1,1004,11,15,6,1061.3244,1061.3244,720.9679,0.0000,67.930962,70.7550,96.4840,1.3636,0,1,55,1842763,A168_HF9F_20260827_0900,2026-08-27 09:00:00,185
114630270|34|8,8,114630270,34,2026-05-03,1,1004,13,17,4,907.7710,897.3927,-309.7403,0.0000,-34.515576,53.3983,69.8285,1.3077,1,1,78,1842764,A168_HF9F_20260827_0900,2026-08-27 09:00:00,185
114630270|35|8,8,114630270,35,2026-05-03,1,1004,13,15,4,600.2296,600.2296,88.5172,0.9453,14.747221,40.0153,46.1715,1.1538,0,1,78,1842765,A168_HF9F_20260827_0900,2026-08-27 09:00:00,185
114630270|36|8,8,114630270,36,2026-05-03,1,1004,9,12,5,464.6371,464.6371,214.7215,1.8906,46.212729,38.7198,51.6263,1.3333,0,1,36,1842766,A168_HF9F_20260827_0900,2026-08-27 09:00:00,185
114630270|37|8,8,114630270,37,2026-05-03,1,1004,5,7,4,640.8053,640.8053,383.7247,3.9702,59.881638,91.5436,128.1611,1.4000,0,1,10,1842767,A168_HF9F_20260827_0900,2026-08-27 09:00:00,185
114630270|38|8,8,114630270,38,2026-05-03,1,1004,6,10,5,685.3453,685.3453,-592.7415,0.0000,-86.488019,68.5345,114.2242,1.6667,0,1,15,1842768,A168_HF9F_20260827_0900,2026-08-27 09:00:00,185
114630270|39|8,8,114630270,39,2026-05-03,1,1004,8,10,4,715.2065,715.2065,-416.4701,0.0000,-58.230755,71.5207,89.4008,1.2500,0,1,28,1842769,A168_HF9F_20260827_0900,2026-08-27 09:00:00,185
114630270|4|8,8,114630270,4,2026-05-03,1,1623,5,5,2,82.5324,82.5324,-77.3432,0.0000,-93.712594,16.5065,16.5065,1.0000,0,1,10,1842770,A168_HF9F_20260827_0900,2026-08-27 09:00:00,185
114630270|40|8,8,114630270,40,2026-05-03,1,1004,11,12,3,465.2681,465.2681,220.9873,0.3361,47.496752,38.7723,42.2971,1.0909,0,1,55,1842771,A168_HF9F_20260827_0900,2026-08-27 09:00:00,185
114630270|41|8,8,114630270,41,2026-05-03,1,1004,11,13,4,547.1876,547.1876,-198.8330,0.0000,-36.337268,42.0914,49.7443,1.1818,0,1,55,1842772,A168_HF9F_20260827_0900,2026-08-27 09:00:00,185
114630270|42|8,8,114630270,42,2026-05-03,1,1004,11,18,6,1669.0868,79.1351,-53.2040,0.0000,-67.231864,92.7270,151.7352,1.6364,11,1,55,1842773,A168_HF9F_20260827_0900,2026-08-27 09:00:00,185
114630270|43|8,8,114630270,43,2026-05-03,1,1004,9,9,3,192.7867,192.7867,-15.9878,0.0000,-8.292980,21.4207,21.4207,1.0000,0,1,36,1842774,A168_HF9F_20260827_0900,2026-08-27 09:00:00,185
114630270|44|8,8,114630270,44,2026-05-03,1,1004,9,10,2,367.1610,4.2012,4.2012,0.0000,100.000000,36.7161,40.7957,1.1111,9,1,36,1842775,A168_HF9F_20260827_0900,2026-08-27 09:00:00,185
114630270|45|8,8,114630270,45,2026-05-03,1,1004,8,8,2,1043.7090,1043.7090,-785.1533,0.0000,-75.227224,130.4636,130.4636,1.0000,0,1,28,1842776,A168_HF9F_20260827_0900,2026-08-27 09:00:00,185
114630270|46|8,8,114630270,46,2026-05-03,1,1004,6,6,2,77.9514,77.9514,37.9835,0.0000,48.727105,12.9919,12.9919,1.0000,0,1,15,1842777,A168_HF9F_20260827_0900,2026-08-27 09:00:00,185
114630270|47|8,8,114630270,47,2026-05-03,1,1004,5,5,2,78.6897,78.6897,37.6969,0.0000,47.905804,15.7379,15.7379,1.0000,0,1,10,1842778,A168_HF9F_20260827_0900,2026-08-27 09:00:00,185
114630270|48|8,8,114630270,48,2026-05-03,1,1485,9,13,5,215.0960,215.0960,-181.4861,0.0000,-84.374459,16.5458,23.8996,1.4444,0,1,36,1842779,A168_HF9F_20260827_0900,2026-08-27 09:00:00,185
114630270|49|8,8,114630270,49,2026-05-03,1,1485,18,26,8,2422.8853,2422.8853,1576.0987,0.1680,65.050485,93.1879,134.6047,1.4444,0,1,153,1842780,A168_HF9F_20260827_0900,2026-08-27 09:00:00,185
114630270|5|8,8,114630270,5,2026-05-03,1,1623,8,10,4,329.5049,329.5049,-220.5078,0.0000,-66.920949,32.9505,41.1881,1.2500,0,1,28,1842781,A168_HF9F_20260827_0900,2026-08-27 09:00:00,185
114630270|50|8,8,114630270,50,2026-05-03,1,1485,9,14,6,170.9850,170.9850,156.9401,0.3361,91.785918,12.2132,18.9983,1.5556,0,1,36,1842782,A168_HF9F_20260827_0900,2026-08-27 09:00:00,185
114630270|51|8,8,114630270,51,2026-05-03,1,1485,18,21,6,8999.3298,8999.3298,-7950.9233,1.0083,-88.350171,428.5395,499.9628,1.1667,0,1,153,1842783,A168_HF9F_20260827_0900,2026-08-27 09:00:00,185
114630270|6|8,8,114630270,6,2026-05-03,1,1623,10,16,7,543.9262,543.9262,167.9595,0.0000,30.879106,33.9954,54.3926,1.6000,0,1,45,1842784,A168_HF9F_20260827_0900,2026-08-27 09:00:00,185
114630270|7|8,8,114630270,7,2026-05-03,1,1623,7,12,7,263.6119,263.6119,207.5192,0.0000,78.721488,21.9677,37.6588,1.7143,0,1,21,1842785,A168_HF9F_20260827_0900,2026-08-27 09:00:00,185
114630270|8|8,8,114630270,8,2026-05-03,1,1623,5,7,4,200.1953,200.1953,94.0292,0.0000,46.968706,28.5993,40.0391,1.4000,0,1,10,1842786,A168_HF9F_20260827_0900,2026-08-27 09:00:00,185
114630270|9|8,8,114630270,9,2026-05-03,1,1623,5,5,2,145.3161,145.3161,55.7219,0.0000,38.345326,29.0632,29.0632,1.0000,0,1,10,1842787,A168_HF9F_20260827_0900,2026-08-27 09:00:00,185
114630301|1|8,8,114630301,1,2026-05-03,1,1485,3,3,1,8.8300,8.8300,-8.8300,0.0000,-100.000000,2.9433,2.9433,1.0000,0,1,3,1842788,A168_HF9F_20260827_0900,2026-08-27 09:00:00,185
114630301|10|8,8,114630301,10,2026-05-03,1,1485,22,23,5,1981.2348,1981.2348,-1147.2880,0.0672,-57.907723,86.1406,90.0561,1.0455,0,1,231,1842789,A168_HF9F_20260827_0900,2026-08-27 09:00:00,185
114630301|11|8,8,114630301,11,2026-05-03,1,1485,25,25,2,2161.8989,2161.8989,-371.6689,0.3361,-17.191781,86.4760,86.4760,1.0000,0,1,300,1842790,A168_HF9F_20260827_0900,2026-08-27 09:00:00,185
114630301|12|8,8,114630301,12,2026-05-03,1,1485,39,47,7,7148.6997,7148.6997,3076.7585,0.4705,43.039415,152.1000,183.3000,1.2051,0,1,741,1842791,A168_HF9F_20260827_0900,2026-08-27 09:00:00,185
114630301|13|8,8,114630301,13,2026-05-03,1,1485,20,26,5,5222.8515,5222.8515,-1004.7997,0.0000,-19.238526,200.8789,261.1426,1.3000,0,1,190,1842792,A168_HF9F_20260827_0900,2026-08-27 09:00:00,185
114630301|14|8,8,114630301,14,2026-05-03,1,1485,15,17,5,926.8694,926.8694,208.3230,0.0000,22.475979,54.5217,61.7913,1.1333,0,1,105,1842793,A168_HF9F_20260827_0900,2026-08-27 09:00:00,185
114630301|15|8,8,114630301,15,2026-05-03,1,1485,21,31,8,1188.1107,1175.1378,689.4126,0.0000,58.666530,38.3262,56.5767,1.4762,0,1,210,1842794,A168_HF9F_20260827_0900,2026-08-27 09:00:00,185
114630301|16|8,8,114630301,16,2026-05-03,1,1485,22,26,6,2564.3772,2544.3772,-1557.6890,0.0000,-61.220836,98.6299,116.5626,1.1818,1,1,231,1842795,A168_HF9F_20260827_0900,2026-08-27 09:00:00,185
114630301|17|8,8,114630301,17,2026-05-03,1,1485,23,25,5,2969.4461,2949.4461,1277.1354,0.0000,43.300856,118.7778,129.1064,1.0870,1,1,253,1842796,A168_HF9F_20260827_0900,2026-08-27 09:00:00,185
114630301|18|8,8,114630301,18,2026-05-03,1,1485,22,25,5,2359.7544,2359.7544,-1315.8050,0.0000,-55.760253,94.3902,107.2616,1.1364,0,1,231,1842797,A168_HF9F_20260827_0900,2026-08-27 09:00:00,185
114630301|19|8,8,114630301,19,2026-05-03,1,1485,22,22,5,847.5310,847.5310,93.6023,0.0000,11.044120,38.5241,38.5241,1.0000,0,1,231,1842798,A168_HF9F_20260827_0900,2026-08-27 09:00:00,185
114630301|2|8,8,114630301,2,2026-05-03,1,1485,2,3,3,74.9983,74.9983,32.9859,0.0000,43.982175,24.9994,37.4991,1.5000,0,1,1,1842799,A168_HF9F_20260827_0900,2026-08-27 09:00:00,185
114630301|20|8,8,114630301,20,2026-05-03,1,1485,22,28,5,2549.3965,2549.3965,-2203.8729,0.3697,-86.446845,91.0499,115.8817,1.2727,0,1,231,1842800,A168_HF9F_20260827_0900,2026-08-27 09:00:00,185
114630301|21|8,8,114630301,21,2026-05-03,1,1485,28,36,7,1377.7901,1377.7901,550.7637,0.0000,39.974429,38.2719,49.2068,1.2857,0,1,378,1842801,A168_HF9F_20260827_0900,2026-08-27 09:00:00,185
114630301|22|8,8,114630301,22,2026-05-03,1,1485,27,30,6,2637.8879,2637.8879,-1479.7086,0.8402,-56.094445,87.9296,97.6996,1.1111,0,1,351,1842802,A168_HF9F_20260827_0900,2026-08-27 09:00:00,185
114630301|23|8,8,114630301,23,2026-05-03,1,1485,31,35,7,3310.4581,3310.4581,-2122.8396,0.0672,-64.125250,94.5845,106.7890,1.1290,0,1,465,1842803,A168_HF9F_20260827_0900,2026-08-27 09:00:00,185
114630301|24|8,8,114630301,24,2026-05-03,1,1485,30,38,7,2451.1409,2451.1409,2295.4666,0.6722,93.648903,64.5037,81.7047,1.2667,0,1,435,1842804,A168_HF9F_20260827_0900,2026-08-27 09:00:00,185
114630301|25|8,8,114630301,25,2026-05-03,1,1078,15,17,5,1174.7545,1174.7545,-865.7535,0.0000,-73.696545,69.1032,78.3170,1.1333,0,1,105,1842805,A168_HF9F_20260827_0900,2026-08-27 09:00:00,185
114630301|26|8,8,114630301,26,2026-05-03,1,1078,12,14,4,903.4048,903.4048,-446.9031,0.0000,-49.468748,64.5289,75.2837,1.1667,0,1,66,1842806,A168_HF9F_20260827_0900,2026-08-27 09:00:00,185
114630301|27|8,8,114630301,27,2026-05-03,1,1078,12,14,5,1182.3890,1182.3890,-4.2287,0.0000,-0.357639,84.4564,98.5324,1.1667,0,1,66,1842807,A168_HF9F_20260827_0900,2026-08-27 09:00:00,185
114630301|28|8,8,114630301,28,2026-05-03,1,1078,18,19,3,2119.0821,2119.0821,1376.6667,0.2353,64.965237,111.5306,117.7268,1.0556,0,1,153,1842808,A168_HF9F_20260827_0900,2026-08-27 09:00:00,185
114630301|29|8,8,114630301,29,2026-05-03,1,1078,11,12,4,896.2462,896.2462,377.3317,0.0000,42.101350,74.6872,81.4769,1.0909,0,1,55,1842809,A168_HF9F_20260827_0900,2026-08-27 09:00:00,185
114630301|3|8,8,114630301,3,2026-05-03,1,1485,5,8,5,82.3517,82.3517,41.3896,0.3361,50.259550,10.2940,16.4703,1.6000,0,1,10,1842810,A168_HF9F_20260827_0900,2026-08-27 09:00:00,185
114630301|30|8,8,114630301,30,2026-05-03,1,1078,14,14,2,1514.6803,1514.6803,198.5836,0.3361,13.110592,108.1914,108.1914,1.0000,0,1,91,1842811,A168_HF9F_20260827_0900,2026-08-27 09:00:00,185
114630301|31|8,8,114630301,31,2026-05-03,1,1078,6,6,2,298.2668,298.2668,72.6375,0.8402,24.353177,49.7111,49.7111,1.0000,0,1,15,1842812,A168_HF9F_20260827_0900,2026-08-27 09:00:00,185
114630301|32|8,8,114630301,32,2026-05-03,1,1078,6,6,2,490.7169,490.7169,-28.1975,0.0000,-5.746194,81.7861,81.7861,1.0000,0,1,15,1842813,A168_HF9F_20260827_0900,2026-08-27 09:00:00,185
114630301|33|8,8,114630301,33,2026-05-03,1,1078,10,10,2,772.1243,772.1243,572.9504,0.0000,74.204430,77.2124,77.2124,1.0000,0,1,45,1842814,A168_HF9F_20260827_0900,2026-08-27 09:00:00,185
114630301|34|8,8,114630301,34,2026-05-03,1,1078,12,12,2,841.9270,841.9270,541.6428,0.8402,64.333699,70.1606,70.1606,1.0000,0,1,66,1842815,A168_HF9F_20260827_0900,2026-08-27 09:00:00,185
114630301|35|8,8,114630301,35,2026-05-03,1,1078,11,13,3,1358.6462,1358.6462,1227.9191,0.0000,90.378137,104.5112,123.5133,1.1818,0,1,55,1842816,A168_HF9F_20260827_0900,2026-08-27 09:00:00,185
114630301|36|8,8,114630301,36,2026-05-03,1,1078,11,13,5,1004.2803,1004.2803,213.8973,0.3361,21.298567,77.2523,91.2982,1.1818,0,1,55,1842817,A168_HF9F_20260827_0900,2026-08-27 09:00:00,185
114630301|37|8,8,114630301,37,2026-05-03,1,1078,19,20,4,1329.0965,30.0000,-105.0000,0.0000,-350.000000,66.4548,69.9524,1.0526,18,1,171,1842818,A168_HF9F_20260827_0900,2026-08-27 09:00:00,185
114630301|38|8,8,114630301,38,2026-05-03,1,1078,13,14,4,1331.3618,1331.3618,755.3261,0.0672,56.733344,95.0973,102.4124,1.0769,0,1,78,1842819,A168_HF9F_20260827_0900,2026-08-27 09:00:00,185
114630301|39|8,8,114630301,39,2026-05-03,1,1078,19,21,4,1939.2979,1939.2979,534.6427,0.4033,27.568879,92.3475,102.0683,1.1053,0,1,171,1842820,A168_HF9F_20260827_0900,2026-08-27 09:00:00,185
114630301|4|8,8,114630301,4,2026-05-03,1,1485,6,6,2,104.4155,104.4155,62.2246,0.0000,59.593226,17.4026,17.4026,1.0000,0,1,15,1842821,A168_HF9F_20260827_0900,2026-08-27 09:00:00,185
114630301|40|8,8,114630301,40,2026-05-03,1,1078,20,23,6,3646.8153,3646.8153,2695.7542,0.9243,73.920776,158.5572,182.3408,1.1500,0,1,190,1842822,A168_HF9F_20260827_0900,2026-08-27 09:00:00,185
114630301|41|8,8,114630301,41,2026-05-03,1,1078,37,42,6,13944.8914,13944.8914,-33.8822,11.3265,-0.242972,332.0212,376.8890,1.1351,0,1,666,1842823,A168_HF9F_20260827_0900,2026-08-27 09:00:00,185
114630301|42|8,8,114630301,42,2026-05-03,1,1078,48,64,8,12014.4633,122.3457,-440.3285,0.0840,-359.905184,187.7260,250.3013,1.3333,47,1,1128,1842824,A168_HF9F_20260827_0900,2026-08-27 09:00:00,185
114630301|43|8,8,114630301,43,2026-05-03,1,1078,43,54,7,2245.7170,2245.7170,735.9587,7.2597,32.771660,41.5874,52.2260,1.2558,0,1,903,1842825,A168_HF9F_20260827_0900,2026-08-27 09:00:00,185
114630301|44|8,8,114630301,44,2026-05-03,1,1078,41,50,7,3099.4950,3099.4950,1042.5795,10.3519,33.637078,61.9899,75.5974,1.2195,0,1,820,1842826,A168_HF9F_20260827_0900,2026-08-27 09:00:00,185
114630301|45|8,8,114630301,45,2026-05-03,1,1078,28,34,7,2866.7468,2866.7468,-520.2589,11.7971,-18.148057,84.3161,102.3838,1.2143,0,1,378,1842827,A168_HF9F_20260827_0900,2026-08-27 09:00:00,185
114630301|5|8,8,114630301,5,2026-05-03,1,1485,7,8,3,82.5096,82.5096,3.0375,0.0000,3.681372,10.3137,11.7871,1.1429,0,1,21,1842828,A168_HF9F_20260827_0900,2026-08-27 09:00:00,185
114630301|6|8,8,114630301,6,2026-05-03,1,1485,9,9,2,208.6149,0.0000,0.0000,0.0000,,23.1794,23.1794,1.0000,9,1,36,1842829,A168_HF9F_20260827_0900,2026-08-27 09:00:00,185
114630301|7|8,8,114630301,7,2026-05-03,1,1485,10,11,3,1730.6362,1730.6362,-581.0296,0.0000,-33.573178,157.3306,173.0636,1.1000,0,1,45,1842830,A168_HF9F_20260827_0900,2026-08-27 09:00:00,185
114630301|8|8,8,114630301,8,2026-05-03,1,1485,16,17,3,2591.6322,2588.8449,413.0798,8.1966,15.956143,152.4490,161.9770,1.0625,0,1,120,1842831,A168_HF9F_20260827_0900,2026-08-27 09:00:00,185
114630301|9|8,8,114630301,9,2026-05-03,1,1485,15,16,3,2432.5086,2096.3204,-624.0349,0.0000,-29.768104,152.0318,162.1672,1.0667,0,1,105,1842832,A168_HF9F_20260827_0900,2026-08-27 09:00:00,185
114630322|1|8,8,114630322,1,2026-05-03,1,1078,2,2,1,38.9186,38.9186,-36.9727,0.0000,-95.000000,19.4593,19.4593,1.0000,0,1,1,1842833,A168_HF9F_20260827_0900,2026-08-27 09:00:00,185
114630322|10|8,8,114630322,10,2026-05-03,1,1078,13,13,2,1697.0845,1697.0845,696.7874,0.1680,41.057910,130.5450,130.5450,1.0000,0,1,78,1842834,A168_HF9F_20260827_0900,2026-08-27 09:00:00,185
114630322|11|8,8,114630322,11,2026-05-03,1,1078,7,9,4,720.9289,720.9289,322.6438,0.0000,44.753900,80.1032,102.9898,1.2857,0,1,21,1842835,A168_HF9F_20260827_0900,2026-08-27 09:00:00,185
114630322|12|8,8,114630322,12,2026-05-03,1,1004,32,37,7,6661.5407,6661.5407,-5525.8914,0.4033,-82.952153,180.0416,208.1731,1.1563,0,1,496,1842836,A168_HF9F_20260827_0900,2026-08-27 09:00:00,185
114630322|13|8,8,114630322,13,2026-05-03,1,1004,31,35,5,2262.0852,2262.0852,1802.1428,0.6006,79.667329,64.6310,72.9705,1.1290,0,1,465,1842837,A168_HF9F_20260827_0900,2026-08-27 09:00:00,185
114630322|14|8,8,114630322,14,2026-05-03,1,1004,15,16,3,1309.1111,1309.1111,-827.7483,0.6006,-63.229803,81.8194,87.2741,1.0667,0,1,105,1842838,A168_HF9F_20260827_0900,2026-08-27 09:00:00,185
114630322|15|8,8,114630322,15,2026-05-03,1,1004,14,15,3,850.5581,850.5581,732.1851,0.0000,86.082903,56.7039,60.7541,1.0714,0,1,91,1842839,A168_HF9F_20260827_0900,2026-08-27 09:00:00,185
114630322|16|8,8,114630322,16,2026-05-03,1,1004,15,17,3,1521.0913,1521.0913,1500.0851,0.7772,98.619005,89.4760,101.4061,1.1333,0,1,105,1842840,A168_HF9F_20260827_0900,2026-08-27 09:00:00,185
114630322|17|8,8,114630322,17,2026-05-03,1,1004,10,12,4,370.6417,370.6417,-216.7499,0.5041,-58.479633,30.8868,37.0642,1.2000,0,1,45,1842841,A168_HF9F_20260827_0900,2026-08-27 09:00:00,185
114630322|18|8,8,114630322,18,2026-05-03,1,1004,15,22,6,361.7605,25.5028,-127.0708,0.0168,-498.263045,16.4437,24.1174,1.4667,14,1,105,1842842,A168_HF9F_20260827_0900,2026-08-27 09:00:00,185
114630322|19|8,8,114630322,19,2026-05-03,1,1004,10,13,3,165.5183,165.5183,165.5183,0.0168,100.000000,12.7322,16.5518,1.3000,0,1,45,1842843,A168_HF9F_20260827_0900,2026-08-27 09:00:00,185
114630322|2|8,8,114630322,2,2026-05-03,1,1078,4,4,2,105.2758,105.2758,-17.0604,0.0000,-16.205421,26.3190,26.3190,1.0000,0,1,6,1842844,A168_HF9F_20260827_0900,2026-08-27 09:00:00,185
114630322|20|8,8,114630322,20,2026-05-03,1,1004,8,9,4,114.8782,114.8782,53.2219,0.0000,46.329019,12.7642,14.3598,1.1250,0,1,28,1842845,A168_HF9F_20260827_0900,2026-08-27 09:00:00,185
114630322|21|8,8,114630322,21,2026-05-03,1,1004,13,13,2,806.7638,0.0000,0.0000,0.0000,,62.0588,62.0588,1.0000,13,1,78,1842846,A168_HF9F_20260827_0900,2026-08-27 09:00:00,185
114630322|22|8,8,114630322,22,2026-05-03,1,1004,17,19,4,1862.5724,1862.5724,1796.2948,0.0000,96.441608,98.0301,109.5631,1.1176,0,1,136,1842847,A168_HF9F_20260827_0900,2026-08-27 09:00:00,185
114630322|23|8,8,114630322,23,2026-05-03,1,1004,11,15,6,269.8575,269.8575,152.7674,0.0000,56.610405,17.9905,24.5325,1.3636,0,1,55,1842848,A168_HF9F_20260827_0900,2026-08-27 09:00:00,185
114630322|24|8,8,114630322,24,2026-05-03,1,1004,10,12,4,818.7221,818.7221,-563.3155,0.0672,-68.804234,68.2268,81.8722,1.2000,0,1,45,1842849,A168_HF9F_20260827_0900,2026-08-27 09:00:00,185
114630322|25|8,8,114630322,25,2026-05-03,1,1004,15,15,2,1330.5263,1330.5263,785.7540,3.3610,59.055882,88.7018,88.7018,1.0000,0,1,105,1842850,A168_HF9F_20260827_0900,2026-08-27 09:00:00,185
114630322|26|8,8,114630322,26,2026-05-03,1,1004,14,16,4,883.2396,883.2396,-64.1589,0.0000,-7.264043,55.2025,63.0885,1.1429,0,1,91,1842851,A168_HF9F_20260827_0900,2026-08-27 09:00:00,185
114630322|27|8,8,114630322,27,2026-05-03,1,1004,9,11,4,256.7681,256.7681,-51.1365,0.0168,-19.915424,23.3426,28.5298,1.2222,0,1,36,1842852,A168_HF9F_20260827_0900,2026-08-27 09:00:00,185
114630322|28|8,8,114630322,28,2026-05-03,1,1004,8,9,3,558.6014,2.1006,-16.8050,0.0000,-800.000000,62.0668,69.8252,1.1250,8,1,28,1842853,A168_HF9F_20260827_0900,2026-08-27 09:00:00,185
114630322|29|8,8,114630322,29,2026-05-03,1,1004,8,13,5,240.5553,240.5553,146.7067,0.0840,60.986681,18.5043,30.0694,1.6250,0,1,28,1842854,A168_HF9F_20260827_0900,2026-08-27 09:00:00,185
114630322|3|8,8,114630322,3,2026-05-03,1,1078,1,1,1,12.9729,12.9729,12.9729,0.0000,100.000000,12.9729,12.9729,1.0000,0,0,0,1842855,A168_HF9F_20260827_0900,2026-08-27 09:00:00,185
114630322|30|8,8,114630322,30,2026-05-03,1,1004,11,14,5,387.9207,387.9207,149.7896,0.0000,38.613463,27.7086,35.2655,1.2727,0,1,55,1842856,A168_HF9F_20260827_0900,2026-08-27 09:00:00,185
114630322|31|8,8,114630322,31,2026-05-03,1,1004,9,12,5,317.8939,317.8939,186.4595,0.0000,58.654651,26.4912,35.3215,1.3333,0,1,36,1842857,A168_HF9F_20260827_0900,2026-08-27 09:00:00,185
114630322|32|8,8,114630322,32,2026-05-03,1,1004,7,8,3,239.2733,239.2733,-166.3757,0.0000,-69.533737,29.9092,34.1819,1.1429,0,1,21,1842858,A168_HF9F_20260827_0900,2026-08-27 09:00:00,185
114630322|33|8,8,114630322,33,2026-05-03,1,1004,10,16,6,734.6373,734.6373,-179.7442,0.0000,-24.467064,45.9148,73.4637,1.6000,0,1,45,1842859,A168_HF9F_20260827_0900,2026-08-27 09:00:00,185
114630322|34|8,8,114630322,34,2026-05-03,1,1004,8,11,5,335.5416,335.5416,255.2692,0.0000,76.076769,30.5038,41.9427,1.3750,0,1,28,1842860,A168_HF9F_20260827_0900,2026-08-27 09:00:00,185
114630322|35|8,8,114630322,35,2026-05-03,1,1004,7,8,3,139.5033,139.5033,114.2958,0.0000,81.930575,17.4379,19.9290,1.1429,0,1,21,1842861,A168_HF9F_20260827_0900,2026-08-27 09:00:00,185
114630322|36|8,8,114630322,36,2026-05-03,1,1004,11,11,2,525.4718,525.4718,360.1469,0.0000,68.537815,47.7702,47.7702,1.0000,0,1,55,1842862,A168_HF9F_20260827_0900,2026-08-27 09:00:00,185
114630322|37|8,8,114630322,37,2026-05-03,1,1004,16,18,3,795.4588,2.1006,2.1006,0.0000,100.000000,44.1922,49.7162,1.1250,17,1,120,1842863,A168_HF9F_20260827_0900,2026-08-27 09:00:00,185
114630322|38|8,8,114630322,38,2026-05-03,1,1004,14,21,9,592.1905,10.5031,-8.4025,0.0000,-80.000000,28.1995,42.2993,1.5000,16,1,91,1842864,A168_HF9F_20260827_0900,2026-08-27 09:00:00,185
114630322|39|8,8,114630322,39,2026-05-03,1,1004,14,25,9,661.1135,661.1135,435.6786,0.1680,65.900733,26.4445,47.2224,1.7857,0,1,91,1842865,A168_HF9F_20260827_0900,2026-08-27 09:00:00,185
114630322|4|8,8,114630322,4,2026-05-03,1,1078,4,4,1,157.5578,157.5578,157.5578,0.0000,100.000000,39.3895,39.3895,1.0000,0,1,6,1842866,A168_HF9F_20260827_0900,2026-08-27 09:00:00,185
114630322|40|8,8,114630322,40,2026-05-03,1,1004,12,20,7,323.4039,323.4039,-140.4384,0.3361,-43.425084,16.1702,26.9503,1.6667,0,1,66,1842867,A168_HF9F_20260827_0900,2026-08-27 09:00:00,185
114630322|41|8,8,114630322,41,2026-05-03,1,1485,8,11,5,543.2306,543.2306,-53.1975,0.0000,-9.792810,49.3846,67.9038,1.3750,0,1,28,1842868,A168_HF9F_20260827_0900,2026-08-27 09:00:00,185
114630322|42|8,8,114630322,42,2026-05-03,1,1485,5,9,5,196.5921,31.5093,-63.0186,0.0000,-200.000000,21.8436,39.3184,1.8000,5,1,10,1842869,A168_HF9F_20260827_0900,2026-08-27 09:00:00,185
114630322|43|8,8,114630322,43,2026-05-03,1,1485,4,5,3,603.8054,603.8054,540.9226,0.0000,89.585588,120.7611,150.9514,1.2500,0,1,6,1842870,A168_HF9F_20260827_0900,2026-08-27 09:00:00,185
114630322|44|8,8,114630322,44,2026-05-03,1,1485,6,7,3,267.8682,267.8682,-67.4505,0.0000,-25.180489,38.2669,44.6447,1.1667,0,1,15,1842871,A168_HF9F_20260827_0900,2026-08-27 09:00:00,185
114630322|45|8,8,114630322,45,2026-05-03,1,1485,11,16,5,795.6205,66.4763,-342.7543,0.0000,-515.604070,49.7263,72.3291,1.4545,11,1,55,1842872,A168_HF9F_20260827_0900,2026-08-27 09:00:00,185
114630322|46|8,8,114630322,46,2026-05-03,1,1485,22,25,5,1272.8024,1264.3999,-48.8704,0.1849,-3.865102,50.9121,57.8547,1.1364,1,1,231,1842873,A168_HF9F_20260827_0900,2026-08-27 09:00:00,185
114630322|47|8,8,114630322,47,2026-05-03,1,1485,18,20,4,1928.6639,1928.6639,464.7526,1.6805,24.097130,96.4332,107.1480,1.1111,0,1,153,1842874,A168_HF9F_20260827_0900,2026-08-27 09:00:00,185
114630322|48|8,8,114630322,48,2026-05-03,1,1485,17,18,3,1148.6225,1148.6225,-367.8450,1.6805,-32.024880,63.8124,67.5660,1.0588,0,1,136,1842875,A168_HF9F_20260827_0900,2026-08-27 09:00:00,185
114630322|5|8,8,114630322,5,2026-05-03,1,1078,5,6,3,472.4752,472.4752,-269.2004,0.0000,-56.976622,78.7459,94.4950,1.2000,0,1,10,1842876,A168_HF9F_20260827_0900,2026-08-27 09:00:00,185
114630322|6|8,8,114630322,6,2026-05-03,1,1078,16,20,5,2379.2695,2379.2695,-594.9615,0.3361,-25.006056,118.9635,148.7043,1.2500,0,1,120,1842877,A168_HF9F_20260827_0900,2026-08-27 09:00:00,185
114630322|7|8,8,114630322,7,2026-05-03,1,1078,12,15,5,1395.0986,1395.0986,-923.1255,5.0415,-66.169196,93.0066,116.2582,1.2500,0,1,66,1842878,A168_HF9F_20260827_0900,2026-08-27 09:00:00,185
114630322|8|8,8,114630322,8,2026-05-03,1,1078,5,7,4,570.0534,570.0534,489.1028,0.0000,85.799463,81.4362,114.0107,1.4000,0,1,10,1842879,A168_HF9F_20260827_0900,2026-08-27 09:00:00,185
114630322|9|8,8,114630322,9,2026-05-03,1,1078,4,6,4,1060.2939,1060.2939,-915.0032,0.0000,-86.297124,176.7157,265.0735,1.5000,0,1,6,1842880,A168_HF9F_20260827_0900,2026-08-27 09:00:00,185
114630345|1|8,8,114630345,1,2026-05-03,1,1485,2,5,4,85.6209,85.6209,85.6209,0.0000,100.000000,17.1242,42.8104,2.5000,0,1,1,1842881,A168_HF9F_20260827_0900,2026-08-27 09:00:00,185
114630345|10|8,8,114630345,10,2026-05-03,1,1485,9,9,2,633.9245,633.9245,213.8005,0.8402,33.726498,70.4361,70.4361,1.0000,0,1,36,1842882,A168_HF9F_20260827_0900,2026-08-27 09:00:00,185
114630345|11|8,8,114630345,11,2026-05-03,1,1485,5,5,2,321.6171,321.6171,262.6205,0.0000,81.656253,64.3234,64.3234,1.0000,0,1,10,1842883,A168_HF9F_20260827_0900,2026-08-27 09:00:00,185
114630345|12|8,8,114630345,12,2026-05-03,1,1485,8,8,2,508.7036,507.6533,457.0107,1.0755,90.024165,63.5880,63.5880,1.0000,0,1,28,1842884,A168_HF9F_20260827_0900,2026-08-27 09:00:00,185
114630345|13|8,8,114630345,13,2026-05-03,1,1485,5,5,1,137.0568,0.0000,0.0000,0.0000,,27.4114,27.4114,1.0000,5,1,10,1842885,A168_HF9F_20260827_0900,2026-08-27 09:00:00,185
114630345|14|8,8,114630345,14,2026-05-03,1,1485,5,5,2,117.9895,117.9895,109.5870,0.0000,92.878622,23.5979,23.5979,1.0000,0,1,10,1842886,A168_HF9F_20260827_0900,2026-08-27 09:00:00,185
114630345|15|8,8,114630345,15,2026-05-03,1,1485,4,4,2,90.9348,90.9348,81.5445,0.0000,89.673502,22.7337,22.7337,1.0000,0,1,6,1842887,A168_HF9F_20260827_0900,2026-08-27 09:00:00,185
114630345|16|8,8,114630345,16,2026-05-03,1,1485,6,7,2,136.4603,96.9970,-86.3112,0.0000,-88.983382,19.4943,22.7434,1.1667,1,1,15,1842888,A168_HF9F_20260827_0900,2026-08-27 09:00:00,185
114630345|17|8,8,114630345,17,2026-05-03,1,1485,5,5,2,145.4367,145.4367,-121.7800,0.0000,-83.734046,29.0873,29.0873,1.0000,0,1,10,1842889,A168_HF9F_20260827_0900,2026-08-27 09:00:00,185
114630345|18|8,8,114630345,18,2026-05-03,1,1485,9,12,5,466.2953,466.2953,-279.7773,0.0000,-60.000034,38.8579,51.8106,1.3333,0,1,36,1842890,A168_HF9F_20260827_0900,2026-08-27 09:00:00,185
114630345|19|8,8,114630345,19,2026-05-03,1,1485,16,17,3,2469.2671,2469.2671,2162.8973,5.0415,87.592679,145.2510,154.3292,1.0625,0,1,120,1842891,A168_HF9F_20260827_0900,2026-08-27 09:00:00,185
114630345|2|8,8,114630345,2,2026-05-03,1,1485,2,2,1,103.7829,103.7829,103.7829,0.0000,100.000000,51.8914,51.8914,1.0000,0,1,1,1842892,A168_HF9F_20260827_0900,2026-08-27 09:00:00,185
114630345|20|8,8,114630345,20,2026-05-03,1,1645,20,22,4,1952.1985,1952.1985,-1575.4905,6.7220,-80.703394,88.7363,97.6099,1.1000,0,1,190,1842893,A168_HF9F_20260827_0900,2026-08-27 09:00:00,185
114630345|21|8,8,114630345,21,2026-05-03,1,1645,22,26,6,766.2154,766.2154,-658.2691,0.0672,-85.911754,29.4698,34.8280,1.1818,0,1,231,1842894,A168_HF9F_20260827_0900,2026-08-27 09:00:00,185
114630345|22|8,8,114630345,22,2026-05-03,1,1645,34,37,5,2812.1111,2812.1111,-2130.0375,4.2685,-75.745142,76.0030,82.7092,1.0882,0,1,561,1842895,A168_HF9F_20260827_0900,2026-08-27 09:00:00,185
114630345|23|8,8,114630345,23,2026-05-03,1,1645,32,40,7,2828.8395,2828.8395,-1185.4071,0.5041,-41.904361,70.7210,88.4012,1.2500,0,1,496,1842896,A168_HF9F_20260827_0900,2026-08-27 09:00:00,185
114630345|24|8,8,114630345,24,2026-05-03,1,1645,27,31,4,2350.3668,2350.3668,1445.1217,0.0672,61.484941,75.8183,87.0506,1.1481,0,1,351,1842897,A168_HF9F_20260827_0900,2026-08-27 09:00:00,185
114630345|25|8,8,114630345,25,2026-05-03,1,1645,18,18,2,1754.1137,1754.1137,-666.0321,0.2756,-37.969724,97.4508,97.4508,1.0000,0,1,153,1842898,A168_HF9F_20260827_0900,2026-08-27 09:00:00,185
114630345|26|8,8,114630345,26,2026-05-03,1,1645,18,20,4,1966.9870,1966.9870,-260.3117,0.2756,-13.234030,98.3494,109.2771,1.1111,0,1,153,1842899,A168_HF9F_20260827_0900,2026-08-27 09:00:00,185
114630345|27|8,8,114630345,27,2026-05-03,1,1645,9,10,2,740.1220,740.1220,-677.5754,0.0000,-91.549156,74.0122,82.2358,1.1111,0,1,36,1842900,A168_HF9F_20260827_0900,2026-08-27 09:00:00,185
114630345|28|8,8,114630345,28,2026-05-03,1,1645,16,17,3,1840.8608,1840.8608,1606.9738,0.0000,87.294693,108.2859,115.0538,1.0625,0,1,120,1842901,A168_HF9F_20260827_0900,2026-08-27 09:00:00,185
114630345|29|8,8,114630345,29,2026-05-03,1,1645,8,9,3,163.2295,163.2295,-39.6280,0.0000,-24.277497,18.1366,20.4037,1.1250,0,1,28,1842902,A168_HF9F_20260827_0900,2026-08-27 09:00:00,185
114630345|3|8,8,114630345,3,2026-05-03,1,1485,4,4,2,61.1083,61.1083,23.3511,0.0000,38.212723,15.2771,15.2771,1.0000,0,1,6,1842903,A168_HF9F_20260827_0900,2026-08-27 09:00:00,185
114630345|30|8,8,114630345,30,2026-05-03,1,1645,19,20,3,1447.3247,1447.3247,546.0586,0.0000,37.728824,72.3662,76.1750,1.0526,0,1,171,1842904,A168_HF9F_20260827_0900,2026-08-27 09:00:00,185
114630345|31|8,8,114630345,31,2026-05-03,1,1645,12,13,3,281.6773,2.5946,-20.7566,0.0000,-800.000000,21.6675,23.4731,1.0833,12,1,66,1842905,A168_HF9F_20260827_0900,2026-08-27 09:00:00,185
114630345|32|8,8,114630345,32,2026-05-03,1,1645,10,10,2,718.5517,718.5517,481.0415,0.2756,66.945978,71.8552,71.8552,1.0000,0,1,45,1842906,A168_HF9F_20260827_0900,2026-08-27 09:00:00,185
114630345|33|8,8,114630345,33,2026-05-03,1,1645,11,13,4,565.8411,565.8411,438.6462,0.2756,77.521091,43.5262,51.4401,1.1818,0,1,55,1842907,A168_HF9F_20260827_0900,2026-08-27 09:00:00,185
114630345|34|8,8,114630345,34,2026-05-03,1,1645,16,16,2,981.8720,981.8720,-904.1050,0.4231,-92.079715,61.3670,61.3670,1.0000,0,1,120,1842908,A168_HF9F_20260827_0900,2026-08-27 09:00:00,185
114630345|35|8,8,114630345,35,2026-05-03,1,1645,18,19,3,1686.8740,1686.8740,-778.7231,0.3428,-46.163677,88.7828,93.7152,1.0556,0,1,153,1842909,A168_HF9F_20260827_0900,2026-08-27 09:00:00,185
114630345|36|8,8,114630345,36,2026-05-03,1,1645,20,22,4,1406.2610,1406.2610,841.3787,0.4118,59.830911,63.9210,70.3130,1.1000,0,1,190,1842910,A168_HF9F_20260827_0900,2026-08-27 09:00:00,185
114630345|37|8,8,114630345,37,2026-05-03,1,1645,18,21,6,429.1920,429.1920,186.0603,0.3542,43.351302,20.4377,23.8440,1.1667,0,1,153,1842911,A168_HF9F_20260827_0900,2026-08-27 09:00:00,185
114630345|38|8,8,114630345,38,2026-05-03,1,1645,15,19,4,280.2585,12.0939,-61.2343,0.0000,-506.323108,14.7504,18.6839,1.2667,15,1,105,1842912,A168_HF9F_20260827_0900,2026-08-27 09:00:00,185
114630345|39|8,8,114630345,39,2026-05-03,1,1645,19,22,5,640.5501,14.6602,-4.2454,0.0689,-28.958347,29.1159,33.7132,1.1579,19,1,171,1842913,A168_HF9F_20260827_0900,2026-08-27 09:00:00,185
114630345|4|8,8,114630345,4,2026-05-03,1,1485,7,7,3,650.6580,650.6580,598.7666,0.0000,92.024775,92.9511,92.9511,1.0000,0,1,21,1842914,A168_HF9F_20260827_0900,2026-08-27 09:00:00,185
114630345|40|8,8,114630345,40,2026-05-03,1,1645,23,35,7,842.6267,800.6143,-310.1341,0.6168,-38.737023,24.0750,36.6359,1.5217,1,1,253,1842915,A168_HF9F_20260827_0900,2026-08-27 09:00:00,185
114630345|41|8,8,114630345,41,2026-05-03,1,1645,18,26,6,1051.6061,1051.6061,608.1858,0.1008,57.833995,40.4464,58.4226,1.4444,0,1,153,1842916,A168_HF9F_20260827_0900,2026-08-27 09:00:00,185
114630345|42|8,8,114630345,42,2026-05-03,1,1645,16,24,7,727.8256,685.8132,385.4930,0.7173,56.209628,30.3261,45.4891,1.5000,1,1,120,1842917,A168_HF9F_20260827_0900,2026-08-27 09:00:00,185
114630345|43|8,8,114630345,43,2026-05-03,1,1645,17,26,8,909.9820,867.9697,-65.5028,0.2185,-7.546673,34.9993,53.5284,1.5294,1,1,136,1842918,A168_HF9F_20260827_0900,2026-08-27 09:00:00,185
114630345|44|8,8,114630345,44,2026-05-03,1,1004,14,21,5,678.6768,636.6644,-58.6906,0.4403,-9.218447,32.3179,48.4769,1.5000,1,1,91,1842919,A168_HF9F_20260827_0900,2026-08-27 09:00:00,185
114630345|45|8,8,114630345,45,2026-05-03,1,1004,27,36,6,1534.2485,1492.2361,758.8951,0.4437,50.856231,42.6180,56.8240,1.3333,1,1,351,1842920,A168_HF9F_20260827_0900,2026-08-27 09:00:00,185
114630345|46|8,8,114630345,46,2026-05-03,1,1004,24,34,7,1595.5725,1553.5601,372.2556,0.2802,23.961455,46.9286,66.4822,1.4167,1,1,276,1842921,A168_HF9F_20260827_0900,2026-08-27 09:00:00,185
114630345|47|8,8,114630345,47,2026-05-03,1,1004,19,26,7,637.1899,637.1899,126.5090,0.2017,19.854210,24.5073,33.5363,1.3684,0,1,171,1842922,A168_HF9F_20260827_0900,2026-08-27 09:00:00,185
114630345|48|8,8,114630345,48,2026-05-03,1,1004,18,24,6,1149.9702,1149.9702,545.0617,0.0286,47.397897,47.9154,63.8872,1.3333,0,1,153,1842923,A168_HF9F_20260827_0900,2026-08-27 09:00:00,185
114630345|5|8,8,114630345,5,2026-05-03,1,1485,3,3,2,324.0044,324.0044,304.5044,0.0000,93.981563,108.0015,108.0015,1.0000,0,1,3,1842924,A168_HF9F_20260827_0900,2026-08-27 09:00:00,185
114630345|6|8,8,114630345,6,2026-05-03,1,1485,5,6,2,137.8129,127.3098,-75.4184,0.0000,-59.240033,22.9688,27.5626,1.2000,1,1,10,1842925,A168_HF9F_20260827_0900,2026-08-27 09:00:00,185
114630345|7|8,8,114630345,7,2026-05-03,1,1485,10,11,2,340.0064,331.6039,-81.8394,0.2017,-24.679862,30.9097,34.0006,1.1000,1,1,45,1842926,A168_HF9F_20260827_0900,2026-08-27 09:00:00,185
114630345|8|8,8,114630345,8,2026-05-03,1,1485,12,13,2,805.3026,796.9001,-474.4667,3.4282,-59.539039,61.9464,67.1085,1.0833,1,1,66,1842927,A168_HF9F_20260827_0900,2026-08-27 09:00:00,185
114630345|9|8,8,114630345,9,2026-05-03,1,1485,7,7,2,126.9920,126.9920,-121.8029,0.0000,-95.913803,18.1417,18.1417,1.0000,0,1,21,1842928,A168_HF9F_20260827_0900,2026-08-27 09:00:00,185
114630374|1|8,8,114630374,1,2026-05-03,1,1004,3,3,2,71.9791,71.9791,29.9667,0.0000,41.632476,23.9930,23.9930,1.0000,0,1,3,1842929,A168_HF9F_20260827_0900,2026-08-27 09:00:00,185
114630374|10|8,8,114630374,10,2026-05-03,1,1004,8,12,5,328.7327,328.7327,-201.1307,0.6891,-61.183667,27.3944,41.0916,1.5000,0,1,28,1842930,A168_HF9F_20260827_0900,2026-08-27 09:00:00,185
114630374|11|8,8,114630374,11,2026-05-03,1,1004,12,18,7,938.1856,938.1856,-87.6265,0.0000,-9.339998,52.1214,78.1821,1.5000,0,1,66,1842931,A168_HF9F_20260827_0900,2026-08-27 09:00:00,185
114630374|12|8,8,114630374,12,2026-05-03,1,1004,20,26,7,2354.7313,15.7546,-40.9621,0.0000,-260.000000,90.5666,117.7366,1.3000,20,1,190,1842932,A168_HF9F_20260827_0900,2026-08-27 09:00:00,185
114630374|13|8,8,114630374,13,2026-05-03,1,1004,23,35,8,1562.6723,1562.6723,442.5926,0.0000,28.322806,44.6478,67.9423,1.5217,0,1,253,1842933,A168_HF9F_20260827_0900,2026-08-27 09:00:00,185
114630374|14|8,8,114630374,14,2026-05-03,1,1004,19,24,5,3311.9056,3311.9056,-55.2639,0.0000,-1.668643,137.9961,174.3108,1.2632,0,1,171,1842934,A168_HF9F_20260827_0900,2026-08-27 09:00:00,185
114630374|15|8,8,114630374,15,2026-05-03,1,1004,28,41,8,1527.3899,1527.3899,-298.0292,0.0000,-19.512319,37.2534,54.5496,1.4643,0,1,378,1842935,A168_HF9F_20260827_0900,2026-08-27 09:00:00,185
114630374|16|8,8,114630374,16,2026-05-03,1,1004,16,25,6,566.5429,566.5429,375.0845,0.0000,66.205848,22.6617,35.4089,1.5625,0,1,120,1842936,A168_HF9F_20260827_0900,2026-08-27 09:00:00,185
114630374|17|8,8,114630374,17,2026-05-03,1,1004,22,28,5,542.2292,542.2292,35.6885,0.0945,6.581808,19.3653,24.6468,1.2727,0,1,231,1842937,A168_HF9F_20260827_0900,2026-08-27 09:00:00,185
114630374|18|8,8,114630374,18,2026-05-03,1,1004,21,27,5,657.7768,657.7768,268.7325,0.0945,40.854668,24.3621,31.3227,1.2857,0,1,210,1842938,A168_HF9F_20260827_0900,2026-08-27 09:00:00,185
114630374|19|8,8,114630374,19,2026-05-03,1,1004,15,24,6,386.4911,386.4911,178.0854,0.0000,46.077492,16.1038,25.7661,1.6000,0,1,105,1842939,A168_HF9F_20260827_0900,2026-08-27 09:00:00,185
114630374|2|8,8,114630374,2,2026-05-03,1,1004,2,2,1,21.3753,21.3753,-21.3753,0.0000,-100.000000,10.6877,10.6877,1.0000,0,1,1,1842940,A168_HF9F_20260827_0900,2026-08-27 09:00:00,185
114630374|20|8,8,114630374,20,2026-05-03,1,1004,15,25,6,515.5506,515.5506,-75.7698,0.0000,-14.696862,20.6220,34.3700,1.6667,0,1,105,1842941,A168_HF9F_20260827_0900,2026-08-27 09:00:00,185
114630374|21|8,8,114630374,21,2026-05-03,1,1004,25,40,7,1103.0211,1098.8198,621.3704,3.4282,56.548889,27.5755,44.1208,1.6000,1,1,300,1842942,A168_HF9F_20260827_0900,2026-08-27 09:00:00,185
114630374|22|8,8,114630374,22,2026-05-03,1,1004,18,27,6,1007.9116,1007.9116,-133.0406,5.0415,-13.199631,37.3301,55.9951,1.5000,0,1,153,1842943,A168_HF9F_20260827_0900,2026-08-27 09:00:00,185
114630374|23|8,8,114630374,23,2026-05-03,1,1485,15,19,5,515.5765,515.5765,-215.2899,0.0000,-41.757128,27.1356,34.3718,1.2667,0,1,105,1842944,A168_HF9F_20260827_0900,2026-08-27 09:00:00,185
114630374|24|8,8,114630374,24,2026-05-03,1,1485,20,27,7,2428.8230,41.1440,-34.4783,0.0000,-83.799064,89.9564,121.4412,1.3500,19,1,190,1842945,A168_HF9F_20260827_0900,2026-08-27 09:00:00,185
114630374|25|8,8,114630374,25,2026-05-03,1,1485,16,22,7,2003.4001,2003.4001,1604.8877,0.1680,80.108199,91.0636,125.2125,1.3750,0,1,120,1842946,A168_HF9F_20260827_0900,2026-08-27 09:00:00,185
114630374|26|8,8,114630374,26,2026-05-03,1,1485,20,24,6,4200.9776,4200.9776,2472.7470,0.0672,58.861228,175.0407,210.0489,1.2000,0,1,190,1842947,A168_HF9F_20260827_0900,2026-08-27 09:00:00,185
114630374|27|8,8,114630374,27,2026-05-03,1,1485,22,32,8,20727.1420,20727.1420,19402.3974,0.0672,93.608648,647.7232,942.1428,1.4545,0,1,231,1842948,A168_HF9F_20260827_0900,2026-08-27 09:00:00,185
114630374|28|8,8,114630374,28,2026-05-03,1,1485,17,22,7,591.7225,591.7225,386.5667,0.2521,65.329058,26.8965,34.8072,1.2941,0,1,136,1842949,A168_HF9F_20260827_0900,2026-08-27 09:00:00,185
114630374|29|8,8,114630374,29,2026-05-03,1,1485,16,20,5,466.5618,466.5618,15.8866,0.0000,3.405042,23.3281,29.1601,1.2500,0,1,120,1842950,A168_HF9F_20260827_0900,2026-08-27 09:00:00,185
114630374|3|8,8,114630374,3,2026-05-03,1,1004,5,5,2,548.9784,548.9784,251.0216,0.0000,45.725233,109.7957,109.7957,1.0000,0,1,10,1842951,A168_HF9F_20260827_0900,2026-08-27 09:00:00,185
114630374|30|8,8,114630374,30,2026-05-03,1,1485,12,16,5,331.0320,331.0320,142.7496,0.0000,43.122596,20.6895,27.5860,1.3333,0,1,66,1842952,A168_HF9F_20260827_0900,2026-08-27 09:00:00,185
114630374|31|8,8,114630374,31,2026-05-03,1,1485,16,20,5,1649.4609,1649.4609,70.8857,0.0000,4.297506,82.4730,103.0913,1.2500,0,1,120,1842953,A168_HF9F_20260827_0900,2026-08-27 09:00:00,185
114630374|32|8,8,114630374,32,2026-05-03,1,1485,17,21,5,366.5707,366.5707,-114.1161,0.0000,-31.130712,17.4557,21.5630,1.2353,0,1,136,1842954,A168_HF9F_20260827_0900,2026-08-27 09:00:00,185
114630374|33|8,8,114630374,33,2026-05-03,1,1485,27,32,6,1792.3879,1792.3879,917.3918,0.0000,51.182658,56.0121,66.3847,1.1852,0,1,351,1842955,A168_HF9F_20260827_0900,2026-08-27 09:00:00,185
114630374|34|8,8,114630374,34,2026-05-03,1,1485,39,49,7,2625.4841,2345.4841,-555.8050,0.1361,-23.696814,53.5813,67.3201,1.2564,1,1,741,1842956,A168_HF9F_20260827_0900,2026-08-27 09:00:00,185
114630374|35|8,8,114630374,35,2026-05-03,1,1485,43,55,6,2356.5345,58.0509,-269.6800,0.1076,-464.557590,42.8461,54.8031,1.2791,43,1,903,1842957,A168_HF9F_20260827_0900,2026-08-27 09:00:00,185
114630374|36|8,8,114630374,36,2026-05-03,1,1485,34,45,5,1452.0550,1452.0550,-75.9505,1.1343,-5.230552,32.2679,42.7075,1.3235,0,1,561,1842958,A168_HF9F_20260827_0900,2026-08-27 09:00:00,185
114630374|37|8,8,114630374,37,2026-05-03,1,1485,37,47,8,2722.6156,100.8297,-541.9599,0.0336,-537.500000,57.9280,73.5842,1.2703,35,1,666,1842959,A168_HF9F_20260827_0900,2026-08-27 09:00:00,185
114630374|38|8,8,114630374,38,2026-05-03,1,1485,44,56,6,6937.5266,6929.1242,-3522.5910,2.5140,-50.837464,123.8844,157.6711,1.2727,1,1,946,1842960,A168_HF9F_20260827_0900,2026-08-27 09:00:00,185
114630374|39|8,8,114630374,39,2026-05-03,1,1485,52,61,5,4517.4833,120.9957,-419.7038,0.0000,-346.875000,74.0571,86.8747,1.1731,52,1,1326,1842961,A168_HF9F_20260827_0900,2026-08-27 09:00:00,185
114630374|4|8,8,114630374,4,2026-05-03,1,1004,7,7,2,1100.0867,1100.0867,520.9195,0.0000,47.352587,157.1552,157.1552,1.0000,0,1,21,1842962,A168_HF9F_20260827_0900,2026-08-27 09:00:00,185
114630374|40|8,8,114630374,40,2026-05-03,1,1485,43,54,6,3350.6432,128.0571,-405.7446,0.0000,-316.846571,62.0489,77.9219,1.2558,42,1,903,1842963,A168_HF9F_20260827_0900,2026-08-27 09:00:00,185
114630374|41|8,8,114630374,41,2026-05-03,1,1485,47,63,6,4949.1803,4940.7778,-1899.1284,5.0995,-38.437842,78.5584,105.3017,1.3404,2,1,1081,1842964,A168_HF9F_20260827_0900,2026-08-27 09:00:00,185
114630374|42|8,8,114630374,42,2026-05-03,1,1485,29,39,6,2275.7557,2275.7557,993.0156,0.0000,43.634542,58.3527,78.4743,1.3448,0,1,406,1842965,A168_HF9F_20260827_0900,2026-08-27 09:00:00,185
114630374|43|8,8,114630374,43,2026-05-03,1,1485,23,31,5,1329.7480,1329.7480,281.4335,0.0000,21.164421,42.8951,57.8151,1.3478,0,1,253,1842966,A168_HF9F_20260827_0900,2026-08-27 09:00:00,185
114630374|44|8,8,114630374,44,2026-05-03,1,1485,21,33,7,1624.5655,134.4079,-127.9760,0.0000,-95.214604,49.2293,77.3603,1.5714,20,1,210,1842967,A168_HF9F_20260827_0900,2026-08-27 09:00:00,185
114630374|45|8,8,114630374,45,2026-05-03,1,1485,15,23,5,626.0004,626.0004,-306.1958,0.0000,-48.913027,27.2174,41.7334,1.5333,0,1,105,1842968,A168_HF9F_20260827_0900,2026-08-27 09:00:00,185
114630374|46|8,8,114630374,46,2026-05-03,1,1485,27,42,6,1395.2403,1395.2403,-191.5978,0.0000,-13.732245,33.2200,51.6756,1.5556,0,1,351,1842969,A168_HF9F_20260827_0900,2026-08-27 09:00:00,185
114630374|47|8,8,114630374,47,2026-05-03,1,1485,35,42,6,1800.7422,1800.7422,817.1651,0.0000,45.379349,42.8748,51.4498,1.2000,0,1,595,1842970,A168_HF9F_20260827_0900,2026-08-27 09:00:00,185
114630374|5|8,8,114630374,5,2026-05-03,1,1004,13,21,7,4447.6783,4447.6783,1037.4885,0.0672,23.326518,211.7942,342.1291,1.6154,0,1,78,1842971,A168_HF9F_20260827_0900,2026-08-27 09:00:00,185
114630374|6|8,8,114630374,6,2026-05-03,1,1004,9,11,4,722.5159,722.5159,-596.2735,0.0000,-82.527390,65.6833,80.2795,1.2222,0,1,36,1842972,A168_HF9F_20260827_0900,2026-08-27 09:00:00,185
114630374|7|8,8,114630374,7,2026-05-03,1,1004,8,13,6,214.2517,5.0415,5.0415,0.0000,100.000000,16.4809,26.7815,1.6250,8,1,28,1842973,A168_HF9F_20260827_0900,2026-08-27 09:00:00,185
114630374|8|8,8,114630374,8,2026-05-03,1,1004,10,18,8,352.8691,12.3937,-6.5119,0.0000,-52.542373,19.6038,35.2869,1.8000,10,1,45,1842974,A168_HF9F_20260827_0900,2026-08-27 09:00:00,185
114630374|9|8,8,114630374,9,2026-05-03,1,1004,7,11,5,331.8969,331.8969,-304.5889,0.0000,-91.772127,30.1724,47.4138,1.5714,0,1,21,1842975,A168_HF9F_20260827_0900,2026-08-27 09:00:00,185
114630398|1|8,8,114630398,1,2026-05-03,1,1485,3,3,2,78.5403,0.0000,0.0000,0.0000,,26.1801,26.1801,1.0000,3,1,3,1842976,A168_HF9F_20260827_0900,2026-08-27 09:00:00,185
114630398|10|8,8,114630398,10,2026-05-03,1,1645,17,21,7,813.7103,813.7103,-199.9273,0.4773,-24.569834,38.7481,47.8653,1.2353,0,1,136,1842977,A168_HF9F_20260827_0900,2026-08-27 09:00:00,185
114630398|11|8,8,114630398,11,2026-05-03,1,1645,17,30,8,1432.1904,1432.1904,-127.2326,0.5243,-8.883778,47.7397,84.2465,1.7647,0,1,136,1842978,A168_HF9F_20260827_0900,2026-08-27 09:00:00,185
114630398|12|8,8,114630398,12,2026-05-03,1,1645,16,28,8,1103.1896,1103.1896,-506.0492,0.1882,-45.871461,39.3996,68.9494,1.7500,0,1,120,1842979,A168_HF9F_20260827_0900,2026-08-27 09:00:00,185
114630398|13|8,8,114630398,13,2026-05-03,1,1645,17,26,7,1398.8294,1398.8294,203.8327,0.7798,14.571663,53.8011,82.2841,1.5294,0,1,136,1842980,A168_HF9F_20260827_0900,2026-08-27 09:00:00,185
114630398|14|8,8,114630398,14,2026-05-03,1,1645,27,44,8,1481.9439,1481.9439,-505.9903,0.5432,-34.143689,33.6805,54.8868,1.6296,0,1,351,1842981,A168_HF9F_20260827_0900,2026-08-27 09:00:00,185
114630398|15|8,8,114630398,15,2026-05-03,1,1645,29,38,7,4393.0006,4313.0006,-3481.0621,0.5621,-80.710912,115.6053,151.4828,1.3103,1,1,406,1842982,A168_HF9F_20260827_0900,2026-08-27 09:00:00,185
114630398|16|8,8,114630398,16,2026-05-03,1,1645,30,43,8,4259.8805,4259.8805,-3084.0261,3.2158,-72.397009,99.0670,141.9960,1.4333,0,1,435,1842983,A168_HF9F_20260827_0900,2026-08-27 09:00:00,185
114630398|17|8,8,114630398,17,2026-05-03,1,1645,38,60,8,7231.7921,7231.7921,-5771.0280,6.7139,-79.800801,120.5299,190.3103,1.5789,0,1,703,1842984,A168_HF9F_20260827_0900,2026-08-27 09:00:00,185
114630398|18|8,8,114630398,18,2026-05-03,1,1645,37,57,9,4647.2466,4647.2466,2375.0471,0.4285,51.106542,81.5306,125.6013,1.5405,0,1,666,1842985,A168_HF9F_20260827_0900,2026-08-27 09:00:00,185
114630398|19|8,8,114630398,19,2026-05-03,1,1645,19,38,8,531.1933,531.1933,443.7333,0.1176,83.535179,13.9788,27.9575,2.0000,0,1,171,1842986,A168_HF9F_20260827_0900,2026-08-27 09:00:00,185
114630398|2|8,8,114630398,2,2026-05-03,1,1645,5,5,2,210.4100,210.4100,-189.7706,0.0000,-90.190897,42.0820,42.0820,1.0000,0,1,10,1842987,A168_HF9F_20260827_0900,2026-08-27 09:00:00,185
114630398|20|8,8,114630398,20,2026-05-03,1,1645,18,33,9,1019.6917,1019.6917,-744.2813,0.1714,-72.990809,30.8997,56.6495,1.8333,0,1,153,1842988,A168_HF9F_20260827_0900,2026-08-27 09:00:00,185
114630398|21|8,8,114630398,21,2026-05-03,1,1645,19,35,9,1116.4985,58.0337,-93.5695,0.0336,-161.233051,31.9000,58.7631,1.8421,19,1,171,1842989,A168_HF9F_20260827_0900,2026-08-27 09:00:00,185
114630398|22|8,8,114630398,22,2026-05-03,1,1645,18,31,9,453.8592,453.8592,377.0599,0.3395,83.078601,14.6406,25.2144,1.7222,0,1,153,1842990,A168_HF9F_20260827_0900,2026-08-27 09:00:00,185
114630398|23|8,8,114630398,23,2026-05-03,1,1645,16,25,8,1099.9600,40.3064,-3.8409,0.2369,-9.529197,43.9984,68.7475,1.5625,16,1,120,1842991,A168_HF9F_20260827_0900,2026-08-27 09:00:00,185
114630398|24|8,8,114630398,24,2026-05-03,1,1645,22,30,9,1227.7167,1227.7167,-737.6164,1.7084,-60.080342,40.9239,55.8053,1.3636,0,1,231,1842992,A168_HF9F_20260827_0900,2026-08-27 09:00:00,185
114630398|25|8,8,114630398,25,2026-05-03,1,1645,15,18,4,701.3680,701.3680,30.0138,1.1101,4.279326,38.9649,46.7579,1.2000,0,1,105,1842993,A168_HF9F_20260827_0900,2026-08-27 09:00:00,185
114630398|26|8,8,114630398,26,2026-05-03,1,1645,25,37,8,2531.6136,2531.6136,2129.0647,0.5925,84.099115,68.4220,101.2645,1.4800,0,1,300,1842994,A168_HF9F_20260827_0900,2026-08-27 09:00:00,185
114630398|27|8,8,114630398,27,2026-05-03,1,1645,17,26,9,1597.5704,1597.5704,976.7810,0.5378,61.141660,61.4450,93.9747,1.5294,0,1,136,1842995,A168_HF9F_20260827_0900,2026-08-27 09:00:00,185
114630398|28|8,8,114630398,28,2026-05-03,1,1645,17,27,9,517.0177,517.0177,202.2753,0.5378,39.123484,19.1488,30.4128,1.5882,0,1,136,1842996,A168_HF9F_20260827_0900,2026-08-27 09:00:00,185
114630398|29|8,8,114630398,29,2026-05-03,1,1645,20,30,9,1084.2035,33.3603,-42.2620,0.1008,-126.683570,36.1401,54.2102,1.5000,20,1,190,1842997,A168_HF9F_20260827_0900,2026-08-27 09:00:00,185
114630398|3|8,8,114630398,3,2026-05-03,1,1645,6,6,2,172.6938,172.6938,117.0402,0.0000,67.773256,28.7823,28.7823,1.0000,0,1,15,1842998,A168_HF9F_20260827_0900,2026-08-27 09:00:00,185
114630398|30|8,8,114630398,30,2026-05-03,1,1645,21,33,9,678.9036,678.9036,-435.6982,0.4705,-64.176735,20.5728,32.3287,1.5714,0,1,210,1842999,A168_HF9F_20260827_0900,2026-08-27 09:00:00,185
114630398|31|8,8,114630398,31,2026-05-03,1,1645,23,33,9,1275.0825,1275.0825,252.6031,0.4705,19.810726,38.6389,55.4384,1.4348,0,1,253,1843000,A168_HF9F_20260827_0900,2026-08-27 09:00:00,185
114630398|32|8,8,114630398,32,2026-05-03,1,1645,25,39,9,744.6386,744.6386,542.8880,0.4705,72.906243,19.0933,29.7855,1.5600,0,1,300,1843001,A168_HF9F_20260827_0900,2026-08-27 09:00:00,185
114630398|33|8,8,114630398,33,2026-05-03,1,1645,21,25,6,684.9256,17.2989,-58.3234,0.1008,-337.150716,27.3970,32.6155,1.1905,21,1,210,1843002,A168_HF9F_20260827_0900,2026-08-27 09:00:00,185
114630398|34|8,8,114630398,34,2026-05-03,1,1645,19,21,4,410.5830,12.6037,-63.0186,0.1008,-500.000000,19.5516,21.6096,1.1053,19,1,171,1843003,A168_HF9F_20260827_0900,2026-08-27 09:00:00,185
114630398|35|8,8,114630398,35,2026-05-03,1,1645,19,23,4,581.8604,21.0062,-92.4273,0.1008,-440.000000,25.2983,30.6242,1.2105,19,1,171,1843004,A168_HF9F_20260827_0900,2026-08-27 09:00:00,185
114630398|36|8,8,114630398,36,2026-05-03,1,1004,17,20,4,743.8910,27.3081,-180.6533,0.1008,-661.538462,37.1946,43.7583,1.1765,17,1,136,1843005,A168_HF9F_20260827_0900,2026-08-27 09:00:00,185
114630398|37|8,8,114630398,37,2026-05-03,1,1004,11,14,4,391.2690,391.2690,-206.5341,0.6995,-52.785701,27.9478,35.5699,1.2727,0,1,55,1843006,A168_HF9F_20260827_0900,2026-08-27 09:00:00,185
114630398|38|8,8,114630398,38,2026-05-03,1,1004,12,15,5,616.2816,616.2816,326.0124,0.6050,52.899916,41.0854,51.3568,1.2500,0,1,66,1843007,A168_HF9F_20260827_0900,2026-08-27 09:00:00,185
114630398|39|8,8,114630398,39,2026-05-03,1,1004,16,21,6,501.5283,501.5283,280.2212,0.6050,55.873455,23.8823,31.3455,1.3125,0,1,120,1843008,A168_HF9F_20260827_0900,2026-08-27 09:00:00,185
114630398|4|8,8,114630398,4,2026-05-03,1,1645,12,13,3,961.1533,34.9162,34.9162,0.0000,100.000000,73.9349,80.0961,1.0833,12,1,66,1843009,A168_HF9F_20260827_0900,2026-08-27 09:00:00,185
114630398|40|8,8,114630398,40,2026-05-03,1,1004,15,18,4,713.6353,713.6353,-374.2706,0.6050,-52.445643,39.6464,47.5757,1.2000,0,1,105,1843010,A168_HF9F_20260827_0900,2026-08-27 09:00:00,185
114630398|41|8,8,114630398,41,2026-05-03,1,1004,14,23,6,802.4088,802.4088,560.4995,0.6050,69.852108,34.8873,57.3149,1.6429,0,1,91,1843011,A168_HF9F_20260827_0900,2026-08-27 09:00:00,185
114630398|42|8,8,114630398,42,2026-05-03,1,1004,11,14,4,442.1735,442.1735,-475.1978,0.6050,-107.468622,31.5838,40.1976,1.2727,0,1,55,1843012,A168_HF9F_20260827_0900,2026-08-27 09:00:00,185
114630398|43|8,8,114630398,43,2026-05-03,1,1004,8,11,4,183.4223,183.4223,117.5399,0.6050,64.081549,16.6748,22.9278,1.3750,0,1,28,1843013,A168_HF9F_20260827_0900,2026-08-27 09:00:00,185
114630398|44|8,8,114630398,44,2026-05-03,1,1004,10,12,4,415.9646,415.9646,-260.6082,0.6050,-62.651521,34.6637,41.5965,1.2000,0,1,45,1843014,A168_HF9F_20260827_0900,2026-08-27 09:00:00,185
114630398|45|8,8,114630398,45,2026-05-03,1,1004,11,14,5,632.1793,632.1793,-19.5325,0.6050,-3.089703,45.1557,57.4708,1.2727,0,1,55,1843015,A168_HF9F_20260827_0900,2026-08-27 09:00:00,185
114630398|46|8,8,114630398,46,2026-05-03,1,1004,11,15,5,368.2551,368.2551,63.6991,0.6050,17.297537,24.5503,33.4777,1.3636,0,1,55,1843016,A168_HF9F_20260827_0900,2026-08-27 09:00:00,185
114630398|47|8,8,114630398,47,2026-05-03,1,1004,9,11,4,622.6587,622.6587,617.4696,0.6050,99.166615,56.6053,69.1843,1.2222,0,1,36,1843017,A168_HF9F_20260827_0900,2026-08-27 09:00:00,185
114630398|48|8,8,114630398,48,2026-05-03,1,1004,6,8,4,236.2907,236.2907,32.9302,0.6050,13.936313,29.5363,39.3818,1.3333,0,1,15,1843018,A168_HF9F_20260827_0900,2026-08-27 09:00:00,185
114630398|49|8,8,114630398,49,2026-05-03,1,1004,11,13,4,645.4910,645.4910,262.5321,0.6050,40.671694,49.6532,58.6810,1.1818,0,1,55,1843019,A168_HF9F_20260827_0900,2026-08-27 09:00:00,185
114630398|5|8,8,114630398,5,2026-05-03,1,1645,12,13,3,1008.7867,1008.7867,-864.9637,1.0083,-85.742972,77.5990,84.0656,1.0833,0,1,66,1843020,A168_HF9F_20260827_0900,2026-08-27 09:00:00,185
114630398|6|8,8,114630398,6,2026-05-03,1,1645,9,10,3,940.1381,940.1381,-579.2721,1.0083,-61.615639,94.0138,104.4598,1.1111,0,1,36,1843021,A168_HF9F_20260827_0900,2026-08-27 09:00:00,185
114630398|7|8,8,114630398,7,2026-05-03,1,1645,22,25,5,4463.0730,4463.0730,1256.7337,1.2301,28.158484,178.5229,202.8670,1.1364,0,1,231,1843022,A168_HF9F_20260827_0900,2026-08-27 09:00:00,185
114630398|8|8,8,114630398,8,2026-05-03,1,1645,23,27,5,2583.0523,2583.0523,-1340.3264,1.9023,-51.889248,95.6686,112.3066,1.1739,0,1,253,1843023,A168_HF9F_20260827_0900,2026-08-27 09:00:00,185
114630398|9|8,8,114630398,9,2026-05-03,1,1645,35,41,7,3501.8503,3501.8503,2612.0181,0.4739,74.589657,85.4110,100.0529,1.1714,0,1,595,1843024,A168_HF9F_20260827_0900,2026-08-27 09:00:00,185
114630421|1|8,8,114630421,1,2026-05-03,1,1004,2,2,2,28.5403,28.5403,23.3511,0.0000,81.818182,14.2701,14.2701,1.0000,0,1,1,1843025,A168_HF9F_20260827_0900,2026-08-27 09:00:00,185
114630421|10|8,8,114630421,10,2026-05-03,1,1004,3,3,2,98.8434,98.8434,-45.9016,0.0000,-46.438737,32.9478,32.9478,1.0000,0,1,3,1843026,A168_HF9F_20260827_0900,2026-08-27 09:00:00,185
114630421|11|8,8,114630421,11,2026-05-03,1,1004,10,14,5,438.5000,438.5000,26.8470,0.2736,6.122469,31.3214,43.8500,1.4000,0,1,45,1843027,A168_HF9F_20260827_0900,2026-08-27 09:00:00,185
114630421|12|8,8,114630421,12,2026-05-03,1,1004,6,10,6,258.0041,258.0041,-138.7827,0.1094,-53.790874,25.8004,43.0007,1.6667,0,1,15,1843028,A168_HF9F_20260827_0900,2026-08-27 09:00:00,185
114630421|13|8,8,114630421,13,2026-05-03,1,1004,7,8,3,308.1890,308.1890,47.4817,0.0000,15.406666,38.5236,44.0270,1.1429,0,1,21,1843029,A168_HF9F_20260827_0900,2026-08-27 09:00:00,185
114630421|14|8,8,114630421,14,2026-05-03,1,1485,15,15,2,823.5999,823.5999,277.9423,0.1094,33.747254,54.9067,54.9067,1.0000,0,1,105,1843030,A168_HF9F_20260827_0900,2026-08-27 09:00:00,185
114630421|15|8,8,114630421,15,2026-05-03,1,1485,10,10,2,509.7396,509.7396,18.5019,0.0000,3.629678,50.9740,50.9740,1.0000,0,1,45,1843031,A168_HF9F_20260827_0900,2026-08-27 09:00:00,185
114630421|16|8,8,114630421,16,2026-05-03,1,1485,10,10,2,544.2733,544.2733,190.9122,0.0000,35.076540,54.4273,54.4273,1.0000,0,1,45,1843032,A168_HF9F_20260827_0900,2026-08-27 09:00:00,185
114630421|17|8,8,114630421,17,2026-05-03,1,1485,13,14,5,523.3231,523.3231,-343.1690,0.0000,-65.574983,37.3802,40.2556,1.0769,0,1,78,1843033,A168_HF9F_20260827_0900,2026-08-27 09:00:00,185
114630421|18|8,8,114630421,18,2026-05-03,1,1485,16,17,4,669.0545,669.0545,-166.3614,0.0000,-24.865144,39.3561,41.8159,1.0625,0,1,120,1843034,A168_HF9F_20260827_0900,2026-08-27 09:00:00,185
114630421|19|8,8,114630421,19,2026-05-03,1,1485,6,8,3,231.9017,231.9017,-222.0081,0.0000,-95.733717,28.9877,38.6503,1.3333,0,1,15,1843035,A168_HF9F_20260827_0900,2026-08-27 09:00:00,185
114630421|2|8,8,114630421,2,2026-05-03,1,1004,3,3,2,210.1603,210.1603,-197.1875,0.0000,-93.827160,70.0534,70.0534,1.0000,0,1,3,1843036,A168_HF9F_20260827_0900,2026-08-27 09:00:00,185
114630421|20|8,8,114630421,20,2026-05-03,1,1485,22,23,3,1346.7662,1346.7662,202.8291,0.0840,15.060457,58.5551,61.2166,1.0455,0,1,231,1843037,A168_HF9F_20260827_0900,2026-08-27 09:00:00,185
114630421|21|8,8,114630421,21,2026-05-03,1,1485,16,19,6,1435.4489,1435.4489,-394.1129,0.0840,-27.455723,75.5499,89.7156,1.1875,0,1,120,1843038,A168_HF9F_20260827_0900,2026-08-27 09:00:00,185
114630421|22|8,8,114630421,22,2026-05-03,1,1485,15,17,4,1555.6540,1555.6540,-359.0712,0.1680,-23.081687,91.5091,103.7103,1.1333,0,1,105,1843039,A168_HF9F_20260827_0900,2026-08-27 09:00:00,185
114630421|23|8,8,114630421,23,2026-05-03,1,1485,20,22,3,869.0790,855.3992,72.4781,0.0840,8.473015,39.5036,43.4540,1.1000,1,1,190,1843040,A168_HF9F_20260827_0900,2026-08-27 09:00:00,185
114630421|24|8,8,114630421,24,2026-05-03,1,1485,19,27,5,1049.3555,1044.1664,268.6493,0.0840,25.728591,38.8650,55.2292,1.4211,2,1,171,1843041,A168_HF9F_20260827_0900,2026-08-27 09:00:00,185
114630421|25|8,8,114630421,25,2026-05-03,1,1485,17,20,5,721.0537,721.0537,145.9160,0.1680,20.236496,36.0527,42.4149,1.1765,0,1,136,1843042,A168_HF9F_20260827_0900,2026-08-27 09:00:00,185
114630421|26|8,8,114630421,26,2026-05-03,1,1485,28,34,7,2254.6429,2254.6429,1272.0278,0.2794,56.418151,66.3130,80.5230,1.2143,0,1,378,1843043,A168_HF9F_20260827_0900,2026-08-27 09:00:00,185
114630421|27|8,8,114630421,27,2026-05-03,1,1485,25,32,8,2371.8546,2371.8546,-627.0399,0.1849,-26.436693,74.1205,94.8742,1.2800,0,1,300,1843044,A168_HF9F_20260827_0900,2026-08-27 09:00:00,185
114630421|28|8,8,114630421,28,2026-05-03,1,1485,30,38,7,3790.8102,136.6765,136.6765,0.0000,100.000000,99.7582,126.3603,1.2667,30,1,435,1843045,A168_HF9F_20260827_0900,2026-08-27 09:00:00,185
114630421|29|8,8,114630421,29,2026-05-03,1,1485,21,31,8,4159.9412,253.4322,19.9207,0.0000,7.860371,134.1917,198.0924,1.4762,21,1,210,1843046,A168_HF9F_20260827_0900,2026-08-27 09:00:00,185
114630421|3|8,8,114630421,3,2026-05-03,1,1004,4,6,5,112.1952,112.1952,93.8940,0.0000,83.688028,18.6992,28.0488,1.5000,0,1,6,1843047,A168_HF9F_20260827_0900,2026-08-27 09:00:00,185
114630421|30|8,8,114630421,30,2026-05-03,1,1485,24,29,5,4675.5012,4675.5012,2239.1864,23.0396,47.891901,161.2242,194.8126,1.2083,0,1,276,1843048,A168_HF9F_20260827_0900,2026-08-27 09:00:00,185
114630421|31|8,8,114630421,31,2026-05-03,1,1485,18,18,2,2699.4036,2699.4036,-1223.1201,12.7718,-45.310753,149.9669,149.9669,1.0000,0,1,153,1843049,A168_HF9F_20260827_0900,2026-08-27 09:00:00,185
114630421|32|8,8,114630421,32,2026-05-03,1,1485,25,36,8,4763.0850,197.1875,-269.8355,0.0000,-136.842105,132.3079,190.5234,1.4400,25,1,300,1843050,A168_HF9F_20260827_0900,2026-08-27 09:00:00,185
114630421|33|8,8,114630421,33,2026-05-03,1,1485,24,32,8,3174.7892,3174.7892,1480.5288,0.1680,46.633926,99.2122,132.2829,1.3333,0,1,276,1843051,A168_HF9F_20260827_0900,2026-08-27 09:00:00,185
114630421|34|8,8,114630421,34,2026-05-03,1,1485,13,20,8,1058.3668,1058.3668,-483.9164,0.1680,-45.722941,52.9183,81.4128,1.5385,0,1,78,1843052,A168_HF9F_20260827_0900,2026-08-27 09:00:00,185
114630421|35|8,8,114630421,35,2026-05-03,1,1485,17,22,6,2772.9468,2772.9468,-1032.2950,13.6120,-37.227363,126.0430,163.1145,1.2941,0,1,136,1843053,A168_HF9F_20260827_0900,2026-08-27 09:00:00,185
114630421|36|8,8,114630421,36,2026-05-03,1,1485,13,14,3,4527.8321,4527.8321,-2417.9382,27.5601,-53.401674,323.4166,348.2948,1.0769,0,1,78,1843054,A168_HF9F_20260827_0900,2026-08-27 09:00:00,185
114630421|37|8,8,114630421,37,2026-05-03,1,1485,14,16,4,5170.6822,5170.6822,-2404.8695,30.9211,-46.509714,323.1676,369.3344,1.1429,0,1,91,1843055,A168_HF9F_20260827_0900,2026-08-27 09:00:00,185
114630421|38|8,8,114630421,38,2026-05-03,1,1485,15,17,4,3536.7859,121.1090,121.1090,0.0000,100.000000,208.0462,235.7857,1.1333,15,1,105,1843056,A168_HF9F_20260827_0900,2026-08-27 09:00:00,185
114630421|39|8,8,114630421,39,2026-05-03,1,1485,12,14,4,4670.5296,4670.5296,-3507.7494,29.5767,-75.103889,333.6093,389.2108,1.1667,0,1,66,1843057,A168_HF9F_20260827_0900,2026-08-27 09:00:00,185
114630421|4|8,8,114630421,4,2026-05-03,1,1004,6,8,5,396.2313,370.2855,277.9188,0.0000,75.055259,49.5289,66.0385,1.3333,0,1,15,1843058,A168_HF9F_20260827_0900,2026-08-27 09:00:00,185
114630421|40|8,8,114630421,40,2026-05-03,1,1485,8,9,3,6464.3395,6464.3395,5299.4749,38.8195,81.980146,718.2599,808.0424,1.1250,0,1,28,1843059,A168_HF9F_20260827_0900,2026-08-27 09:00:00,185
114630421|41|8,8,114630421,41,2026-05-03,1,1485,11,11,2,3653.0043,3653.0043,3377.1186,20.5020,92.447706,332.0913,332.0913,1.0000,0,1,55,1843060,A168_HF9F_20260827_0900,2026-08-27 09:00:00,185
114630421|42|8,8,114630421,42,2026-05-03,1,1485,8,8,2,7054.1774,7054.1774,5767.2696,33.6099,81.756799,881.7722,881.7722,1.0000,0,1,28,1843061,A168_HF9F_20260827_0900,2026-08-27 09:00:00,185
114630421|43|8,8,114630421,43,2026-05-03,1,1485,6,6,2,2079.2592,2079.2592,-1796.6951,12.6709,-86.410351,346.5432,346.5432,1.0000,0,1,15,1843062,A168_HF9F_20260827_0900,2026-08-27 09:00:00,185
114630421|44|8,8,114630421,44,2026-05-03,1,1645,14,15,3,3196.1716,3196.1716,-4018.3629,15.9647,-125.724251,213.0781,228.2980,1.0714,0,1,91,1843063,A168_HF9F_20260827_0900,2026-08-27 09:00:00,185
114630421|45|8,8,114630421,45,2026-05-03,1,1645,10,10,2,4140.1796,4140.1796,2857.0248,24.3672,69.007267,414.0180,414.0180,1.0000,0,1,45,1843064,A168_HF9F_20260827_0900,2026-08-27 09:00:00,185
114630421|46|8,8,114630421,46,2026-05-03,1,1645,14,14,2,5339.3268,0.0000,0.0000,0.0000,,381.3805,381.3805,1.0000,14,1,91,1843065,A168_HF9F_20260827_0900,2026-08-27 09:00:00,185
114630421|47|8,8,114630421,47,2026-05-03,1,1645,7,7,2,5292.9501,5292.9501,4462.0373,36.1307,84.301519,756.1357,756.1357,1.0000,0,1,21,1843066,A168_HF9F_20260827_0900,2026-08-27 09:00:00,185
114630421|48|8,8,114630421,48,2026-05-03,1,1645,12,16,6,2573.0870,2573.0870,-1579.3130,14.3937,-61.378141,160.8179,214.4239,1.3333,0,1,66,1843067,A168_HF9F_20260827_0900,2026-08-27 09:00:00,185
114630421|49|8,8,114630421,49,2026-05-03,1,1645,12,15,6,3282.1641,3282.1641,2086.3708,19.6872,63.566923,218.8109,273.5137,1.2500,0,1,66,1843068,A168_HF9F_20260827_0900,2026-08-27 09:00:00,185
114630421|5|8,8,114630421,5,2026-05-03,1,1004,8,9,3,458.4203,5.1891,5.1891,0.0000,100.000000,50.9356,57.3025,1.1250,8,1,28,1843069,A168_HF9F_20260827_0900,2026-08-27 09:00:00,185
114630421|50|8,8,114630421,50,2026-05-03,1,1645,13,14,3,2746.1428,2746.1428,-2184.5968,12.9105,-79.551462,196.1531,211.2418,1.0769,0,1,78,1843070,A168_HF9F_20260827_0900,2026-08-27 09:00:00,185
114630421|6|8,8,114630421,6,2026-05-03,1,1004,4,4,2,85.6209,85.6209,70.4426,0.0000,82.272727,21.4052,21.4052,1.0000,0,1,6,1843071,A168_HF9F_20260827_0900,2026-08-27 09:00:00,185
114630421|7|8,8,114630421,7,2026-05-03,1,1004,1,1,1,25.9457,25.9457,25.9457,0.0000,100.000000,25.9457,25.9457,1.0000,0,0,0,1843072,A168_HF9F_20260827_0900,2026-08-27 09:00:00,185
114630421|8|8,8,114630421,8,2026-05-03,1,1004,2,2,2,77.8372,77.8372,25.9457,0.0000,33.333333,38.9186,38.9186,1.0000,0,1,1,1843073,A168_HF9F_20260827_0900,2026-08-27 09:00:00,185
114630421|9|8,8,114630421,9,2026-05-03,1,1004,4,4,1,108.2681,108.2681,-108.2681,0.0000,-100.000000,27.0670,27.0670,1.0000,0,1,6,1843074,A168_HF9F_20260827_0900,2026-08-27 09:00:00,185
114630445|1|8,8,114630445,1,2026-05-03,1,1645,2,2,1,134.9178,134.9178,134.9178,0.0000,100.000000,67.4589,67.4589,1.0000,0,1,1,1843075,A168_HF9F_20260827_0900,2026-08-27 09:00:00,185
114630445|10|8,8,114630445,10,2026-05-03,1,1645,6,6,2,2135.9813,2135.9813,-1902.8125,2.4624,-89.083763,355.9969,355.9969,1.0000,0,1,15,1843076,A168_HF9F_20260827_0900,2026-08-27 09:00:00,185
114630445|11|8,8,114630445,11,2026-05-03,1,1645,12,15,6,2586.5717,2586.5717,2129.1298,4.9248,82.314741,172.4381,215.5476,1.2500,0,1,66,1843077,A168_HF9F_20260827_0900,2026-08-27 09:00:00,185
114630445|12|8,8,114630445,12,2026-05-03,1,1645,9,10,3,783.9069,783.9069,-187.1024,3.6936,-23.867940,78.3907,87.1008,1.1111,0,1,36,1843078,A168_HF9F_20260827_0900,2026-08-27 09:00:00,185
114630445|13|8,8,114630445,13,2026-05-03,1,1645,7,7,2,1113.1185,1113.1185,963.1219,7.3871,86.524658,159.0169,159.0169,1.0000,0,1,21,1843079,A168_HF9F_20260827_0900,2026-08-27 09:00:00,185
114630445|14|8,8,114630445,14,2026-05-03,1,1645,13,13,2,1192.9015,1192.9015,601.7749,4.9248,50.446316,91.7617,91.7617,1.0000,0,1,78,1843080,A168_HF9F_20260827_0900,2026-08-27 09:00:00,185
114630445|15|8,8,114630445,15,2026-05-03,1,2130,10,10,2,1346.4844,1346.4844,-798.3685,7.2171,-59.292819,134.6484,134.6484,1.0000,0,1,45,1843081,A168_HF9F_20260827_0900,2026-08-27 09:00:00,185
114630445|16|8,8,114630445,16,2026-05-03,1,2130,12,15,4,2295.3466,2295.3466,1387.7502,13.6103,60.459286,153.0231,191.2789,1.2500,0,1,66,1843082,A168_HF9F_20260827_0900,2026-08-27 09:00:00,185
114630445|17|8,8,114630445,17,2026-05-03,1,2130,14,18,5,1889.1160,1889.1160,-913.4355,9.3011,-48.352539,104.9509,134.9369,1.2857,0,1,91,1843083,A168_HF9F_20260827_0900,2026-08-27 09:00:00,185
114630445|18|8,8,114630445,18,2026-05-03,1,2130,23,27,6,3460.6005,3460.6005,-2203.3329,21.3667,-63.669092,128.1704,150.4609,1.1739,0,1,253,1843084,A168_HF9F_20260827_0900,2026-08-27 09:00:00,185
114630445|19|8,8,114630445,19,2026-05-03,1,2130,29,36,5,2215.4563,109.7291,-137.1613,0.3361,-125.000000,61.5405,76.3950,1.2414,29,1,406,1843085,A168_HF9F_20260827_0900,2026-08-27 09:00:00,185
114630445|2|8,8,114630445,2,2026-05-03,1,1645,1,1,1,5.1891,0.0000,0.0000,0.0000,,5.1891,5.1891,1.0000,1,0,0,1843086,A168_HF9F_20260827_0900,2026-08-27 09:00:00,185
114630445|20|8,8,114630445,20,2026-05-03,1,2130,41,51,7,3970.0879,3451.1734,184.3120,3.0943,5.340559,77.8449,96.8314,1.2439,2,1,820,1843087,A168_HF9F_20260827_0900,2026-08-27 09:00:00,185
114630445|21|8,8,114630445,21,2026-05-03,1,2130,22,28,5,2461.5509,2461.5509,1170.0820,3.1784,47.534343,87.9125,111.8887,1.2727,0,1,231,1843088,A168_HF9F_20260827_0900,2026-08-27 09:00:00,185
114630445|22|8,8,114630445,22,2026-05-03,1,2130,17,19,4,2506.7962,29.6571,29.6571,0.0000,100.000000,131.9366,147.4586,1.1176,17,1,136,1843089,A168_HF9F_20260827_0900,2026-08-27 09:00:00,185
114630445|23|8,8,114630445,23,2026-05-03,1,2130,22,28,6,3966.7831,178.4154,135.5871,0.0000,75.995137,141.6708,180.3083,1.2727,22,1,231,1843090,A168_HF9F_20260827_0900,2026-08-27 09:00:00,185
114630445|24|8,8,114630445,24,2026-05-03,1,2130,24,32,8,1816.0989,1816.0989,10.4794,2.6709,0.577027,56.7531,75.6708,1.3333,0,1,276,1843091,A168_HF9F_20260827_0900,2026-08-27 09:00:00,185
114630445|25|8,8,114630445,25,2026-05-03,1,2130,18,23,8,2825.9468,10.6324,0.5979,0.0000,5.623450,122.8673,156.9970,1.2778,17,1,153,1843092,A168_HF9F_20260827_0900,2026-08-27 09:00:00,185
114630445|26|8,8,114630445,26,2026-05-03,1,2130,22,26,6,3207.1677,3207.1677,-1489.8270,0.6156,-46.453044,123.3526,145.7804,1.1818,0,1,231,1843093,A168_HF9F_20260827_0900,2026-08-27 09:00:00,185
114630445|27|8,8,114630445,27,2026-05-03,1,2130,19,24,4,2739.2888,2739.2888,1653.9517,0.6492,60.378872,114.1370,144.1731,1.2632,0,1,171,1843094,A168_HF9F_20260827_0900,2026-08-27 09:00:00,185
114630445|28|8,8,114630445,28,2026-05-03,1,2130,15,19,6,1833.8000,8.8964,-14.4547,0.0168,-162.477716,96.5158,122.2533,1.2667,15,1,105,1843095,A168_HF9F_20260827_0900,2026-08-27 09:00:00,185
114630445|29|8,8,114630445,29,2026-05-03,1,2130,15,24,6,1586.1676,1581.9663,-573.0243,0.6979,-36.222279,66.0903,105.7445,1.6000,1,1,105,1843096,A168_HF9F_20260827_0900,2026-08-27 09:00:00,185
114630445|3|8,8,114630445,3,2026-05-03,1,1645,5,5,2,257.9395,257.9395,-11.8961,0.6156,-4.611955,51.5879,51.5879,1.0000,0,1,10,1843097,A168_HF9F_20260827_0900,2026-08-27 09:00:00,185
114630445|30|8,8,114630445,30,2026-05-03,1,2130,11,15,6,1458.8527,1458.8527,-1027.4945,1.2648,-70.431686,97.2568,132.6230,1.3636,0,1,55,1843098,A168_HF9F_20260827_0900,2026-08-27 09:00:00,185
114630445|31|8,8,114630445,31,2026-05-03,1,2130,18,23,5,1801.6800,1801.6800,-1151.5050,0.6156,-63.912846,78.3339,100.0933,1.2778,0,1,153,1843099,A168_HF9F_20260827_0900,2026-08-27 09:00:00,185
114630445|32|8,8,114630445,32,2026-05-03,1,2130,20,22,4,3222.3391,3222.3391,1809.4147,4.8012,56.152214,146.4700,161.1170,1.1000,0,1,190,1843100,A168_HF9F_20260827_0900,2026-08-27 09:00:00,185
114630445|33|8,8,114630445,33,2026-05-03,1,2130,17,20,4,2461.1942,2461.1942,1406.5030,6.5967,57.147179,123.0597,144.7761,1.1765,0,1,136,1843101,A168_HF9F_20260827_0900,2026-08-27 09:00:00,185
114630445|34|8,8,114630445,34,2026-05-03,1,2130,15,19,4,1454.1612,1454.1612,-727.6841,2.4624,-50.041497,76.5348,96.9441,1.2667,0,1,105,1843102,A168_HF9F_20260827_0900,2026-08-27 09:00:00,185
114630445|35|8,8,114630445,35,2026-05-03,1,2130,18,19,4,1987.2598,1987.2598,372.7865,3.6936,18.758819,104.5926,110.4033,1.0556,0,1,153,1843103,A168_HF9F_20260827_0900,2026-08-27 09:00:00,185
114630445|36|8,8,114630445,36,2026-05-03,1,2130,15,26,9,2204.8157,2204.8157,1905.0877,9.2339,86.405758,84.8006,146.9877,1.7333,0,1,105,1843104,A168_HF9F_20260827_0900,2026-08-27 09:00:00,185
114630445|37|8,8,114630445,37,2026-05-03,1,2130,17,21,5,3945.9736,7.2898,-47.3263,0.0000,-649.216460,187.9035,232.1161,1.2353,18,1,136,1843105,A168_HF9F_20260827_0900,2026-08-27 09:00:00,185
114630445|38|8,8,114630445,38,2026-05-03,1,2130,10,11,3,2830.6296,2830.6296,2121.8577,18.4679,74.960626,257.3300,283.0630,1.1000,0,1,45,1843106,A168_HF9F_20260827_0900,2026-08-27 09:00:00,185
114630445|39|8,8,114630445,39,2026-05-03,1,2130,16,21,6,525.4240,22.8572,22.8572,0.0000,100.000000,25.0202,32.8390,1.3125,16,1,120,1843107,A168_HF9F_20260827_0900,2026-08-27 09:00:00,185
114630445|4|8,8,114630445,4,2026-05-03,1,1645,4,4,2,207.3084,207.3084,60.1312,0.6156,29.005671,51.8271,51.8271,1.0000,0,1,6,1843108,A168_HF9F_20260827_0900,2026-08-27 09:00:00,185
114630445|40|8,8,114630445,40,2026-05-03,1,2130,24,27,7,1315.4465,1315.4465,-911.5873,0.0000,-69.298694,48.7202,54.8103,1.1250,0,1,276,1843109,A168_HF9F_20260827_0900,2026-08-27 09:00:00,185
114630445|41|8,8,114630445,41,2026-05-03,1,2130,18,21,6,2371.0372,2371.0372,359.1829,0.0000,15.148767,112.9065,131.7243,1.1667,0,1,153,1843110,A168_HF9F_20260827_0900,2026-08-27 09:00:00,185
114630445|42|8,8,114630445,42,2026-05-03,1,2130,16,17,4,1311.6396,1311.6396,175.5185,0.0000,13.381610,77.1553,81.9775,1.0625,0,1,120,1843111,A168_HF9F_20260827_0900,2026-08-27 09:00:00,185
114630445|43|8,8,114630445,43,2026-05-03,1,2130,15,17,4,523.6929,523.6929,-201.7592,0.0252,-38.526238,30.8055,34.9129,1.1333,0,1,105,1843112,A168_HF9F_20260827_0900,2026-08-27 09:00:00,185
114630445|44|8,8,114630445,44,2026-05-03,1,2130,13,15,4,1065.5531,12.6037,-81.9242,0.0000,-650.000000,71.0369,81.9656,1.1538,13,1,78,1843113,A168_HF9F_20260827_0900,2026-08-27 09:00:00,185
114630445|45|8,8,114630445,45,2026-05-03,1,2130,13,14,4,638.2765,638.2765,440.4518,0.0252,69.006420,45.5912,49.0982,1.0769,0,1,78,1843114,A168_HF9F_20260827_0900,2026-08-27 09:00:00,185
114630445|46|8,8,114630445,46,2026-05-03,1,2130,9,11,5,1205.7853,1205.7853,20.9131,0.0000,1.734397,109.6168,133.9761,1.2222,0,1,36,1843115,A168_HF9F_20260827_0900,2026-08-27 09:00:00,185
114630445|47|8,8,114630445,47,2026-05-03,1,2130,8,11,6,1022.6834,1022.6834,-730.0267,0.0000,-71.383449,92.9712,127.8354,1.3750,0,1,28,1843116,A168_HF9F_20260827_0900,2026-08-27 09:00:00,185
114630445|48|8,8,114630445,48,2026-05-03,1,2130,12,16,6,1208.7883,1208.7883,-146.3952,0.1680,-12.110901,75.5493,100.7324,1.3333,0,1,66,1843117,A168_HF9F_20260827_0900,2026-08-27 09:00:00,185
114630445|5|8,8,114630445,5,2026-05-03,1,1645,4,4,2,214.8950,0.0000,0.0000,0.0000,,53.7238,53.7238,1.0000,4,1,6,1843118,A168_HF9F_20260827_0900,2026-08-27 09:00:00,185
114630445|6|8,8,114630445,6,2026-05-03,1,1645,6,6,2,409.4880,409.4880,133.9404,0.6156,32.709236,68.2480,68.2480,1.0000,0,1,15,1843119,A168_HF9F_20260827_0900,2026-08-27 09:00:00,185
114630445|7|8,8,114630445,7,2026-05-03,1,1645,8,9,3,564.2531,564.2531,9.5585,1.2312,1.694003,62.6948,70.5316,1.1250,0,1,28,1843120,A168_HF9F_20260827_0900,2026-08-27 09:00:00,185
114630445|8|8,8,114630445,8,2026-05-03,1,1645,8,8,2,722.8377,722.8377,447.8681,0.0000,61.959699,90.3547,90.3547,1.0000,0,1,28,1843121,A168_HF9F_20260827_0900,2026-08-27 09:00:00,185
114630445|9|8,8,114630445,9,2026-05-03,1,1645,6,6,2,939.7053,939.7053,340.2290,3.6936,36.205930,156.6175,156.6175,1.0000,0,1,15,1843122,A168_HF9F_20260827_0900,2026-08-27 09:00:00,185
114630476|1|8,8,114630476,1,2026-05-03,1,2130,2,2,2,23.3511,23.3511,-17.1242,0.0000,-73.333333,11.6756,11.6756,1.0000,0,1,1,1843123,A168_HF9F_20260827_0900,2026-08-27 09:00:00,185
114630476|10|8,8,114630476,10,2026-05-03,1,462,19,27,8,896.9544,52.7945,-29.7421,0.4134,-56.335538,33.2205,47.2081,1.4211,19,1,171,1843124,A168_HF9F_20260827_0900,2026-08-27 09:00:00,185
114630476|11|8,8,114630476,11,2026-05-03,1,462,27,37,8,5486.3544,5486.3544,7.8449,1.6124,0.142990,148.2798,203.1983,1.3704,0,1,351,1843125,A168_HF9F_20260827_0900,2026-08-27 09:00:00,185
114630476|12|8,8,114630476,12,2026-05-03,1,462,17,29,8,3181.6767,76.1245,-53.1144,0.4548,-69.773099,109.7130,187.1575,1.7059,17,1,136,1843126,A168_HF9F_20260827_0900,2026-08-27 09:00:00,185
114630476|13|8,8,114630476,13,2026-05-03,1,462,15,24,8,3054.3425,3054.3425,-2556.4952,1.8605,-83.700343,127.2643,203.6228,1.6000,0,1,105,1843127,A168_HF9F_20260827_0900,2026-08-27 09:00:00,185
114630476|14|8,8,114630476,14,2026-05-03,1,462,13,24,8,3177.8312,72.6368,-33.2509,0.5099,-45.776985,132.4096,244.4486,1.8462,13,1,78,1843128,A168_HF9F_20260827_0900,2026-08-27 09:00:00,185
114630476|15|8,8,114630476,15,2026-05-03,1,462,12,24,8,678.1148,678.1148,261.5339,2.1637,38.567789,28.2548,56.5096,2.0000,0,1,66,1843129,A168_HF9F_20260827_0900,2026-08-27 09:00:00,185
114630476|16|8,8,114630476,16,2026-05-03,1,462,16,20,4,3707.0365,3707.0365,-2423.8626,0.9453,-65.385454,185.3518,231.6898,1.2500,0,1,120,1843130,A168_HF9F_20260827_0900,2026-08-27 09:00:00,185
114630476|17|8,8,114630476,17,2026-05-03,1,462,29,42,7,4302.1160,4302.1160,-2600.9652,1.0999,-60.457813,102.4313,148.3488,1.4483,0,1,406,1843131,A168_HF9F_20260827_0900,2026-08-27 09:00:00,185
114630476|18|8,8,114630476,18,2026-05-03,1,462,23,30,6,2269.5480,2269.5480,-1369.1805,1.0125,-60.328333,75.6516,98.6760,1.3043,0,1,253,1843132,A168_HF9F_20260827_0900,2026-08-27 09:00:00,185
114630476|19|8,8,114630476,19,2026-05-03,1,462,26,34,7,4072.1364,4072.1364,-1980.7903,1.0125,-48.642533,119.7687,156.6206,1.3077,0,1,325,1843133,A168_HF9F_20260827_0900,2026-08-27 09:00:00,185
114630476|2|8,8,114630476,2,2026-05-03,1,2130,3,3,2,127.6093,127.6093,9.2190,0.0000,7.224397,42.5364,42.5364,1.0000,0,1,3,1843134,A168_HF9F_20260827_0900,2026-08-27 09:00:00,185
114630476|20|8,8,114630476,20,2026-05-03,1,462,28,36,6,3835.3412,3835.3412,-3434.5113,2.3906,-89.549042,106.5373,136.9765,1.2857,0,1,378,1843135,A168_HF9F_20260827_0900,2026-08-27 09:00:00,185
114630476|21|8,8,114630476,21,2026-05-03,1,462,38,46,7,5426.1275,5426.1275,-4410.8084,2.6259,-81.288329,117.9593,142.7928,1.2105,0,1,703,1843136,A168_HF9F_20260827_0900,2026-08-27 09:00:00,185
114630476|22|8,8,114630476,22,2026-05-03,1,462,53,62,8,6378.1980,6378.1980,-101.5642,3.1485,-1.592366,102.8742,120.3434,1.1698,0,1,1378,1843137,A168_HF9F_20260827_0900,2026-08-27 09:00:00,185
114630476|23|8,8,114630476,23,2026-05-03,1,462,52,64,8,8733.5041,8733.5041,-2889.3485,1.5604,-33.083497,136.4610,167.9520,1.2308,0,1,1326,1843138,A168_HF9F_20260827_0900,2026-08-27 09:00:00,185
114630476|24|8,8,114630476,24,2026-05-03,1,462,59,80,9,11650.9985,11650.9985,2059.6047,1.6309,17.677495,145.6375,197.4746,1.3559,0,1,1711,1843139,A168_HF9F_20260827_0900,2026-08-27 09:00:00,185
114630476|25|8,8,114630476,25,2026-05-03,1,462,26,31,5,1488.3312,1488.3312,679.8283,0.1210,45.677216,48.0107,57.2435,1.1923,0,1,325,1843140,A168_HF9F_20260827_0900,2026-08-27 09:00:00,185
114630476|26|8,8,114630476,26,2026-05-03,1,462,27,27,2,2917.5999,2917.5999,-409.7104,0.1008,-14.042721,108.0593,108.0593,1.0000,0,1,351,1843141,A168_HF9F_20260827_0900,2026-08-27 09:00:00,185
114630476|27|8,8,114630476,27,2026-05-03,1,462,17,18,3,1411.8624,4.2012,4.2012,0.0000,100.000000,78.4368,83.0507,1.0588,17,1,136,1843142,A168_HF9F_20260827_0900,2026-08-27 09:00:00,185
114630476|28|8,8,114630476,28,2026-05-03,1,462,23,24,3,987.8333,987.8333,-36.1746,1.0831,-3.662017,41.1597,42.9493,1.0435,0,1,253,1843143,A168_HF9F_20260827_0900,2026-08-27 09:00:00,185
114630476|29|8,8,114630476,29,2026-05-03,1,462,25,27,4,2012.8913,2012.8913,572.9365,2.2670,28.463362,74.5515,80.5157,1.0800,0,1,300,1843144,A168_HF9F_20260827_0900,2026-08-27 09:00:00,185
114630476|3|8,8,114630476,3,2026-05-03,1,2130,2,2,1,302.5946,302.5946,-287.4648,0.0000,-95.000000,151.2973,151.2973,1.0000,0,1,1,1843145,A168_HF9F_20260827_0900,2026-08-27 09:00:00,185
114630476|30|8,8,114630476,30,2026-05-03,1,462,17,17,3,625.1382,625.1382,525.5460,0.9621,84.068767,36.7728,36.7728,1.0000,0,1,136,1843146,A168_HF9F_20260827_0900,2026-08-27 09:00:00,185
114630476|31|8,8,114630476,31,2026-05-03,1,462,23,24,3,3393.0248,3393.0248,-2100.2045,0.9621,-61.897706,141.3760,147.5228,1.0435,0,1,253,1843147,A168_HF9F_20260827_0900,2026-08-27 09:00:00,185
114630476|32|8,8,114630476,32,2026-05-03,1,462,18,18,2,809.3240,809.3240,-788.5674,2.0478,-97.435319,44.9624,44.9624,1.0000,0,1,153,1843148,A168_HF9F_20260827_0900,2026-08-27 09:00:00,185
114630476|33|8,8,114630476,33,2026-05-03,1,462,31,35,4,2960.5211,2960.5211,-1632.1706,1.8544,-55.131193,84.5863,95.5007,1.1290,0,1,465,1843149,A168_HF9F_20260827_0900,2026-08-27 09:00:00,185
114630476|34|8,8,114630476,34,2026-05-03,1,462,40,44,4,5368.7093,5368.7093,2548.4481,11.9374,47.468543,122.0161,134.2177,1.1000,0,1,780,1843150,A168_HF9F_20260827_0900,2026-08-27 09:00:00,185
114630476|35|8,8,114630476,35,2026-05-03,1,462,22,22,2,836.3251,836.3251,542.0600,1.1503,64.814509,38.0148,38.0148,1.0000,0,1,231,1843151,A168_HF9F_20260827_0900,2026-08-27 09:00:00,185
114630476|36|8,8,114630476,36,2026-05-03,1,462,21,23,5,1538.8236,1538.8236,-493.7536,1.1654,-32.086434,66.9054,73.2773,1.0952,0,1,210,1843152,A168_HF9F_20260827_0900,2026-08-27 09:00:00,185
114630476|37|8,8,114630476,37,2026-05-03,1,462,24,33,8,1926.5747,111.1791,-388.9965,0.0000,-349.882821,58.3811,80.2739,1.3750,24,1,276,1843153,A168_HF9F_20260827_0900,2026-08-27 09:00:00,185
114630476|38|8,8,114630476,38,2026-05-03,1,2121,16,17,3,2352.5221,2352.5221,-894.7338,10.1519,-38.032958,138.3837,147.0326,1.0625,0,1,120,1843154,A168_HF9F_20260827_0900,2026-08-27 09:00:00,185
114630476|39|8,8,114630476,39,2026-05-03,1,2121,29,30,3,4053.8352,4053.8352,760.1992,10.4250,18.752594,135.1278,139.7874,1.0345,0,1,406,1843155,A168_HF9F_20260827_0900,2026-08-27 09:00:00,185
114630476|4|8,8,114630476,4,2026-05-03,1,2130,10,16,7,936.2715,936.2715,-764.8644,0.0000,-81.692586,58.5170,93.6272,1.6000,0,1,45,1843156,A168_HF9F_20260827_0900,2026-08-27 09:00:00,185
114630476|40|8,8,114630476,40,2026-05-03,1,2121,18,18,2,3812.4244,3812.4244,-359.1237,25.5591,-9.419825,211.8014,211.8014,1.0000,0,1,153,1843157,A168_HF9F_20260827_0900,2026-08-27 09:00:00,185
114630476|41|8,8,114630476,41,2026-05-03,1,2121,27,28,5,4302.0277,4302.0277,3463.7389,25.5776,80.514099,153.6438,159.3344,1.0370,0,1,351,1843158,A168_HF9F_20260827_0900,2026-08-27 09:00:00,185
114630476|42|8,8,114630476,42,2026-05-03,1,2121,25,27,5,2426.8736,2426.8736,1220.1192,14.8779,50.275349,89.8842,97.0749,1.0800,0,1,300,1843159,A168_HF9F_20260827_0900,2026-08-27 09:00:00,185
114630476|43|8,8,114630476,43,2026-05-03,1,2121,26,29,6,2113.0522,2113.0522,-1000.8661,7.9210,-47.365894,72.8639,81.2712,1.1154,0,1,325,1843160,A168_HF9F_20260827_0900,2026-08-27 09:00:00,185
114630476|44|8,8,114630476,44,2026-05-03,1,2121,24,27,5,2309.9833,2180.2547,1644.9954,11.3757,75.449690,85.5549,96.2493,1.1250,0,1,276,1843161,A168_HF9F_20260827_0900,2026-08-27 09:00:00,185
114630476|45|8,8,114630476,45,2026-05-03,1,2121,27,29,4,2498.8222,2433.9579,705.3970,6.0653,28.981478,86.1663,92.5490,1.0741,0,1,351,1843162,A168_HF9F_20260827_0900,2026-08-27 09:00:00,185
114630476|46|8,8,114630476,46,2026-05-03,1,2121,22,26,6,2243.9180,2243.9180,1821.2310,6.9278,81.162991,86.3045,101.9963,1.1818,0,1,231,1843163,A168_HF9F_20260827_0900,2026-08-27 09:00:00,185
114630476|47|8,8,114630476,47,2026-05-03,1,2121,22,24,4,1692.2490,1692.2490,-1268.7662,9.3242,-74.975144,70.5104,76.9204,1.0909,0,1,231,1843164,A168_HF9F_20260827_0900,2026-08-27 09:00:00,185
114630476|48|8,8,114630476,48,2026-05-03,1,2121,24,26,5,2300.7907,2300.7907,-835.5863,11.2484,-36.317354,88.4920,95.8663,1.0833,0,1,276,1843165,A168_HF9F_20260827_0900,2026-08-27 09:00:00,185
114630476|49|8,8,114630476,49,2026-05-03,1,2121,18,22,5,3204.3301,16.8050,-102.9304,0.0000,-612.500000,145.6514,178.0183,1.2222,19,1,153,1843166,A168_HF9F_20260827_0900,2026-08-27 09:00:00,185
114630476|5|8,8,114630476,5,2026-05-03,1,462,24,29,6,2759.2544,2759.2544,-980.2753,0.0672,-35.526820,95.1467,114.9689,1.2083,0,1,276,1843167,A168_HF9F_20260827_0900,2026-08-27 09:00:00,185
114630476|50|8,8,114630476,50,2026-05-03,1,2121,15,17,4,3230.3664,1852.1297,1557.9257,9.1159,84.115369,190.0216,215.3578,1.1333,1,1,105,1843168,A168_HF9F_20260827_0900,2026-08-27 09:00:00,185
114630476|51|8,8,114630476,51,2026-05-03,1,2121,18,22,4,3763.0633,3596.5311,1761.9025,10.9174,48.988941,171.0483,209.0591,1.2222,2,1,153,1843169,A168_HF9F_20260827_0900,2026-08-27 09:00:00,185
114630476|52|8,8,114630476,52,2026-05-03,1,2121,19,23,5,2557.1074,2557.1074,-2062.4883,5.2616,-80.657085,111.1786,134.5846,1.2105,0,1,171,1843170,A168_HF9F_20260827_0900,2026-08-27 09:00:00,185
114630476|6|8,8,114630476,6,2026-05-03,1,462,33,46,8,2639.5485,2639.5485,2123.7241,2.0184,80.457854,57.3815,79.9863,1.3939,0,1,528,1843171,A168_HF9F_20260827_0900,2026-08-27 09:00:00,185
114630476|7|8,8,114630476,7,2026-05-03,1,462,16,22,8,492.9752,492.9752,31.8161,1.4470,6.453888,22.4080,30.8109,1.3750,0,1,120,1843172,A168_HF9F_20260827_0900,2026-08-27 09:00:00,185
114630476|8|8,8,114630476,8,2026-05-03,1,462,19,27,8,730.3607,730.3607,61.6405,1.6400,8.439739,27.0504,38.4400,1.4211,0,1,171,1843173,A168_HF9F_20260827_0900,2026-08-27 09:00:00,185
114630476|9|8,8,114630476,9,2026-05-03,1,462,22,32,9,1020.8058,1020.8058,33.2177,1.6400,3.254070,31.9002,46.4003,1.4545,0,1,231,1843174,A168_HF9F_20260827_0900,2026-08-27 09:00:00,185
114630501|1|8,8,114630501,1,2026-05-03,1,2121,5,5,2,242.1571,242.1571,-8.6748,0.0000,-3.582316,48.4314,48.4314,1.0000,0,1,10,1843175,A168_HF9F_20260827_0900,2026-08-27 09:00:00,185
114630501|10|8,8,114630501,10,2026-05-03,1,2121,14,17,5,397.0272,397.0272,166.7980,0.0672,42.011738,23.3545,28.3591,1.2143,0,1,91,1843176,A168_HF9F_20260827_0900,2026-08-27 09:00:00,185
114630501|11|8,8,114630501,11,2026-05-03,1,2121,18,20,4,514.1225,514.1225,-233.0324,0.0000,-45.326246,25.7061,28.5624,1.1111,0,1,153,1843177,A168_HF9F_20260827_0900,2026-08-27 09:00:00,185
114630501|12|8,8,114630501,12,2026-05-03,1,2121,25,30,7,9319.9655,22.3632,-24.3391,0.0168,-108.835077,310.6655,372.7986,1.2000,24,1,300,1843178,A168_HF9F_20260827_0900,2026-08-27 09:00:00,185
114630501|13|8,8,114630501,13,2026-05-03,1,2121,24,28,6,9258.7920,9258.7920,-8320.5040,0.1344,-89.865978,330.6711,385.7830,1.1667,0,1,276,1843179,A168_HF9F_20260827_0900,2026-08-27 09:00:00,185
114630501|14|8,8,114630501,14,2026-05-03,1,2121,16,21,5,460.0717,460.0717,241.1291,0.0840,52.411212,21.9082,28.7545,1.3125,0,1,120,1843180,A168_HF9F_20260827_0900,2026-08-27 09:00:00,185
114630501|15|8,8,114630501,15,2026-05-03,1,2121,17,22,5,553.3620,17.6681,-69.8091,0.0168,-395.114939,25.1528,32.5507,1.2941,17,1,136,1843181,A168_HF9F_20260827_0900,2026-08-27 09:00:00,185
114630501|16|8,8,114630501,16,2026-05-03,1,2130,13,15,4,340.6484,340.6484,-60.9233,0.1617,-17.884499,22.7099,26.2037,1.1538,0,1,78,1843182,A168_HF9F_20260827_0900,2026-08-27 09:00:00,185
114630501|17|8,8,114630501,17,2026-05-03,1,2130,15,19,6,671.6318,671.6318,-278.3243,0.0336,-41.440012,35.3490,44.7755,1.2667,0,1,105,1843183,A168_HF9F_20260827_0900,2026-08-27 09:00:00,185
114630501|18|8,8,114630501,18,2026-05-03,1,2130,20,22,5,1633.7417,1633.7417,1430.6422,11.8682,87.568446,74.2610,81.6871,1.1000,0,1,190,1843184,A168_HF9F_20260827_0900,2026-08-27 09:00:00,185
114630501|19|8,8,114630501,19,2026-05-03,1,2130,13,15,4,378.8287,378.8287,196.4360,0.1176,51.853526,25.2552,29.1407,1.1538,0,1,78,1843185,A168_HF9F_20260827_0900,2026-08-27 09:00:00,185
114630501|2|8,8,114630501,2,2026-05-03,1,2121,4,4,3,86.6194,86.6194,-0.3642,0.0000,-0.420488,21.6548,21.6548,1.0000,0,1,6,1843186,A168_HF9F_20260827_0900,2026-08-27 09:00:00,185
114630501|20|8,8,114630501,20,2026-05-03,1,2130,14,17,5,310.5625,310.5625,24.5276,0.0000,7.897794,18.2684,22.1830,1.2143,0,1,91,1843187,A168_HF9F_20260827_0900,2026-08-27 09:00:00,185
114630501|21|8,8,114630501,21,2026-05-03,1,2130,22,27,5,486.7256,486.7256,-233.6548,0.1008,-48.005451,18.0269,22.1239,1.2273,0,1,231,1843188,A168_HF9F_20260827_0900,2026-08-27 09:00:00,185
114630501|22|8,8,114630501,22,2026-05-03,1,2130,23,31,6,837.0026,42.2567,-136.7846,0.0168,-323.699026,27.0001,36.3914,1.3478,22,1,253,1843189,A168_HF9F_20260827_0900,2026-08-27 09:00:00,185
114630501|23|8,8,114630501,23,2026-05-03,1,2130,19,25,7,1148.5432,1148.5432,274.1071,0.1680,23.865628,45.9417,60.4496,1.3158,0,1,171,1843190,A168_HF9F_20260827_0900,2026-08-27 09:00:00,185
114630501|24|8,8,114630501,24,2026-05-03,1,2130,32,34,4,1245.0465,1245.0465,754.8586,0.1244,60.628949,36.6190,38.9077,1.0625,0,1,496,1843191,A168_HF9F_20260827_0900,2026-08-27 09:00:00,185
114630501|25|8,8,114630501,25,2026-05-03,1,2130,25,27,4,1198.1978,1198.1978,-424.2638,0.1176,-35.408496,44.3777,47.9279,1.0800,0,1,300,1843192,A168_HF9F_20260827_0900,2026-08-27 09:00:00,185
114630501|26|8,8,114630501,26,2026-05-03,1,2130,25,28,5,1066.6751,1066.6751,-262.3568,0.1143,-24.595753,38.0955,42.6670,1.1200,0,1,300,1843193,A168_HF9F_20260827_0900,2026-08-27 09:00:00,185
114630501|27|8,8,114630501,27,2026-05-03,1,2130,26,32,5,1547.8088,1520.9704,-123.0832,0.1176,-8.092415,48.3690,59.5311,1.2308,0,1,325,1843194,A168_HF9F_20260827_0900,2026-08-27 09:00:00,185
114630501|28|8,8,114630501,28,2026-05-03,1,2130,27,33,5,5570.0294,5570.0294,-4475.2952,0.2017,-80.345989,168.7888,206.2974,1.2222,0,1,351,1843195,A168_HF9F_20260827_0900,2026-08-27 09:00:00,185
114630501|29|8,8,114630501,29,2026-05-03,1,2130,23,27,5,972.5885,972.5885,278.2127,0.1966,28.605384,36.0218,42.2865,1.1739,0,1,253,1843196,A168_HF9F_20260827_0900,2026-08-27 09:00:00,185
114630501|3|8,8,114630501,3,2026-05-03,1,2121,4,4,1,316.8723,316.8723,-301.0286,0.0000,-95.000000,79.2181,79.2181,1.0000,0,1,6,1843197,A168_HF9F_20260827_0900,2026-08-27 09:00:00,185
114630501|30|8,8,114630501,30,2026-05-03,1,2130,19,24,5,842.8893,842.8893,-136.7317,0.2857,-16.221784,35.1204,44.3626,1.2632,0,1,171,1843198,A168_HF9F_20260827_0900,2026-08-27 09:00:00,185
114630501|31|8,8,114630501,31,2026-05-03,1,2130,19,23,4,914.0378,914.0378,-692.5469,0.2739,-75.767863,39.7408,48.1073,1.2105,0,1,171,1843199,A168_HF9F_20260827_0900,2026-08-27 09:00:00,185
114630501|32|8,8,114630501,32,2026-05-03,1,2130,20,25,5,966.1690,966.1690,224.4620,0.1933,23.232170,38.6468,48.3084,1.2500,0,1,190,1843200,A168_HF9F_20260827_0900,2026-08-27 09:00:00,185
114630501|33|8,8,114630501,33,2026-05-03,1,2130,22,25,5,824.7102,20.8814,-73.6465,0.0000,-352.689688,32.9884,37.4868,1.1364,20,1,231,1843201,A168_HF9F_20260827_0900,2026-08-27 09:00:00,185
114630501|34|8,8,114630501,34,2026-05-03,1,2130,23,30,7,1478.4972,32.3724,-24.3443,0.0168,-75.200937,49.2832,64.2825,1.3043,20,1,253,1843202,A168_HF9F_20260827_0900,2026-08-27 09:00:00,185
114630501|35|8,8,114630501,35,2026-05-03,1,2130,26,34,8,1393.5232,1393.5232,-333.4753,0.1680,-23.930370,40.9860,53.5970,1.3077,0,1,325,1843203,A168_HF9F_20260827_0900,2026-08-27 09:00:00,185
114630501|36|8,8,114630501,36,2026-05-03,1,2130,24,26,4,2438.2365,2438.2365,-378.5520,0.0319,-15.525649,93.7783,101.5932,1.0833,0,1,276,1843204,A168_HF9F_20260827_0900,2026-08-27 09:00:00,185
114630501|37|8,8,114630501,37,2026-05-03,1,2130,32,45,8,3605.4395,3605.4395,-1611.6951,0.2235,-44.701766,80.1209,112.6700,1.4063,0,1,496,1843205,A168_HF9F_20260827_0900,2026-08-27 09:00:00,185
114630501|38|8,8,114630501,38,2026-05-03,1,2130,40,52,8,1989.6994,1989.5697,-223.1601,0.2756,-11.216503,38.2634,49.7425,1.3000,0,1,780,1843206,A168_HF9F_20260827_0900,2026-08-27 09:00:00,185
114630501|39|8,8,114630501,39,2026-05-03,1,2130,36,54,8,6518.7169,6514.5157,-4672.6456,1.9124,-71.726677,120.7170,181.0755,1.5000,1,1,630,1843207,A168_HF9F_20260827_0900,2026-08-27 09:00:00,185
114630501|4|8,8,114630501,4,2026-05-03,1,2121,11,14,5,2511.3497,2511.3497,2482.5217,0.1008,98.852092,179.3821,228.3045,1.2727,0,1,55,1843208,A168_HF9F_20260827_0900,2026-08-27 09:00:00,185
114630501|40|8,8,114630501,40,2026-05-03,1,2130,32,46,8,8630.2652,8630.2652,8056.9382,0.0840,93.356786,187.6145,269.6958,1.4375,0,1,496,1843209,A168_HF9F_20260827_0900,2026-08-27 09:00:00,185
114630501|41|8,8,114630501,41,2026-05-03,1,2130,26,31,6,1280.8531,1280.8531,-627.3124,0.2353,-48.976139,41.3178,49.2636,1.1923,0,1,325,1843210,A168_HF9F_20260827_0900,2026-08-27 09:00:00,185
114630501|42|8,8,114630501,42,2026-05-03,1,2130,28,34,7,1850.8606,1850.8606,1571.7676,0.4033,84.920908,54.4371,66.1022,1.2143,0,1,378,1843211,A168_HF9F_20260827_0900,2026-08-27 09:00:00,185
114630501|43|8,8,114630501,43,2026-05-03,1,2130,31,38,6,2772.1197,2766.2380,-1425.7250,0.3865,-51.540214,72.9505,89.4232,1.2258,1,1,465,1843212,A168_HF9F_20260827_0900,2026-08-27 09:00:00,185
114630501|44|8,8,114630501,44,2026-05-03,1,2130,29,34,5,1791.2554,1787.4743,17.8213,0.2185,0.997011,52.6840,61.7674,1.1724,1,1,406,1843213,A168_HF9F_20260827_0900,2026-08-27 09:00:00,185
114630501|45|8,8,114630501,45,2026-05-03,1,2130,26,37,8,2200.4039,151.0566,-720.6681,0.0504,-477.084755,59.4704,84.6309,1.4231,23,1,325,1843214,A168_HF9F_20260827_0900,2026-08-27 09:00:00,185
114630501|46|8,8,114630501,46,2026-05-03,1,2130,24,34,8,597.1570,597.1570,129.1809,0.2269,21.632652,17.5634,24.8815,1.4167,0,1,276,1843215,A168_HF9F_20260827_0900,2026-08-27 09:00:00,185
114630501|47|8,8,114630501,47,2026-05-03,1,2130,21,30,7,1094.1352,1094.1352,-865.4839,0.1966,-79.102099,36.4712,52.1017,1.4286,0,1,210,1843216,A168_HF9F_20260827_0900,2026-08-27 09:00:00,185
114630501|48|8,8,114630501,48,2026-05-03,1,2130,26,32,7,2432.3517,41.7539,-191.7575,0.0504,-459.256057,76.0110,93.5520,1.2308,25,1,325,1843217,A168_HF9F_20260827_0900,2026-08-27 09:00:00,185
114630501|49|8,8,114630501,49,2026-05-03,1,462,27,36,9,2580.6170,2580.6170,2355.7365,0.0840,91.285784,71.6838,95.5784,1.3333,0,1,351,1843218,A168_HF9F_20260827_0900,2026-08-27 09:00:00,185
114630501|5|8,8,114630501,5,2026-05-03,1,2121,8,9,3,665.5206,665.5206,245.3966,0.0000,36.872884,73.9467,83.1901,1.1250,0,1,28,1843219,A168_HF9F_20260827_0900,2026-08-27 09:00:00,185
114630501|50|8,8,114630501,50,2026-05-03,1,462,17,21,5,1228.9807,808.8567,345.1045,0.0672,42.665718,58.5229,72.2930,1.2353,1,1,136,1843220,A168_HF9F_20260827_0900,2026-08-27 09:00:00,185
114630501|51|8,8,114630501,51,2026-05-03,1,462,21,25,6,1259.0901,1250.6876,-542.6417,0.2722,-43.387470,50.3636,59.9567,1.1905,1,1,210,1843221,A168_HF9F_20260827_0900,2026-08-27 09:00:00,185
114630501|6|8,8,114630501,6,2026-05-03,1,2121,8,10,4,373.1562,373.1562,-93.9197,0.8402,-25.169006,37.3156,46.6445,1.2500,0,1,28,1843222,A168_HF9F_20260827_0900,2026-08-27 09:00:00,185
114630501|7|8,8,114630501,7,2026-05-03,1,2121,9,9,2,454.1443,454.1443,-150.4920,0.8739,-33.137490,50.4605,50.4605,1.0000,0,1,36,1843223,A168_HF9F_20260827_0900,2026-08-27 09:00:00,185
114630501|8|8,8,114630501,8,2026-05-03,1,2121,18,19,4,3131.4544,3131.4544,3030.1341,1.5629,96.764433,164.8134,173.9697,1.0556,0,1,153,1843224,A168_HF9F_20260827_0900,2026-08-27 09:00:00,185
114630501|9|8,8,114630501,9,2026-05-03,1,2121,16,21,6,661.3541,661.3541,-583.1385,0.0672,-88.173410,31.4931,41.3346,1.3125,0,1,120,1843225,A168_HF9F_20260827_0900,2026-08-27 09:00:00,185
114630530|1|8,8,114630530,1,2026-05-03,1,462,3,3,2,48.8082,48.8082,40.4057,0.0000,82.784700,16.2694,16.2694,1.0000,0,1,3,1843226,A168_HF9F_20260827_0900,2026-08-27 09:00:00,185
114630530|10|8,8,114630530,10,2026-05-03,1,462,6,8,3,225.2603,225.2603,196.5868,0.0000,87.270964,28.1575,37.5434,1.3333,0,1,15,1843227,A168_HF9F_20260827_0900,2026-08-27 09:00:00,185
114630530|11|8,8,114630530,11,2026-05-03,1,462,7,9,3,325.3380,325.3380,279.3165,0.0000,85.854249,36.1487,46.4769,1.2857,0,1,21,1843228,A168_HF9F_20260827_0900,2026-08-27 09:00:00,185
114630530|12|8,8,114630530,12,2026-05-03,1,462,7,8,4,882.6016,882.6016,756.5644,0.0000,85.719810,110.3252,126.0859,1.1429,0,1,21,1843229,A168_HF9F_20260827_0900,2026-08-27 09:00:00,185
114630530|13|8,8,114630530,13,2026-05-03,1,462,7,7,2,172.9532,172.9532,13.5557,0.0000,7.837801,24.7076,24.7076,1.0000,0,1,21,1843230,A168_HF9F_20260827_0900,2026-08-27 09:00:00,185
114630530|14|8,8,114630530,14,2026-05-03,1,462,3,4,2,53.8789,53.8789,-36.5771,0.0000,-67.887637,13.4697,17.9596,1.3333,0,1,3,1843231,A168_HF9F_20260827_0900,2026-08-27 09:00:00,185
114630530|15|8,8,114630530,15,2026-05-03,1,462,5,7,3,41.7883,41.7883,-18.0170,0.0000,-43.114956,5.9698,8.3577,1.4000,0,1,10,1843232,A168_HF9F_20260827_0900,2026-08-27 09:00:00,185
114630530|16|8,8,114630530,16,2026-05-03,1,462,11,11,2,386.2126,386.2126,-53.9071,0.1008,-13.957872,35.1102,35.1102,1.0000,0,1,55,1843233,A168_HF9F_20260827_0900,2026-08-27 09:00:00,185
114630530|17|8,8,114630530,17,2026-05-03,1,462,12,16,5,990.5379,48.3143,-260.4768,0.0000,-539.130435,61.9086,82.5448,1.3333,12,1,66,1843234,A168_HF9F_20260827_0900,2026-08-27 09:00:00,185
114630530|18|8,8,114630530,18,2026-05-03,1,462,8,8,2,118.3178,118.3178,1.7814,0.0000,1.505607,14.7897,14.7897,1.0000,0,1,28,1843235,A168_HF9F_20260827_0900,2026-08-27 09:00:00,185
114630530|19|8,8,114630530,19,2026-05-03,1,462,7,7,2,662.4839,662.4839,-438.1132,0.0000,-66.131899,94.6406,94.6406,1.0000,0,1,21,1843236,A168_HF9F_20260827_0900,2026-08-27 09:00:00,185
114630530|2|8,8,114630530,2,2026-05-03,1,462,5,5,2,286.5209,286.5209,-168.8265,0.0000,-58.922910,57.3042,57.3042,1.0000,0,1,10,1843237,A168_HF9F_20260827_0900,2026-08-27 09:00:00,185
114630530|20|8,8,114630530,20,2026-05-03,1,462,13,14,3,577.0424,577.0424,265.9226,0.0000,46.083717,41.2173,44.3879,1.0769,0,1,78,1843238,A168_HF9F_20260827_0900,2026-08-27 09:00:00,185
114630530|21|8,8,114630530,21,2026-05-03,1,462,10,12,4,289.0531,289.0531,150.8772,0.0000,52.197061,24.0878,28.9053,1.2000,0,1,45,1843239,A168_HF9F_20260827_0900,2026-08-27 09:00:00,185
114630530|22|8,8,114630530,22,2026-05-03,1,462,8,9,3,381.4180,381.4180,-214.3669,0.0000,-56.202615,42.3798,47.6772,1.1250,0,1,28,1843240,A168_HF9F_20260827_0900,2026-08-27 09:00:00,185
114630530|23|8,8,114630530,23,2026-05-03,1,462,13,18,5,343.5908,343.5908,-237.6247,0.0000,-69.159231,19.0884,26.4301,1.3846,0,1,78,1843241,A168_HF9F_20260827_0900,2026-08-27 09:00:00,185
114630530|24|8,8,114630530,24,2026-05-03,1,462,18,21,4,913.8078,863.3930,-57.6623,0.0000,-6.678574,43.5147,50.7671,1.1667,1,1,153,1843242,A168_HF9F_20260827_0900,2026-08-27 09:00:00,185
114630530|25|8,8,114630530,25,2026-05-03,1,462,20,25,4,4134.3102,38.7991,-287.0413,0.0000,-739.815166,165.3724,206.7155,1.2500,21,1,190,1843243,A168_HF9F_20260827_0900,2026-08-27 09:00:00,185
114630530|26|8,8,114630530,26,2026-05-03,1,462,22,31,8,2082.4209,2048.8110,-1133.8217,1.0125,-55.340472,67.1749,94.6555,1.4091,1,1,231,1843244,A168_HF9F_20260827_0900,2026-08-27 09:00:00,185
114630530|27|8,8,114630530,27,2026-05-03,1,462,22,24,5,5864.0329,5864.0329,-2720.8911,0.9453,-46.399656,244.3347,266.5470,1.0909,0,1,231,1843245,A168_HF9F_20260827_0900,2026-08-27 09:00:00,185
114630530|28|8,8,114630530,28,2026-05-03,1,462,17,21,5,3122.1150,3071.7001,1954.4755,1.0461,63.628462,148.6721,183.6538,1.2353,1,1,136,1843246,A168_HF9F_20260827_0900,2026-08-27 09:00:00,185
114630530|29|8,8,114630530,29,2026-05-03,1,462,20,28,5,5494.9952,5452.9828,4182.8974,1.9914,76.708427,196.2498,274.7498,1.4000,1,1,190,1843247,A168_HF9F_20260827_0900,2026-08-27 09:00:00,185
114630530|3|8,8,114630530,3,2026-05-03,1,462,6,7,3,68.6222,4.2012,-33.6099,0.0000,-800.000000,9.8032,11.4370,1.1667,6,1,15,1843248,A168_HF9F_20260827_0900,2026-08-27 09:00:00,185
114630530|30|8,8,114630530,30,2026-05-03,1,462,25,30,6,3972.1283,3946.9208,-3552.8939,3.0493,-90.016852,132.4043,158.8851,1.2000,1,1,300,1843249,A168_HF9F_20260827_0900,2026-08-27 09:00:00,185
114630530|31|8,8,114630530,31,2026-05-03,1,2121,29,39,7,5741.4133,5682.5959,4328.5589,1.6175,76.172209,147.2157,197.9798,1.3448,1,1,406,1843250,A168_HF9F_20260827_0900,2026-08-27 09:00:00,185
114630530|32|8,8,114630530,32,2026-05-03,1,2121,31,42,8,5439.1828,5413.9754,4239.3602,1.0293,78.304017,129.5044,175.4575,1.3548,1,1,465,1843251,A168_HF9F_20260827_0900,2026-08-27 09:00:00,185
114630530|33|8,8,114630530,33,2026-05-03,1,2121,18,23,4,810.8262,760.4113,-445.3536,0.0840,-58.567466,35.2533,45.0459,1.2778,1,1,153,1843252,A168_HF9F_20260827_0900,2026-08-27 09:00:00,185
114630530|34|8,8,114630530,34,2026-05-03,1,2121,30,33,4,4529.9588,4479.5439,640.8312,0.1680,14.305723,137.2715,150.9986,1.1000,1,1,435,1843253,A168_HF9F_20260827_0900,2026-08-27 09:00:00,185
114630530|35|8,8,114630530,35,2026-05-03,1,2121,19,24,4,1993.0027,1961.4934,1626.8315,0.1680,82.938414,83.0418,104.8949,1.2632,1,1,171,1843254,A168_HF9F_20260827_0900,2026-08-27 09:00:00,185
114630530|36|8,8,114630530,36,2026-05-03,1,2121,16,22,5,1945.8845,191.3849,-344.6159,0.0000,-180.064326,88.4493,121.6178,1.3750,17,1,120,1843255,A168_HF9F_20260827_0900,2026-08-27 09:00:00,185
114630530|37|8,8,114630530,37,2026-05-03,1,2121,18,22,5,1742.5290,1742.5290,1067.9998,1.8696,61.290213,79.2059,96.8072,1.2222,0,1,153,1843256,A168_HF9F_20260827_0900,2026-08-27 09:00:00,185
114630530|38|8,8,114630530,38,2026-05-03,1,2121,15,18,5,1457.5330,1457.5330,-552.3647,1.1133,-37.897237,80.9741,97.1689,1.2000,0,1,105,1843257,A168_HF9F_20260827_0900,2026-08-27 09:00:00,185
114630530|39|8,8,114630530,39,2026-05-03,1,2121,16,20,5,1760.1237,163.3385,-120.2451,0.0000,-73.617131,88.0062,110.0077,1.2500,17,1,120,1843258,A168_HF9F_20260827_0900,2026-08-27 09:00:00,185
114630530|4|8,8,114630530,4,2026-05-03,1,462,5,5,2,60.8135,60.8135,53.6079,0.0000,88.151236,12.1627,12.1627,1.0000,0,1,10,1843259,A168_HF9F_20260827_0900,2026-08-27 09:00:00,185
114630530|40|8,8,114630530,40,2026-05-03,1,2121,11,16,6,1364.4346,161.2379,-84.5346,0.0000,-52.428491,85.2772,124.0395,1.4545,11,1,55,1843260,A168_HF9F_20260827_0900,2026-08-27 09:00:00,185
114630530|41|8,8,114630530,41,2026-05-03,1,2121,12,15,3,1897.7591,1847.3442,-892.1889,1.1133,-48.295757,126.5173,158.1466,1.2500,1,1,66,1843261,A168_HF9F_20260827_0900,2026-08-27 09:00:00,185
114630530|42|8,8,114630530,42,2026-05-03,1,2121,12,17,6,1606.1383,1572.5284,-341.3336,1.8696,-21.706039,94.4787,133.8449,1.4167,1,1,66,1843262,A168_HF9F_20260827_0900,2026-08-27 09:00:00,185
114630530|43|8,8,114630530,43,2026-05-03,1,2121,13,17,5,2252.8525,2219.2426,2008.1927,1.1133,90.490004,132.5207,173.2963,1.3077,1,1,78,1843263,A168_HF9F_20260827_0900,2026-08-27 09:00:00,185
114630530|44|8,8,114630530,44,2026-05-03,1,2121,9,14,6,400.4366,350.0217,155.6963,0.1680,44.481914,28.6026,44.4930,1.5556,1,1,36,1843264,A168_HF9F_20260827_0900,2026-08-27 09:00:00,185
114630530|45|8,8,114630530,45,2026-05-03,1,2121,13,19,5,1371.8010,1321.3861,-1004.3490,0.1891,-76.007237,72.2001,105.5232,1.4615,1,1,78,1843265,A168_HF9F_20260827_0900,2026-08-27 09:00:00,185
114630530|46|8,8,114630530,46,2026-05-03,1,2121,13,21,6,631.3908,597.7809,142.0942,0.0000,23.770275,30.0662,48.5685,1.6154,1,1,78,1843266,A168_HF9F_20260827_0900,2026-08-27 09:00:00,185
114630530|47|8,8,114630530,47,2026-05-03,1,2121,13,16,4,715.3310,673.3186,184.4091,0.0000,27.388083,44.7082,55.0255,1.2308,1,1,78,1843267,A168_HF9F_20260827_0900,2026-08-27 09:00:00,185
114630530|48|8,8,114630530,48,2026-05-03,1,2121,10,17,5,784.6073,725.7899,310.5359,0.0000,42.785923,46.1534,78.4607,1.7000,1,1,45,1843268,A168_HF9F_20260827_0900,2026-08-27 09:00:00,185
114630530|49|8,8,114630530,49,2026-05-03,1,2121,17,25,5,853.3429,802.9280,311.8954,1.9326,38.844758,34.1337,50.1966,1.4706,1,1,136,1843269,A168_HF9F_20260827_0900,2026-08-27 09:00:00,185
114630530|5|8,8,114630530,5,2026-05-03,1,462,5,7,4,109.3517,8.4025,-29.4087,0.0000,-350.000000,15.6217,21.8703,1.4000,5,1,10,1843270,A168_HF9F_20260827_0900,2026-08-27 09:00:00,185
114630530|50|8,8,114630530,50,2026-05-03,1,2121,11,18,6,694.3120,67.2198,-310.8917,0.0000,-462.500000,38.5729,63.1193,1.6364,12,1,55,1843271,A168_HF9F_20260827_0900,2026-08-27 09:00:00,185
114630530|51|8,8,114630530,51,2026-05-03,1,2121,12,19,5,470.0983,419.6835,-21.8893,0.0000,-5.215676,24.7420,39.1749,1.5833,1,1,66,1843272,A168_HF9F_20260827_0900,2026-08-27 09:00:00,185
114630530|6|8,8,114630530,6,2026-05-03,1,462,4,4,2,53.7477,53.7477,-46.0009,0.0000,-85.586733,13.4369,13.4369,1.0000,0,1,6,1843273,A168_HF9F_20260827_0900,2026-08-27 09:00:00,185
114630530|7|8,8,114630530,7,2026-05-03,1,462,11,12,3,855.9309,855.9309,793.9290,0.0000,92.756210,71.3276,77.8119,1.0909,0,1,55,1843274,A168_HF9F_20260827_0900,2026-08-27 09:00:00,185
114630530|8|8,8,114630530,8,2026-05-03,1,462,4,4,2,146.7938,146.7938,106.3184,0.0000,72.427080,36.6984,36.6984,1.0000,0,1,6,1843275,A168_HF9F_20260827_0900,2026-08-27 09:00:00,185
114630530|9|8,8,114630530,9,2026-05-03,1,462,8,13,6,439.4517,439.4517,142.8808,0.0000,32.513419,33.8040,54.9315,1.6250,0,1,28,1843276,A168_HF9F_20260827_0900,2026-08-27 09:00:00,185
114630560|1|8,8,114630560,1,2026-05-03,1,2121,2,2,2,70.9940,70.9940,65.9346,0.0000,92.873463,35.4970,35.4970,1.0000,0,1,1,1843277,A168_HF9F_20260827_0900,2026-08-27 09:00:00,185
114630560|10|8,8,114630560,10,2026-05-03,1,2130,9,15,5,366.1396,366.1396,-422.3704,0.0000,-115.357750,24.4093,40.6822,1.6667,0,1,36,1843278,A168_HF9F_20260827_0900,2026-08-27 09:00:00,185
114630560|11|8,8,114630560,11,2026-05-03,1,2130,19,20,3,2082.4914,2082.4914,-1416.0905,0.4642,-67.999823,104.1246,109.6048,1.0526,0,1,171,1843279,A168_HF9F_20260827_0900,2026-08-27 09:00:00,185
114630560|12|8,8,114630560,12,2026-05-03,1,2130,20,24,5,2242.4000,2242.4000,-1375.3058,0.5378,-61.331867,93.4333,112.1200,1.2000,0,1,190,1843280,A168_HF9F_20260827_0900,2026-08-27 09:00:00,185
114630560|13|8,8,114630560,13,2026-05-03,1,2130,22,27,6,786.0041,15.1245,-79.4034,0.0000,-525.000000,29.1113,35.7275,1.2273,23,1,231,1843281,A168_HF9F_20260827_0900,2026-08-27 09:00:00,185
114630560|14|8,8,114630560,14,2026-05-03,1,2130,11,19,8,137.4141,129.0116,-12.5013,0.0000,-9.690054,7.2323,12.4922,1.7273,2,1,55,1843282,A168_HF9F_20260827_0900,2026-08-27 09:00:00,185
114630560|15|8,8,114630560,15,2026-05-03,1,2130,21,21,3,807.2340,807.2340,-525.4807,0.0000,-65.096453,38.4397,38.4397,1.0000,0,1,210,1843283,A168_HF9F_20260827_0900,2026-08-27 09:00:00,185
114630560|16|8,8,114630560,16,2026-05-03,1,2130,23,25,4,3714.1845,3714.1845,1512.6364,0.0000,40.725935,148.5674,161.4863,1.0870,0,1,253,1843284,A168_HF9F_20260827_0900,2026-08-27 09:00:00,185
114630560|17|8,8,114630560,17,2026-05-03,1,2130,26,28,3,2714.7307,25.5736,-204.5885,0.0000,-800.000000,96.9547,104.4127,1.0769,26,1,325,1843285,A168_HF9F_20260827_0900,2026-08-27 09:00:00,185
114630560|18|8,8,114630560,18,2026-05-03,1,2130,22,23,3,910.5673,910.5673,389.6006,0.0000,42.786582,39.5899,41.3894,1.0455,0,1,231,1843286,A168_HF9F_20260827_0900,2026-08-27 09:00:00,185
114630560|19|8,8,114630560,19,2026-05-03,1,2130,24,32,8,3201.2176,3201.2176,641.8317,0.0000,20.049613,100.0380,133.3841,1.3333,0,1,276,1843287,A168_HF9F_20260827_0900,2026-08-27 09:00:00,185
114630560|2|8,8,114630560,2,2026-05-03,1,2121,4,5,2,154.0782,154.0782,154.0782,0.6722,100.000000,30.8156,38.5196,1.2500,0,1,6,1843288,A168_HF9F_20260827_0900,2026-08-27 09:00:00,185
114630560|20|8,8,114630560,20,2026-05-03,1,2130,15,19,6,696.1347,696.1347,-76.7902,0.0000,-11.030940,36.6387,46.4090,1.2667,0,1,105,1843289,A168_HF9F_20260827_0900,2026-08-27 09:00:00,185
114630560|21|8,8,114630560,21,2026-05-03,1,2130,20,21,3,2171.8800,2171.8800,-1576.3162,0.0000,-72.578422,103.4229,108.5940,1.0500,0,1,190,1843290,A168_HF9F_20260827_0900,2026-08-27 09:00:00,185
114630560|22|8,8,114630560,22,2026-05-03,1,2130,25,29,6,2918.1984,2918.1984,1455.2354,0.0000,49.867597,100.6275,116.7279,1.1600,0,1,300,1843291,A168_HF9F_20260827_0900,2026-08-27 09:00:00,185
114630560|23|8,8,114630560,23,2026-05-03,1,2130,24,27,5,2241.4962,2241.4962,-1315.6304,0.0000,-58.694295,83.0184,93.3957,1.1250,0,1,276,1843292,A168_HF9F_20260827_0900,2026-08-27 09:00:00,185
114630560|24|8,8,114630560,24,2026-05-03,1,2130,27,30,4,1645.9860,1645.9860,-1372.4110,0.0000,-83.379265,54.8662,60.9624,1.1111,0,1,351,1843293,A168_HF9F_20260827_0900,2026-08-27 09:00:00,185
114630560|25|8,8,114630560,25,2026-05-03,1,2130,34,35,3,3133.6194,2845.9444,-2158.8529,0.1378,-75.857172,89.5320,92.1653,1.0294,0,1,561,1843294,A168_HF9F_20260827_0900,2026-08-27 09:00:00,185
114630560|26|8,8,114630560,26,2026-05-03,1,2130,47,53,7,3739.0614,3739.0614,2373.9107,0.2756,63.489480,70.5483,79.5545,1.1277,0,1,1081,1843295,A168_HF9F_20260827_0900,2026-08-27 09:00:00,185
114630560|27|8,8,114630560,27,2026-05-03,1,2130,32,50,10,2884.3181,2832.4266,2249.2036,0.3428,79.409069,57.6864,90.1349,1.5625,1,1,496,1843296,A168_HF9F_20260827_0900,2026-08-27 09:00:00,185
114630560|28|8,8,114630560,28,2026-05-03,1,2130,23,31,7,1471.3890,1471.3890,-479.0716,0.0336,-32.559138,47.4642,63.9734,1.3478,0,1,253,1843297,A168_HF9F_20260827_0900,2026-08-27 09:00:00,185
114630560|29|8,8,114630560,29,2026-05-03,1,2130,20,26,5,943.1377,943.1377,-455.9307,0.0000,-48.341905,36.2745,47.1569,1.3000,0,1,190,1843298,A168_HF9F_20260827_0900,2026-08-27 09:00:00,185
114630560|3|8,8,114630560,3,2026-05-03,1,2121,4,5,3,2075.2804,2075.2804,1966.7320,0.0000,94.769462,415.0561,518.8201,1.2500,0,1,6,1843299,A168_HF9F_20260827_0900,2026-08-27 09:00:00,185
114630560|30|8,8,114630560,30,2026-05-03,1,2130,22,28,7,1777.9055,1777.9055,-298.4820,0.0000,-16.788407,63.4966,80.8139,1.2727,0,1,231,1843300,A168_HF9F_20260827_0900,2026-08-27 09:00:00,185
114630560|31|8,8,114630560,31,2026-05-03,1,2130,34,43,8,10829.2155,10688.4740,-9589.3848,1.6805,-89.717062,251.8422,318.5063,1.2647,1,1,561,1843301,A168_HF9F_20260827_0900,2026-08-27 09:00:00,185
114630560|32|8,8,114630560,32,2026-05-03,1,2130,43,62,10,4947.5248,4939.1223,-4172.7140,1.6805,-84.482903,79.7988,115.0587,1.4419,4,1,903,1843302,A168_HF9F_20260827_0900,2026-08-27 09:00:00,185
114630560|33|8,8,114630560,33,2026-05-03,1,2130,47,65,8,12047.7572,12043.5560,10636.9561,7.3522,88.320726,185.3501,256.3353,1.3830,1,1,1081,1843303,A168_HF9F_20260827_0900,2026-08-27 09:00:00,185
114630560|34|8,8,114630560,34,2026-05-03,1,2130,30,41,10,1567.3748,1567.3748,-1001.0477,3.7811,-63.867796,38.2287,52.2458,1.3667,0,1,435,1843304,A168_HF9F_20260827_0900,2026-08-27 09:00:00,185
114630560|35|8,8,114630560,35,2026-05-03,1,2130,34,43,8,2918.9247,2918.9247,562.5462,3.8906,19.272378,67.8820,85.8507,1.2647,0,1,561,1843305,A168_HF9F_20260827_0900,2026-08-27 09:00:00,185
114630560|36|8,8,114630560,36,2026-05-03,1,2130,33,42,9,3994.0256,3994.0256,3505.9687,7.6295,87.780327,95.0958,121.0311,1.2727,0,1,528,1843306,A168_HF9F_20260827_0900,2026-08-27 09:00:00,185
114630560|37|8,8,114630560,37,2026-05-03,1,2130,23,31,8,1951.3841,1951.3841,552.3526,3.8819,28.305683,62.9479,84.8428,1.3478,0,1,253,1843307,A168_HF9F_20260827_0900,2026-08-27 09:00:00,185
114630560|38|8,8,114630560,38,2026-05-03,1,2130,25,30,8,1216.8137,65.8575,-217.7262,0.0672,-330.601946,40.5605,48.6725,1.2000,23,1,300,1843308,A168_HF9F_20260827_0900,2026-08-27 09:00:00,185
114630560|39|8,8,114630560,39,2026-05-03,1,2130,18,20,4,953.6229,953.6229,-576.4853,3.7811,-60.452120,47.6811,52.9791,1.1111,0,1,153,1843309,A168_HF9F_20260827_0900,2026-08-27 09:00:00,185
114630560|4|8,8,114630560,4,2026-05-03,1,2121,5,6,2,722.8487,722.8487,-712.4704,0.0000,-98.564252,120.4748,144.5697,1.2000,0,1,10,1843310,A168_HF9F_20260827_0900,2026-08-27 09:00:00,185
114630560|40|8,8,114630560,40,2026-05-03,1,2130,20,23,5,1868.2415,1868.2415,1075.8952,3.7811,57.588659,81.2279,93.4121,1.1500,0,1,190,1843311,A168_HF9F_20260827_0900,2026-08-27 09:00:00,185
114630560|41|8,8,114630560,41,2026-05-03,1,2130,20,22,4,1245.9967,1245.9967,262.0160,4.7264,21.028631,56.6362,62.2998,1.1000,0,1,190,1843312,A168_HF9F_20260827_0900,2026-08-27 09:00:00,185
114630560|42|8,8,114630560,42,2026-05-03,1,462,30,36,5,4245.9926,4245.9926,542.5004,0.9243,12.776761,117.9442,141.5331,1.2000,0,1,435,1843313,A168_HF9F_20260827_0900,2026-08-27 09:00:00,185
114630560|43|8,8,114630560,43,2026-05-03,1,462,24,27,4,1635.0012,1635.0012,-489.0845,4.8608,-29.913400,60.5556,68.1251,1.1250,0,1,276,1843314,A168_HF9F_20260827_0900,2026-08-27 09:00:00,185
114630560|44|8,8,114630560,44,2026-05-03,1,462,27,35,8,3773.8055,3773.8055,-2524.0337,4.7936,-66.882982,107.8230,139.7706,1.2963,0,1,351,1843315,A168_HF9F_20260827_0900,2026-08-27 09:00:00,185
114630560|45|8,8,114630560,45,2026-05-03,1,462,19,32,7,1479.7459,1479.7459,-1217.3038,4.7264,-82.264382,46.2421,77.8814,1.6842,0,1,171,1843316,A168_HF9F_20260827_0900,2026-08-27 09:00:00,185
114630560|46|8,8,114630560,46,2026-05-03,1,462,28,39,7,5731.8638,5731.8638,-4284.4620,4.7264,-74.748148,146.9709,204.7094,1.3929,0,1,378,1843317,A168_HF9F_20260827_0900,2026-08-27 09:00:00,185
114630560|47|8,8,114630560,47,2026-05-03,1,462,29,43,8,1914.4776,126.4010,-315.0718,0.0000,-249.263624,44.5227,66.0165,1.4828,27,1,406,1843318,A168_HF9F_20260827_0900,2026-08-27 09:00:00,185
114630560|5|8,8,114630560,5,2026-05-03,1,2121,5,7,2,221.6888,221.6888,221.6888,0.0000,100.000000,31.6698,44.3378,1.4000,0,1,10,1843319,A168_HF9F_20260827_0900,2026-08-27 09:00:00,185
114630560|6|8,8,114630560,6,2026-05-03,1,2121,3,3,2,86.9677,86.9677,34.0385,0.0000,39.139185,28.9892,28.9892,1.0000,0,1,3,1843320,A168_HF9F_20260827_0900,2026-08-27 09:00:00,185
114630560|7|8,8,114630560,7,2026-05-03,1,2121,6,6,1,212.2603,212.2603,-207.2243,0.7411,-97.627428,35.3767,35.3767,1.0000,0,1,15,1843321,A168_HF9F_20260827_0900,2026-08-27 09:00:00,185
114630560|8|8,8,114630560,8,2026-05-03,1,2121,4,6,4,299.3910,299.3910,229.2969,0.0000,76.587756,49.8985,74.8478,1.5000,0,1,6,1843322,A168_HF9F_20260827_0900,2026-08-27 09:00:00,185
114630560|9|8,8,114630560,9,2026-05-03,1,2121,9,16,7,1605.2229,1605.2229,745.2229,0.0000,46.424886,100.3264,178.3581,1.7778,0,1,36,1843323,A168_HF9F_20260827_0900,2026-08-27 09:00:00,185
114630589|1|8,8,114630589,1,2026-05-03,1,462,2,2,2,14.9882,14.9882,9.9288,0.0000,66.244071,7.4941,7.4941,1.0000,0,1,1,1843324,A168_HF9F_20260827_0900,2026-08-27 09:00:00,185
114630589|10|8,8,114630589,10,2026-05-03,1,462,11,17,7,734.5843,734.5843,602.6148,0.0000,82.034795,43.2108,66.7804,1.5455,0,1,55,1843325,A168_HF9F_20260827_0900,2026-08-27 09:00:00,185
114630589|11|8,8,114630589,11,2026-05-03,1,462,15,23,7,2691.9814,2691.9814,-537.3174,0.3361,-19.959921,117.0427,179.4654,1.5333,0,1,105,1843326,A168_HF9F_20260827_0900,2026-08-27 09:00:00,185
114630589|12|8,8,114630589,12,2026-05-03,1,462,23,29,8,7836.5478,7836.5478,4021.6522,0.4954,51.319182,270.2258,340.7195,1.2609,0,1,253,1843327,A168_HF9F_20260827_0900,2026-08-27 09:00:00,185
114630589|13|8,8,114630589,13,2026-05-03,1,462,14,15,3,915.8208,915.8208,-181.7500,0.4174,-19.845584,61.0547,65.4158,1.0714,0,1,91,1843328,A168_HF9F_20260827_0900,2026-08-27 09:00:00,185
114630589|14|8,8,114630589,14,2026-05-03,1,462,12,18,8,690.5191,690.5191,-401.3155,0.8087,-58.117942,38.3622,57.5433,1.5000,0,1,66,1843329,A168_HF9F_20260827_0900,2026-08-27 09:00:00,185
114630589|15|8,8,114630589,15,2026-05-03,1,462,15,17,4,1616.4123,1616.4123,-1497.7199,0.2326,-92.657045,95.0831,107.7608,1.1333,0,1,105,1843330,A168_HF9F_20260827_0900,2026-08-27 09:00:00,185
114630589|16|8,8,114630589,16,2026-05-03,1,462,21,30,6,3035.9416,70.5031,-128.4025,0.0168,-182.123171,101.1981,144.5686,1.4286,22,1,210,1843331,A168_HF9F_20260827_0900,2026-08-27 09:00:00,185
114630589|17|8,8,114630589,17,2026-05-03,1,462,21,28,7,1349.7899,1185.9416,264.2736,0.4037,22.283867,48.2068,64.2757,1.3333,1,1,210,1843332,A168_HF9F_20260827_0900,2026-08-27 09:00:00,185
114630589|18|8,8,114630589,18,2026-05-03,1,462,17,20,5,1624.1966,9.7759,-9.1296,0.0168,-93.388947,81.2098,95.5410,1.1765,17,1,136,1843333,A168_HF9F_20260827_0900,2026-08-27 09:00:00,185
114630589|19|8,8,114630589,19,2026-05-03,1,462,10,12,4,838.4673,838.4673,-734.1524,5.9012,-87.558854,69.8723,83.8467,1.2000,0,1,45,1843334,A168_HF9F_20260827_0900,2026-08-27 09:00:00,185
114630589|2|8,8,114630589,2,2026-05-03,1,462,5,5,2,869.0877,869.0877,659.0258,0.0000,75.829601,173.8175,173.8175,1.0000,0,1,10,1843335,A168_HF9F_20260827_0900,2026-08-27 09:00:00,185
114630589|20|8,8,114630589,20,2026-05-03,1,462,18,20,3,1798.7540,1735.7355,-112.9693,5.9258,-6.508443,89.9377,99.9308,1.1111,1,1,153,1843336,A168_HF9F_20260827_0900,2026-08-27 09:00:00,185
114630589|21|8,8,114630589,21,2026-05-03,1,462,21,26,5,2149.5223,67.1006,67.1006,0.0168,100.000000,82.6739,102.3582,1.2381,21,1,210,1843337,A168_HF9F_20260827_0900,2026-08-27 09:00:00,185
114630589|22|8,8,114630589,22,2026-05-03,1,462,21,26,5,1073.3525,1073.3525,273.8192,0.0504,25.510653,41.2828,51.1120,1.2381,0,1,210,1843338,A168_HF9F_20260827_0900,2026-08-27 09:00:00,185
114630589|23|8,8,114630589,23,2026-05-03,1,462,16,23,7,2061.0698,2061.0698,1022.0531,5.6717,49.588479,89.6117,128.8169,1.4375,0,1,120,1843339,A168_HF9F_20260827_0900,2026-08-27 09:00:00,185
114630589|24|8,8,114630589,24,2026-05-03,1,462,25,31,6,3055.6605,3055.6605,-975.1393,6.4416,-31.912554,98.5697,122.2264,1.2400,0,1,300,1843340,A168_HF9F_20260827_0900,2026-08-27 09:00:00,185
114630589|25|8,8,114630589,25,2026-05-03,1,462,14,20,6,2105.9364,2105.9364,2053.0811,5.6885,97.490177,105.2968,150.4240,1.4286,0,1,91,1843341,A168_HF9F_20260827_0900,2026-08-27 09:00:00,185
114630589|26|8,8,114630589,26,2026-05-03,1,462,21,29,7,2390.7932,2390.7932,-731.5589,5.6717,-30.599002,82.4411,113.8473,1.3810,0,1,210,1843342,A168_HF9F_20260827_0900,2026-08-27 09:00:00,185
114630589|27|8,8,114630589,27,2026-05-03,1,2121,22,26,5,909.0552,909.0552,-461.4904,0.7210,-50.765942,34.9637,41.3207,1.1818,0,1,231,1843343,A168_HF9F_20260827_0900,2026-08-27 09:00:00,185
114630589|28|8,8,114630589,28,2026-05-03,1,2121,22,26,5,2506.7409,2506.7409,-2274.5556,7.2010,-90.737560,96.4131,113.9428,1.1818,0,1,231,1843344,A168_HF9F_20260827_0900,2026-08-27 09:00:00,185
114630589|29|8,8,114630589,29,2026-05-03,1,2121,24,27,4,3653.1424,3653.1424,3515.1271,6.7875,96.222012,135.3016,152.2143,1.1250,0,1,276,1843345,A168_HF9F_20260827_0900,2026-08-27 09:00:00,185
114630589|3|8,8,114630589,3,2026-05-03,1,462,7,8,3,906.2153,906.2153,90.1773,0.0000,9.950976,113.2769,129.4593,1.1429,0,1,21,1843346,A168_HF9F_20260827_0900,2026-08-27 09:00:00,185
114630589|30|8,8,114630589,30,2026-05-03,1,2121,18,25,6,3356.0549,3356.0549,3189.3273,5.6717,95.032035,134.2422,186.4475,1.3889,0,1,153,1843347,A168_HF9F_20260827_0900,2026-08-27 09:00:00,185
114630589|31|8,8,114630589,31,2026-05-03,1,2121,17,25,7,1423.1669,1423.1669,-355.4267,0.5041,-24.974353,56.9267,83.7157,1.4706,0,1,136,1843348,A168_HF9F_20260827_0900,2026-08-27 09:00:00,185
114630589|32|8,8,114630589,32,2026-05-03,1,2121,19,33,8,2450.1906,2450.1906,2338.1533,0.1596,95.427405,74.2482,128.9574,1.7368,0,1,171,1843349,A168_HF9F_20260827_0900,2026-08-27 09:00:00,185
114630589|33|8,8,114630589,33,2026-05-03,1,2121,19,28,7,2523.9144,2523.9144,-1623.8120,0.2067,-64.337050,90.1398,132.8376,1.4737,0,1,171,1843350,A168_HF9F_20260827_0900,2026-08-27 09:00:00,185
114630589|34|8,8,114630589,34,2026-05-03,1,2121,16,21,6,1226.3870,35.2074,-40.4149,0.0000,-114.790728,58.3994,76.6492,1.3125,15,1,120,1843351,A168_HF9F_20260827_0900,2026-08-27 09:00:00,185
114630589|35|8,8,114630589,35,2026-05-03,1,2121,18,27,6,909.7631,909.7631,-448.0393,0.0000,-49.247915,33.6949,50.5424,1.5000,0,1,153,1843352,A168_HF9F_20260827_0900,2026-08-27 09:00:00,185
114630589|36|8,8,114630589,36,2026-05-03,1,2121,13,18,6,1207.9378,1207.9378,-2.2911,0.0000,-0.189672,67.1077,92.9183,1.3846,0,1,78,1843353,A168_HF9F_20260827_0900,2026-08-27 09:00:00,185
114630589|37|8,8,114630589,37,2026-05-03,1,2121,11,19,7,1196.2483,1196.2483,-663.3535,0.0000,-55.452826,62.9604,108.7498,1.7273,0,1,55,1843354,A168_HF9F_20260827_0900,2026-08-27 09:00:00,185
114630589|38|8,8,114630589,38,2026-05-03,1,2121,11,16,5,548.8982,548.8982,-316.1917,0.2521,-57.604809,34.3061,49.8998,1.4545,0,1,55,1843355,A168_HF9F_20260827_0900,2026-08-27 09:00:00,185
114630589|39|8,8,114630589,39,2026-05-03,1,2121,17,24,8,668.0107,668.0107,-85.7004,0.0000,-12.829197,27.8338,39.2947,1.4118,0,1,136,1843356,A168_HF9F_20260827_0900,2026-08-27 09:00:00,185
114630589|4|8,8,114630589,4,2026-05-03,1,462,7,8,2,792.3505,792.3505,792.3505,0.0000,100.000000,99.0438,113.1929,1.1429,0,1,21,1843357,A168_HF9F_20260827_0900,2026-08-27 09:00:00,185
114630589|40|8,8,114630589,40,2026-05-03,1,2121,18,24,6,1007.0825,1007.0825,522.7434,0.0945,51.906717,41.9618,55.9490,1.3333,0,1,153,1843358,A168_HF9F_20260827_0900,2026-08-27 09:00:00,185
114630589|41|8,8,114630589,41,2026-05-03,1,2121,11,17,6,348.9281,348.9281,-77.7251,0.0000,-22.275386,20.5252,31.7207,1.5455,0,1,55,1843359,A168_HF9F_20260827_0900,2026-08-27 09:00:00,185
114630589|42|8,8,114630589,42,2026-05-03,1,2121,14,18,6,669.7613,669.7613,316.1938,0.0000,47.209922,37.2090,47.8401,1.2857,0,1,91,1843360,A168_HF9F_20260827_0900,2026-08-27 09:00:00,185
114630589|43|8,8,114630589,43,2026-05-03,1,2121,10,15,6,693.0344,693.0344,-113.8249,0.0000,-16.424134,46.2023,69.3034,1.5000,0,1,45,1843361,A168_HF9F_20260827_0900,2026-08-27 09:00:00,185
114630589|44|8,8,114630589,44,2026-05-03,1,2121,15,19,6,1068.5701,1068.5701,-401.7225,0.0000,-37.594397,56.2405,71.2380,1.2667,0,1,105,1843362,A168_HF9F_20260827_0900,2026-08-27 09:00:00,185
114630589|45|8,8,114630589,45,2026-05-03,1,2121,14,17,5,3188.6211,16.8050,-39.9118,0.0000,-237.500000,187.5659,227.7586,1.2143,13,1,91,1843363,A168_HF9F_20260827_0900,2026-08-27 09:00:00,185
114630589|46|8,8,114630589,46,2026-05-03,1,2121,13,17,6,2960.5882,2960.5882,2322.9302,0.0000,78.461781,174.1522,227.7376,1.3077,0,1,78,1843364,A168_HF9F_20260827_0900,2026-08-27 09:00:00,185
114630589|47|8,8,114630589,47,2026-05-03,1,2121,8,11,5,469.0333,469.0333,-255.9391,0.0000,-54.567359,42.6394,58.6292,1.3750,0,1,28,1843365,A168_HF9F_20260827_0900,2026-08-27 09:00:00,185
114630589|48|8,8,114630589,48,2026-05-03,1,2121,10,12,4,665.0541,665.0541,30.3852,0.0000,4.568832,55.4212,66.5054,1.2000,0,1,45,1843366,A168_HF9F_20260827_0900,2026-08-27 09:00:00,185
114630589|49|8,8,114630589,49,2026-05-03,1,2121,11,13,5,732.3817,732.3817,-642.0551,0.0000,-87.666726,56.3371,66.5802,1.1818,0,1,55,1843367,A168_HF9F_20260827_0900,2026-08-27 09:00:00,185
114630589|5|8,8,114630589,5,2026-05-03,1,462,3,3,3,48.3143,48.3143,-33.6099,0.3361,-69.565217,16.1048,16.1048,1.0000,0,1,3,1843368,A168_HF9F_20260827_0900,2026-08-27 09:00:00,185
114630589|50|8,8,114630589,50,2026-05-03,1,2121,16,22,7,785.0739,34.5978,-116.6468,0.0000,-337.150716,35.6852,49.0671,1.3750,15,1,120,1843369,A168_HF9F_20260827_0900,2026-08-27 09:00:00,185
114630589|51|8,8,114630589,51,2026-05-03,1,2121,12,15,5,1547.9070,1547.9070,1105.5165,0.0000,71.420084,103.1938,128.9922,1.2500,0,1,66,1843370,A168_HF9F_20260827_0900,2026-08-27 09:00:00,185
114630589|52|8,8,114630589,52,2026-05-03,1,2121,14,20,7,763.4814,763.4814,31.3302,0.0000,4.103599,38.1741,54.5344,1.4286,0,1,91,1843371,A168_HF9F_20260827_0900,2026-08-27 09:00:00,185
114630589|53|8,8,114630589,53,2026-05-03,1,2121,10,14,5,487.9572,29.4087,29.4087,0.0000,100.000000,34.8541,48.7957,1.4000,10,1,45,1843372,A168_HF9F_20260827_0900,2026-08-27 09:00:00,185
114630589|6|8,8,114630589,6,2026-05-03,1,462,2,2,2,25.2074,25.2074,4.2012,0.0000,16.666667,12.6037,12.6037,1.0000,0,1,1,1843373,A168_HF9F_20260827_0900,2026-08-27 09:00:00,185
114630589|7|8,8,114630589,7,2026-05-03,1,462,4,4,2,173.3477,173.3477,83.2311,0.0000,48.013962,43.3369,43.3369,1.0000,0,1,6,1843374,A168_HF9F_20260827_0900,2026-08-27 09:00:00,185
114630589|8|8,8,114630589,8,2026-05-03,1,462,10,10,3,464.7073,464.7073,77.6989,0.0000,16.719970,46.4707,46.4707,1.0000,0,1,45,1843375,A168_HF9F_20260827_0900,2026-08-27 09:00:00,185
114630589|9|8,8,114630589,9,2026-05-03,1,462,8,11,5,186.9047,186.9047,-60.5498,0.0000,-32.396110,16.9913,23.3631,1.3750,0,1,28,1843376,A168_HF9F_20260827_0900,2026-08-27 09:00:00,185
114630617|1|8,8,114630617,1,2026-05-03,1,2121,2,2,2,1050.8017,1050.8017,-972.9646,0.0000,-92.592593,525.4009,525.4009,1.0000,0,1,1,1843377,A168_HF9F_20260827_0900,2026-08-27 09:00:00,185
114630617|10|8,8,114630617,10,2026-05-03,1,2130,11,14,5,401.0127,401.0127,109.1965,0.2756,27.230192,28.6438,36.4557,1.2727,0,1,55,1843378,A168_HF9F_20260827_0900,2026-08-27 09:00:00,185
114630617|11|8,8,114630617,11,2026-05-03,1,2130,6,6,1,845.4899,845.4899,845.4899,0.0000,100.000000,140.9150,140.9150,1.0000,0,1,15,1843379,A168_HF9F_20260827_0900,2026-08-27 09:00:00,185
114630617|12|8,8,114630617,12,2026-05-03,1,2130,6,6,2,782.9214,782.9214,-666.8218,5.6717,-85.170974,130.4869,130.4869,1.0000,0,1,15,1843380,A168_HF9F_20260827_0900,2026-08-27 09:00:00,185
114630617|13|8,8,114630617,13,2026-05-03,1,2130,10,11,3,2471.2994,2471.2994,2421.2811,5.6717,97.976033,224.6636,247.1299,1.1000,0,1,45,1843381,A168_HF9F_20260827_0900,2026-08-27 09:00:00,185
114630617|14|8,8,114630617,14,2026-05-03,1,2130,7,7,2,800.5511,800.5511,539.0719,5.6717,67.337599,114.3644,114.3644,1.0000,0,1,21,1843382,A168_HF9F_20260827_0900,2026-08-27 09:00:00,185
114630617|15|8,8,114630617,15,2026-05-03,1,2130,8,9,3,736.3848,736.3848,-270.3285,0.0000,-36.710229,81.8205,92.0481,1.1250,0,1,28,1843383,A168_HF9F_20260827_0900,2026-08-27 09:00:00,185
114630617|16|8,8,114630617,16,2026-05-03,1,2130,8,9,3,720.3584,720.3584,-573.9533,4.7264,-79.676073,80.0398,90.0448,1.1250,0,1,28,1843384,A168_HF9F_20260827_0900,2026-08-27 09:00:00,185
114630617|17|8,8,114630617,17,2026-05-03,1,2130,12,12,2,1281.2831,0.0000,0.0000,0.0000,,106.7736,106.7736,1.0000,12,1,66,1843385,A168_HF9F_20260827_0900,2026-08-27 09:00:00,185
114630617|18|8,8,114630617,18,2026-05-03,1,2130,10,14,6,1309.2121,1266.1458,-1236.7803,5.6717,-97.680722,93.5151,130.9212,1.4000,0,1,45,1843386,A168_HF9F_20260827_0900,2026-08-27 09:00:00,185
114630617|19|8,8,114630617,19,2026-05-03,1,2130,9,13,6,624.9285,624.9285,545.1741,0.0000,87.237840,48.0714,69.4365,1.4444,0,1,36,1843387,A168_HF9F_20260827_0900,2026-08-27 09:00:00,185
114630617|2|8,8,114630617,2,2026-05-03,1,2121,3,3,2,186.2740,186.2740,-168.7679,0.0000,-90.601953,62.0913,62.0913,1.0000,0,1,3,1843388,A168_HF9F_20260827_0900,2026-08-27 09:00:00,185
114630617|20|8,8,114630617,20,2026-05-03,1,2130,17,20,5,2045.3457,2045.3457,-858.4019,0.0000,-41.968548,102.2673,120.3145,1.1765,0,1,136,1843389,A168_HF9F_20260827_0900,2026-08-27 09:00:00,185
114630617|21|8,8,114630617,21,2026-05-03,1,2130,18,22,5,1776.3357,1776.3357,198.6780,5.6717,11.184709,80.7425,98.6853,1.2222,0,1,153,1843390,A168_HF9F_20260827_0900,2026-08-27 09:00:00,185
114630617|22|8,8,114630617,22,2026-05-03,1,2130,36,47,8,4024.9398,4024.9398,2116.7667,0.0000,52.591263,85.6370,111.8039,1.3056,0,1,630,1843391,A168_HF9F_20260827_0900,2026-08-27 09:00:00,185
114630617|23|8,8,114630617,23,2026-05-03,1,2130,15,21,8,2120.9741,33.6099,-79.8235,0.0000,-237.500000,100.9988,141.3983,1.4000,14,1,105,1843392,A168_HF9F_20260827_0900,2026-08-27 09:00:00,185
114630617|24|8,8,114630617,24,2026-05-03,1,2130,20,32,9,2340.6073,2340.6073,-1496.7520,5.6717,-63.947163,73.1440,117.0304,1.6000,0,1,190,1843393,A168_HF9F_20260827_0900,2026-08-27 09:00:00,185
114630617|25|8,8,114630617,25,2026-05-03,1,2130,25,32,7,4803.2595,4803.2595,-168.9364,6.3229,-3.517120,150.1019,192.1304,1.2800,0,1,300,1843394,A168_HF9F_20260827_0900,2026-08-27 09:00:00,185
114630617|26|8,8,114630617,26,2026-05-03,1,2130,32,41,10,3835.7211,3835.7211,1270.7457,7.1917,33.129252,93.5542,119.8663,1.2813,0,1,496,1843395,A168_HF9F_20260827_0900,2026-08-27 09:00:00,185
114630617|27|8,8,114630617,27,2026-05-03,1,2130,19,22,5,2740.0858,2740.0858,-459.8965,6.0162,-16.784017,124.5494,144.2150,1.1579,0,1,171,1843396,A168_HF9F_20260827_0900,2026-08-27 09:00:00,185
114630617|28|8,8,114630617,28,2026-05-03,1,2130,20,27,5,2106.4914,2106.4914,-1736.8378,5.6717,-82.451689,78.0182,105.3246,1.3500,0,1,190,1843397,A168_HF9F_20260827_0900,2026-08-27 09:00:00,185
114630617|29|8,8,114630617,29,2026-05-03,1,2130,18,21,5,1981.1190,21.0062,-155.4459,0.0000,-740.000000,94.3390,110.0622,1.1667,16,1,153,1843398,A168_HF9F_20260827_0900,2026-08-27 09:00:00,185
114630617|3|8,8,114630617,3,2026-05-03,1,2121,6,9,5,270.5108,270.5108,131.0913,0.0000,48.460657,30.0568,45.0851,1.5000,0,1,15,1843399,A168_HF9F_20260827_0900,2026-08-27 09:00:00,185
114630617|30|8,8,114630617,30,2026-05-03,1,2130,12,17,6,1689.5682,1689.5682,1002.7270,5.7662,59.348124,99.3864,140.7974,1.4167,0,1,66,1843400,A168_HF9F_20260827_0900,2026-08-27 09:00:00,185
114630617|31|8,8,114630617,31,2026-05-03,1,2130,16,17,4,1901.9607,1901.9607,532.3265,7.5622,27.988300,111.8800,118.8725,1.0625,0,1,120,1843401,A168_HF9F_20260827_0900,2026-08-27 09:00:00,185
114630617|32|8,8,114630617,32,2026-05-03,1,2130,14,16,5,901.0686,901.0686,-272.3440,0.0000,-30.224557,56.3168,64.3620,1.1429,0,1,91,1843402,A168_HF9F_20260827_0900,2026-08-27 09:00:00,185
114630617|33|8,8,114630617,33,2026-05-03,1,2130,21,23,4,4421.5252,4421.5252,-1023.2797,5.6717,-23.143138,192.2402,210.5488,1.0952,0,1,210,1843403,A168_HF9F_20260827_0900,2026-08-27 09:00:00,185
114630617|34|8,8,114630617,34,2026-05-03,1,2130,29,33,6,3133.6238,3133.6238,-1805.4414,0.1294,-57.615128,94.9583,108.0560,1.1379,0,1,406,1843404,A168_HF9F_20260827_0900,2026-08-27 09:00:00,185
114630617|35|8,8,114630617,35,2026-05-03,1,2130,35,48,9,4376.6148,4376.6148,-3267.9987,5.7557,-74.669553,91.1795,125.0461,1.3714,0,1,595,1843405,A168_HF9F_20260827_0900,2026-08-27 09:00:00,185
114630617|36|8,8,114630617,36,2026-05-03,1,2130,38,46,7,4622.4909,4622.4909,-2343.5677,5.7557,-50.699239,100.4889,121.6445,1.2105,0,1,703,1843406,A168_HF9F_20260827_0900,2026-08-27 09:00:00,185
114630617|37|8,8,114630617,37,2026-05-03,1,2130,34,44,10,6265.6333,6265.6333,4956.2399,6.2388,79.101978,142.4008,184.2833,1.2941,0,1,561,1843407,A168_HF9F_20260827_0900,2026-08-27 09:00:00,185
114630617|38|8,8,114630617,38,2026-05-03,1,462,19,30,7,1981.2301,1981.2301,-1508.7135,7.2051,-76.150343,66.0410,104.2753,1.5789,0,1,171,1843408,A168_HF9F_20260827_0900,2026-08-27 09:00:00,185
114630617|39|8,8,114630617,39,2026-05-03,1,462,20,30,8,1960.1766,1960.1766,-1268.8730,6.6951,-64.732582,65.3392,98.0088,1.5000,0,1,190,1843409,A168_HF9F_20260827_0900,2026-08-27 09:00:00,185
114630617|4|8,8,114630617,4,2026-05-03,1,2121,6,7,4,785.1738,785.1738,575.1119,0.0000,73.246438,112.1677,130.8623,1.1667,0,1,15,1843410,A168_HF9F_20260827_0900,2026-08-27 09:00:00,185
114630617|40|8,8,114630617,40,2026-05-03,1,462,22,27,6,1614.2989,1614.2989,-690.5949,5.3776,-42.779865,59.7888,73.3772,1.2273,0,1,231,1843411,A168_HF9F_20260827_0900,2026-08-27 09:00:00,185
114630617|41|8,8,114630617,41,2026-05-03,1,462,23,30,7,1848.9389,1827.9327,1481.7354,6.5119,81.060721,61.6313,80.3886,1.3043,0,1,253,1843412,A168_HF9F_20260827_0900,2026-08-27 09:00:00,185
114630617|42|8,8,114630617,42,2026-05-03,1,462,20,28,7,3843.4542,3843.4542,3604.3417,6.5716,93.778707,137.2662,192.1727,1.4000,0,1,190,1843413,A168_HF9F_20260827_0900,2026-08-27 09:00:00,185
114630617|43|8,8,114630617,43,2026-05-03,1,462,12,18,7,513.7286,513.7286,101.4820,0.1680,19.754011,28.5405,42.8107,1.5000,0,1,66,1843414,A168_HF9F_20260827_0900,2026-08-27 09:00:00,185
114630617|44|8,8,114630617,44,2026-05-03,1,462,24,28,5,4726.9539,4726.9539,-3754.4056,5.8330,-79.425477,168.8198,196.9564,1.1667,0,1,276,1843415,A168_HF9F_20260827_0900,2026-08-27 09:00:00,185
114630617|45|8,8,114630617,45,2026-05-03,1,462,22,30,6,4128.4615,4102.2037,-4025.1694,5.6717,-98.122123,137.6154,187.6573,1.3636,0,1,231,1843416,A168_HF9F_20260827_0900,2026-08-27 09:00:00,185
114630617|46|8,8,114630617,46,2026-05-03,1,462,28,36,7,6323.3218,6323.3218,-4308.9792,20.6693,-68.144233,175.6478,225.8329,1.2857,0,1,378,1843417,A168_HF9F_20260827_0900,2026-08-27 09:00:00,185
114630617|47|8,8,114630617,47,2026-05-03,1,462,48,55,6,6168.6766,6168.6766,5172.6956,17.0728,83.854219,112.1578,128.5141,1.1458,0,1,1128,1843418,A168_HF9F_20260827_0900,2026-08-27 09:00:00,185
114630617|48|8,8,114630617,48,2026-05-03,1,462,28,32,5,3770.9834,3770.9834,2051.6097,17.4351,54.405163,117.8432,134.6780,1.1429,0,1,378,1843419,A168_HF9F_20260827_0900,2026-08-27 09:00:00,185
114630617|49|8,8,114630617,49,2026-05-03,1,462,21,28,6,2682.4251,2682.4251,1083.1986,11.7215,40.381317,95.8009,127.7345,1.3333,0,1,210,1843420,A168_HF9F_20260827_0900,2026-08-27 09:00:00,185
114630617|5|8,8,114630617,5,2026-05-03,1,2130,1,2,2,86.1326,86.1326,86.1326,0.6891,100.000000,43.0663,86.1326,2.0000,0,0,0,1843421,A168_HF9F_20260827_0900,2026-08-27 09:00:00,185
114630617|50|8,8,114630617,50,2026-05-03,1,462,20,22,4,3246.7596,3246.7596,-1729.0243,10.8938,-53.253844,147.5800,162.3380,1.1000,0,1,190,1843422,A168_HF9F_20260827_0900,2026-08-27 09:00:00,185
114630617|51|8,8,114630617,51,2026-05-03,1,462,30,34,4,6298.6272,6298.6272,-3267.0395,19.7952,-51.869072,185.2537,209.9542,1.1333,0,1,435,1843423,A168_HF9F_20260827_0900,2026-08-27 09:00:00,185
114630617|6|8,8,114630617,6,2026-05-03,1,2130,4,7,5,343.8216,43.2545,-151.3906,0.0000,-350.000000,49.1174,85.9554,1.7500,4,1,6,1843424,A168_HF9F_20260827_0900,2026-08-27 09:00:00,185
114630617|7|8,8,114630617,7,2026-05-03,1,2130,4,6,4,149.4927,149.4927,122.1329,0.0000,81.698243,24.9154,37.3732,1.5000,0,1,6,1843425,A168_HF9F_20260827_0900,2026-08-27 09:00:00,185
114630617|8|8,8,114630617,8,2026-05-03,1,2130,3,3,2,47.4093,47.4093,-5.8962,0.0000,-12.436738,15.8031,15.8031,1.0000,0,1,3,1843426,A168_HF9F_20260827_0900,2026-08-27 09:00:00,185
114630617|9|8,8,114630617,9,2026-05-03,1,2130,13,17,6,2376.5205,2376.5205,1724.7718,0.0000,72.575506,139.7953,182.8093,1.3077,0,1,78,1843427,A168_HF9F_20260827_0900,2026-08-27 09:00:00,185
114630643|1|8,8,114630643,1,2026-05-03,1,462,5,5,2,51.7719,51.7719,27.1947,0.1680,52.527837,10.3544,10.3544,1.0000,0,1,10,1843428,A168_HF9F_20260827_0900,2026-08-27 09:00:00,185
114630643|10|8,8,114630643,10,2026-05-03,1,462,12,16,5,862.1509,862.1509,-609.1042,0.3361,-70.649367,53.8844,71.8459,1.3333,0,1,66,1843429,A168_HF9F_20260827_0900,2026-08-27 09:00:00,185
114630643|11|8,8,114630643,11,2026-05-03,1,462,11,15,5,1053.4584,1053.4584,1053.4584,0.9387,100.000000,70.2306,95.7689,1.3636,0,1,55,1843430,A168_HF9F_20260827_0900,2026-08-27 09:00:00,185
114630643|12|8,8,114630643,12,2026-05-03,1,462,7,8,3,1137.5990,1137.5990,725.0938,0.1680,63.738960,142.1999,162.5141,1.1429,0,1,21,1843431,A168_HF9F_20260827_0900,2026-08-27 09:00:00,185
114630643|13|8,8,114630643,13,2026-05-03,1,462,10,10,2,1178.2704,1178.2704,-918.7223,0.2837,-77.972115,117.8270,117.8270,1.0000,0,1,45,1843432,A168_HF9F_20260827_0900,2026-08-27 09:00:00,185
114630643|14|8,8,114630643,14,2026-05-03,1,462,16,25,6,3186.4605,3186.4605,1256.0634,1.5007,39.418765,127.4584,199.1538,1.5625,0,1,120,1843433,A168_HF9F_20260827_0900,2026-08-27 09:00:00,185
114630643|15|8,8,114630643,15,2026-05-03,1,462,11,14,5,1590.8740,1590.8740,1084.4695,0.8402,68.168158,113.6339,144.6249,1.2727,0,1,55,1843434,A168_HF9F_20260827_0900,2026-08-27 09:00:00,185
114630643|16|8,8,114630643,16,2026-05-03,1,462,15,20,5,786.3219,786.3219,493.7805,1.0923,62.796228,39.3161,52.4215,1.3333,0,1,105,1843435,A168_HF9F_20260827_0900,2026-08-27 09:00:00,185
114630643|17|8,8,114630643,17,2026-05-03,1,462,15,18,5,672.2073,672.2073,-106.8125,0.2353,-15.889816,37.3449,44.8138,1.2000,0,1,105,1843436,A168_HF9F_20260827_0900,2026-08-27 09:00:00,185
114630643|18|8,8,114630643,18,2026-05-03,1,462,12,19,6,2146.5352,2146.5352,-1907.8102,0.1680,-88.878590,112.9755,178.8779,1.5833,0,1,66,1843437,A168_HF9F_20260827_0900,2026-08-27 09:00:00,185
114630643|19|8,8,114630643,19,2026-05-03,1,462,19,25,8,3683.8252,3683.8252,-3052.6197,0.1680,-82.865486,147.3530,193.8855,1.3158,0,1,171,1843438,A168_HF9F_20260827_0900,2026-08-27 09:00:00,185
114630643|2|8,8,114630643,2,2026-05-03,1,462,5,5,2,204.6126,204.6126,-42.5995,0.4705,-20.819599,40.9225,40.9225,1.0000,0,1,10,1843439,A168_HF9F_20260827_0900,2026-08-27 09:00:00,185
114630643|20|8,8,114630643,20,2026-05-03,1,2121,17,31,8,1584.5574,1584.5574,1443.4520,0.5630,91.094966,51.1148,93.2093,1.8235,0,1,136,1843440,A168_HF9F_20260827_0900,2026-08-27 09:00:00,185
114630643|21|8,8,114630643,21,2026-05-03,1,2121,19,30,8,827.0827,827.0827,481.1257,1.1763,58.171410,27.5694,43.5307,1.5789,0,1,171,1843441,A168_HF9F_20260827_0900,2026-08-27 09:00:00,185
114630643|22|8,8,114630643,22,2026-05-03,1,2121,18,41,8,3652.2146,3652.2146,-2906.7002,0.5041,-79.587333,89.0784,202.9008,2.2778,0,1,153,1843442,A168_HF9F_20260827_0900,2026-08-27 09:00:00,185
114630643|23|8,8,114630643,23,2026-05-03,1,2121,14,25,8,1015.7088,1015.7088,-213.6442,0.4789,-21.034006,40.6284,72.5506,1.7857,0,1,91,1843443,A168_HF9F_20260827_0900,2026-08-27 09:00:00,185
114630643|24|8,8,114630643,24,2026-05-03,1,2121,31,39,8,3355.6970,52.8196,-211.2731,0.0672,-399.989991,86.0435,108.2483,1.2581,30,1,465,1843444,A168_HF9F_20260827_0900,2026-08-27 09:00:00,185
114630643|25|8,8,114630643,25,2026-05-03,1,2121,25,43,10,1240.8607,1240.8607,388.3453,0.5142,31.296450,28.8572,49.6344,1.7200,0,1,300,1843445,A168_HF9F_20260827_0900,2026-08-27 09:00:00,185
114630643|26|8,8,114630643,26,2026-05-03,1,2121,18,22,6,1091.2736,1091.2736,-432.1458,0.6722,-39.600137,49.6033,60.6263,1.2222,0,1,153,1843446,A168_HF9F_20260827_0900,2026-08-27 09:00:00,185
114630643|27|8,8,114630643,27,2026-05-03,1,2121,32,40,10,2211.5819,2211.5819,-935.8468,0.4033,-42.315718,55.2895,69.1119,1.2500,0,1,496,1843447,A168_HF9F_20260827_0900,2026-08-27 09:00:00,185
114630643|28|8,8,114630643,28,2026-05-03,1,2121,26,38,7,4534.4379,4534.4379,-3772.6526,0.3277,-83.200006,119.3273,174.4015,1.4615,0,1,325,1843448,A168_HF9F_20260827_0900,2026-08-27 09:00:00,185
114630643|29|8,8,114630643,29,2026-05-03,1,2121,39,52,8,5123.3686,5123.3686,-3175.9256,0.8638,-61.989012,98.5263,131.3684,1.3333,0,1,741,1843449,A168_HF9F_20260827_0900,2026-08-27 09:00:00,185
114630643|3|8,8,114630643,3,2026-05-03,1,462,11,12,3,427.5552,427.5552,-298.1339,0.2521,-69.729913,35.6296,38.8687,1.0909,0,1,55,1843450,A168_HF9F_20260827_0900,2026-08-27 09:00:00,185
114630643|30|8,8,114630643,30,2026-05-03,1,2121,42,73,8,5179.9103,5179.9103,1926.1243,1.1209,37.184510,70.9577,123.3312,1.7381,0,1,861,1843451,A168_HF9F_20260827_0900,2026-08-27 09:00:00,185
114630643|31|8,8,114630643,31,2026-05-03,1,2121,44,61,8,4750.6874,4750.6874,1191.3844,1.8251,25.078147,77.8801,107.9702,1.3864,0,1,946,1843452,A168_HF9F_20260827_0900,2026-08-27 09:00:00,185
114630643|32|8,8,114630643,32,2026-05-03,1,2121,25,33,9,1207.5313,1207.5313,-486.0783,1.3915,-40.253889,36.5919,48.3013,1.3200,0,1,300,1843453,A168_HF9F_20260827_0900,2026-08-27 09:00:00,185
114630643|33|8,8,114630643,33,2026-05-03,1,2121,20,29,10,825.2250,825.2250,-288.2814,0.5865,-34.933670,28.4560,41.2613,1.4500,0,1,190,1843454,A168_HF9F_20260827_0900,2026-08-27 09:00:00,185
114630643|34|8,8,114630643,34,2026-05-03,1,2121,22,31,9,1048.6183,1003.6622,324.9907,1.0302,32.380490,33.8264,47.6645,1.4091,0,1,231,1843455,A168_HF9F_20260827_0900,2026-08-27 09:00:00,185
114630643|35|8,8,114630643,35,2026-05-03,1,2121,18,22,6,573.2006,573.2006,173.5617,0.6420,30.279399,26.0546,31.8445,1.2222,0,1,153,1843456,A168_HF9F_20260827_0900,2026-08-27 09:00:00,185
114630643|36|8,8,114630643,36,2026-05-03,1,2121,14,22,9,910.1541,910.1541,306.6673,1.6117,33.693993,41.3706,65.0110,1.5714,0,1,91,1843457,A168_HF9F_20260827_0900,2026-08-27 09:00:00,185
114630643|37|8,8,114630643,37,2026-05-03,1,2121,15,18,5,895.9313,895.9313,-62.9443,1.7142,-7.025573,49.7740,59.7288,1.2000,0,1,105,1843458,A168_HF9F_20260827_0900,2026-08-27 09:00:00,185
114630643|38|8,8,114630643,38,2026-05-03,1,2121,16,20,5,773.6839,773.6839,321.4366,0.6554,41.546242,38.6842,48.3552,1.2500,0,1,120,1843459,A168_HF9F_20260827_0900,2026-08-27 09:00:00,185
114630643|39|8,8,114630643,39,2026-05-03,1,2121,25,37,8,2672.7399,2672.7399,1276.4317,1.2452,47.757422,72.2362,106.9096,1.4800,0,1,300,1843460,A168_HF9F_20260827_0900,2026-08-27 09:00:00,185
114630643|4|8,8,114630643,4,2026-05-03,1,462,7,8,3,164.5681,164.5681,7.8939,0.3361,4.796741,20.5710,23.5097,1.1429,0,1,21,1843461,A168_HF9F_20260827_0900,2026-08-27 09:00:00,185
114630643|40|8,8,114630643,40,2026-05-03,1,2121,18,28,8,1243.6773,1243.6773,25.8278,0.1680,2.076732,44.4170,69.0932,1.5556,0,1,153,1843462,A168_HF9F_20260827_0900,2026-08-27 09:00:00,185
114630643|41|8,8,114630643,41,2026-05-03,1,2121,15,22,7,1118.6143,40.6501,21.7445,0.0000,53.491883,50.8461,74.5743,1.4667,15,1,105,1843463,A168_HF9F_20260827_0900,2026-08-27 09:00:00,185
114630643|42|8,8,114630643,42,2026-05-03,1,2121,20,29,7,1525.2608,1525.2608,-713.3852,0.5041,-46.771360,52.5952,76.2630,1.4500,0,1,190,1843464,A168_HF9F_20260827_0900,2026-08-27 09:00:00,185
114630643|43|8,8,114630643,43,2026-05-03,1,2121,20,30,8,1143.3586,1143.3586,482.7882,0.8402,42.225438,38.1120,57.1679,1.5000,0,1,190,1843465,A168_HF9F_20260827_0900,2026-08-27 09:00:00,185
114630643|44|8,8,114630643,44,2026-05-03,1,2121,15,22,7,1116.7796,1116.7796,382.5313,0.1680,34.253068,50.7627,74.4520,1.4667,0,1,105,1843466,A168_HF9F_20260827_0900,2026-08-27 09:00:00,185
114630643|45|8,8,114630643,45,2026-05-03,1,2121,12,18,7,664.4469,64.4952,26.6840,0.0000,41.373657,36.9137,55.3706,1.5000,11,1,66,1843467,A168_HF9F_20260827_0900,2026-08-27 09:00:00,185
114630643|46|8,8,114630643,46,2026-05-03,1,2121,10,18,7,527.4129,527.4129,228.3897,0.5041,43.303778,29.3007,52.7413,1.8000,0,1,45,1843468,A168_HF9F_20260827_0900,2026-08-27 09:00:00,185
114630643|47|8,8,114630643,47,2026-05-03,1,2121,19,24,5,3410.8596,3410.8596,221.4543,0.1344,6.492625,142.1192,179.5189,1.2632,0,1,171,1843469,A168_HF9F_20260827_0900,2026-08-27 09:00:00,185
114630643|48|8,8,114630643,48,2026-05-03,1,2121,19,25,6,3077.7192,3077.7192,-1102.3134,1.0587,-35.815919,123.1088,161.9852,1.3158,0,1,171,1843470,A168_HF9F_20260827_0900,2026-08-27 09:00:00,185
114630643|49|8,8,114630643,49,2026-05-03,1,2121,21,28,6,2635.0664,2635.0664,-1593.0995,0.1630,-60.457660,94.1095,125.4794,1.3333,0,1,210,1843471,A168_HF9F_20260827_0900,2026-08-27 09:00:00,185
114630643|5|8,8,114630643,5,2026-05-03,1,462,9,9,2,324.5529,324.5529,85.6741,0.3277,26.397570,36.0614,36.0614,1.0000,0,1,36,1843472,A168_HF9F_20260827_0900,2026-08-27 09:00:00,185
114630643|50|8,8,114630643,50,2026-05-03,1,2121,29,35,5,3584.8864,3584.8864,2411.2520,0.0000,67.261601,102.4253,123.6168,1.2069,0,1,406,1843473,A168_HF9F_20260827_0900,2026-08-27 09:00:00,185
114630643|6|8,8,114630643,6,2026-05-03,1,462,10,11,3,354.8715,354.8715,193.3391,0.2689,54.481422,32.2610,35.4872,1.1000,0,1,45,1843474,A168_HF9F_20260827_0900,2026-08-27 09:00:00,185
114630643|7|8,8,114630643,7,2026-05-03,1,462,11,12,2,767.2991,746.5425,367.3637,0.3781,49.208683,63.9416,69.7545,1.0909,2,1,55,1843475,A168_HF9F_20260827_0900,2026-08-27 09:00:00,185
114630643|8|8,8,114630643,8,2026-05-03,1,462,20,27,8,3444.9783,110.1891,-116.5132,0.0000,-105.739232,127.5918,172.2489,1.3500,20,1,190,1843476,A168_HF9F_20260827_0900,2026-08-27 09:00:00,185
114630643|9|8,8,114630643,9,2026-05-03,1,462,12,20,8,1370.9211,1370.9211,-543.6942,0.2420,-39.659042,68.5461,114.2434,1.6667,0,1,66,1843477,A168_HF9F_20260827_0900,2026-08-27 09:00:00,185
114630674|1|8,8,114630674,1,2026-05-03,1,2121,4,6,4,393.8302,393.8302,193.0725,0.0000,49.024307,65.6384,98.4576,1.5000,0,1,6,1843478,A168_HF9F_20260827_0900,2026-08-27 09:00:00,185
114630674|10|8,8,114630674,10,2026-05-03,1,948,7,9,4,351.5233,351.5233,294.8718,0.0000,83.883992,39.0581,50.2176,1.2857,0,1,21,1843479,A168_HF9F_20260827_0900,2026-08-27 09:00:00,185
114630674|11|8,8,114630674,11,2026-05-03,1,948,8,11,4,748.0627,748.0627,-687.6478,0.0000,-91.923822,68.0057,93.5078,1.3750,0,1,28,1843480,A168_HF9F_20260827_0900,2026-08-27 09:00:00,185
114630674|12|8,8,114630674,12,2026-05-03,1,948,9,10,2,1105.6179,1105.6179,-1097.2155,0.0000,-99.240020,110.5618,122.8464,1.1111,0,1,36,1843481,A168_HF9F_20260827_0900,2026-08-27 09:00:00,185
114630674|13|8,8,114630674,13,2026-05-03,1,948,18,24,8,2699.2431,56.7167,18.9056,0.0000,33.333333,112.4685,149.9580,1.3333,17,1,153,1843482,A168_HF9F_20260827_0900,2026-08-27 09:00:00,185
114630674|14|8,8,114630674,14,2026-05-03,1,948,18,19,3,3660.7436,3660.7436,523.2406,0.0000,14.293286,192.6707,203.3746,1.0556,0,1,153,1843483,A168_HF9F_20260827_0900,2026-08-27 09:00:00,185
114630674|15|8,8,114630674,15,2026-05-03,1,948,20,24,5,2482.1162,2482.1162,1783.7292,0.0000,71.863243,103.4215,124.1058,1.2000,0,1,190,1843484,A168_HF9F_20260827_0900,2026-08-27 09:00:00,185
114630674|16|8,8,114630674,16,2026-05-03,1,948,20,22,4,2155.6933,2155.6933,-933.1323,0.0000,-43.286874,97.9861,107.7847,1.1000,0,1,190,1843485,A168_HF9F_20260827_0900,2026-08-27 09:00:00,185
114630674|17|8,8,114630674,17,2026-05-03,1,948,29,31,4,2995.7308,2995.7308,2121.7469,0.0000,70.825685,96.6365,103.3011,1.0690,0,1,406,1843486,A168_HF9F_20260827_0900,2026-08-27 09:00:00,185
114630674|18|8,8,114630674,18,2026-05-03,1,948,14,19,6,2267.5963,2267.5963,-977.2578,0.0000,-43.096639,119.3472,161.9712,1.3571,0,1,91,1843487,A168_HF9F_20260827_0900,2026-08-27 09:00:00,185
114630674|19|8,8,114630674,19,2026-05-03,1,948,20,21,3,3348.8118,3348.8118,768.5439,0.0000,22.949751,159.4672,167.4406,1.0500,0,1,190,1843488,A168_HF9F_20260827_0900,2026-08-27 09:00:00,185
114630674|2|8,8,114630674,2,2026-05-03,1,948,7,10,5,464.1257,464.1257,-280.7661,0.6722,-60.493535,46.4126,66.3037,1.4286,0,1,21,1843489,A168_HF9F_20260827_0900,2026-08-27 09:00:00,185
114630674|20|8,8,114630674,20,2026-05-03,1,948,15,17,4,2151.1611,2151.1611,-2045.0357,0.0000,-95.066599,126.5389,143.4107,1.1333,0,1,105,1843490,A168_HF9F_20260827_0900,2026-08-27 09:00:00,185
114630674|21|8,8,114630674,21,2026-05-03,1,948,19,26,7,2555.5913,2555.5913,-280.0364,0.0000,-10.957794,98.2920,134.5048,1.3684,0,1,171,1843491,A168_HF9F_20260827_0900,2026-08-27 09:00:00,185
114630674|22|8,8,114630674,22,2026-05-03,1,948,20,29,5,2697.6805,2697.6805,1946.4532,0.0168,72.152845,93.0235,134.8840,1.4500,0,1,190,1843492,A168_HF9F_20260827_0900,2026-08-27 09:00:00,185
114630674|23|8,8,114630674,23,2026-05-03,1,948,16,23,5,2749.8454,2749.8454,-450.4162,0.0000,-16.379691,119.5585,171.8653,1.4375,0,1,120,1843493,A168_HF9F_20260827_0900,2026-08-27 09:00:00,185
114630674|24|8,8,114630674,24,2026-05-03,1,948,16,19,5,2782.4749,2782.4749,-2210.0823,0.0168,-79.428651,146.4460,173.9047,1.1875,0,1,120,1843494,A168_HF9F_20260827_0900,2026-08-27 09:00:00,185
114630674|25|8,8,114630674,25,2026-05-03,1,948,19,25,7,2642.2460,2642.2460,2323.3249,0.0336,87.929924,105.6898,139.0656,1.3158,0,1,171,1843495,A168_HF9F_20260827_0900,2026-08-27 09:00:00,185
114630674|26|8,8,114630674,26,2026-05-03,1,948,15,24,7,2353.8930,2353.8930,1694.0907,0.0168,71.969745,98.0789,156.9262,1.6000,0,1,105,1843496,A168_HF9F_20260827_0900,2026-08-27 09:00:00,185
114630674|27|8,8,114630674,27,2026-05-03,1,948,12,16,5,2227.0365,2227.0365,-1832.3052,0.0168,-82.275492,139.1898,185.5864,1.3333,0,1,66,1843497,A168_HF9F_20260827_0900,2026-08-27 09:00:00,185
114630674|28|8,8,114630674,28,2026-05-03,1,948,10,12,5,1648.4054,1648.4054,-1270.8861,0.0168,-77.097908,137.3671,164.8405,1.2000,0,1,45,1843498,A168_HF9F_20260827_0900,2026-08-27 09:00:00,185
114630674|29|8,8,114630674,29,2026-05-03,1,948,16,20,6,4718.0369,4718.0369,3512.2257,0.0000,74.442521,235.9018,294.8773,1.2500,0,1,120,1843499,A168_HF9F_20260827_0900,2026-08-27 09:00:00,185
114630674|3|8,8,114630674,3,2026-05-03,1,948,5,7,4,378.5094,378.5094,277.5032,0.0000,73.314744,54.0728,75.7019,1.4000,0,1,10,1843500,A168_HF9F_20260827_0900,2026-08-27 09:00:00,185
114630674|30|8,8,114630674,30,2026-05-03,1,948,11,12,3,3629.0446,3629.0446,-3082.5527,0.0000,-84.941164,302.4204,329.9131,1.0909,0,1,55,1843501,A168_HF9F_20260827_0900,2026-08-27 09:00:00,185
114630674|31|8,8,114630674,31,2026-05-03,1,948,22,31,7,2087.8424,2087.8424,1331.7222,1.1595,63.784616,67.3498,94.9019,1.4091,0,1,231,1843502,A168_HF9F_20260827_0900,2026-08-27 09:00:00,185
114630674|32|8,8,114630674,32,2026-05-03,1,948,12,14,3,1455.4776,1455.4776,117.9188,0.0000,8.101726,103.9627,121.2898,1.1667,0,1,66,1843503,A168_HF9F_20260827_0900,2026-08-27 09:00:00,185
114630674|33|8,8,114630674,33,2026-05-03,1,948,14,20,5,1723.6611,1723.6611,-460.3895,0.0000,-26.709976,86.1831,123.1187,1.4286,0,1,91,1843504,A168_HF9F_20260827_0900,2026-08-27 09:00:00,185
114630674|34|8,8,114630674,34,2026-05-03,1,948,12,13,3,1721.4360,1721.4360,1149.8282,0.0000,66.794711,132.4182,143.4530,1.0833,0,1,66,1843505,A168_HF9F_20260827_0900,2026-08-27 09:00:00,185
114630674|35|8,8,114630674,35,2026-05-03,1,948,18,23,6,4709.9672,4709.9672,-3456.8957,0.8402,-73.395325,204.7812,261.6648,1.2778,0,1,153,1843506,A168_HF9F_20260827_0900,2026-08-27 09:00:00,185
114630674|36|8,8,114630674,36,2026-05-03,1,1704,19,24,6,1810.5864,1810.5864,1156.2201,0.8402,63.858875,75.4411,95.2940,1.2632,0,1,171,1843507,A168_HF9F_20260827_0900,2026-08-27 09:00:00,185
114630674|37|8,8,114630674,37,2026-05-03,1,1704,18,22,4,2920.6325,2920.6325,-631.0083,0.0000,-21.605194,132.7560,162.2574,1.2222,0,1,153,1843508,A168_HF9F_20260827_0900,2026-08-27 09:00:00,185
114630674|38|8,8,114630674,38,2026-05-03,1,1704,14,16,5,1043.7393,1043.7393,-172.8363,0.0000,-16.559333,65.2337,74.5528,1.1429,0,1,91,1843509,A168_HF9F_20260827_0900,2026-08-27 09:00:00,185
114630674|39|8,8,114630674,39,2026-05-03,1,1704,9,11,4,686.1960,686.1960,-155.0137,0.0000,-22.590289,62.3815,76.2440,1.2222,0,1,36,1843510,A168_HF9F_20260827_0900,2026-08-27 09:00:00,185
114630674|4|8,8,114630674,4,2026-05-03,1,948,8,11,5,544.7610,544.7610,-197.9022,0.0000,-36.328265,49.5237,68.0951,1.3750,0,1,28,1843511,A168_HF9F_20260827_0900,2026-08-27 09:00:00,185
114630674|40|8,8,114630674,40,2026-05-03,1,1704,17,20,5,2477.2243,2477.2243,1958.6095,0.0000,79.064683,123.8612,145.7191,1.1765,0,1,136,1843512,A168_HF9F_20260827_0900,2026-08-27 09:00:00,185
114630674|41|8,8,114630674,41,2026-05-03,1,1704,10,13,5,3403.2420,3403.2420,-2055.0101,0.0000,-60.383897,261.7878,340.3242,1.3000,0,1,45,1843513,A168_HF9F_20260827_0900,2026-08-27 09:00:00,185
114630674|42|8,8,114630674,42,2026-05-03,1,1704,14,18,4,6831.9273,6831.9273,836.6217,0.0000,12.245764,379.5515,487.9948,1.2857,0,1,91,1843514,A168_HF9F_20260827_0900,2026-08-27 09:00:00,185
114630674|43|8,8,114630674,43,2026-05-03,1,1704,13,16,5,4732.1744,4732.1744,-1482.1728,0.0000,-31.321178,295.7609,364.0134,1.2308,0,1,78,1843515,A168_HF9F_20260827_0900,2026-08-27 09:00:00,185
114630674|44|8,8,114630674,44,2026-05-03,1,1704,11,13,4,739.6704,739.6704,52.9456,0.0000,7.158005,56.8977,67.2428,1.1818,0,1,55,1843516,A168_HF9F_20260827_0900,2026-08-27 09:00:00,185
114630674|45|8,8,114630674,45,2026-05-03,1,1704,13,15,5,695.4745,695.4745,-295.9687,0.8402,-42.556373,46.3650,53.4980,1.1538,0,1,78,1843517,A168_HF9F_20260827_0900,2026-08-27 09:00:00,185
114630674|46|8,8,114630674,46,2026-05-03,1,1704,16,26,8,1193.2696,1185.3770,-83.8867,4.2012,-7.076791,45.8950,74.5794,1.6250,1,1,120,1843518,A168_HF9F_20260827_0900,2026-08-27 09:00:00,185
114630674|47|8,8,114630674,47,2026-05-03,1,1704,24,32,7,1352.3998,1352.3998,461.7661,2.2061,34.144198,42.2625,56.3500,1.3333,0,1,276,1843519,A168_HF9F_20260827_0900,2026-08-27 09:00:00,185
114630674|48|8,8,114630674,48,2026-05-03,1,1704,12,14,4,2234.5454,2234.5454,1987.1344,3.3610,88.927905,159.6104,186.2121,1.1667,0,1,66,1843520,A168_HF9F_20260827_0900,2026-08-27 09:00:00,185
114630674|49|8,8,114630674,49,2026-05-03,1,1704,9,12,5,3221.9588,3221.9588,3205.5739,1.6805,99.491464,268.4966,357.9954,1.3333,0,1,36,1843521,A168_HF9F_20260827_0900,2026-08-27 09:00:00,185
114630674|5|8,8,114630674,5,2026-05-03,1,948,9,10,3,2565.0344,2565.0344,-2215.5578,0.1680,-86.375364,256.5034,285.0038,1.1111,0,1,36,1843522,A168_HF9F_20260827_0900,2026-08-27 09:00:00,185
114630674|50|8,8,114630674,50,2026-05-03,1,1704,7,9,4,5850.1023,5850.1023,4693.3784,0.0000,80.227287,650.0114,835.7289,1.2857,0,1,21,1843523,A168_HF9F_20260827_0900,2026-08-27 09:00:00,185
114630674|51|8,8,114630674,51,2026-05-03,1,1704,13,17,5,720.3793,720.3793,247.1097,0.2736,34.302719,42.3753,55.4138,1.3077,0,1,78,1843524,A168_HF9F_20260827_0900,2026-08-27 09:00:00,185
114630674|52|8,8,114630674,52,2026-05-03,1,1704,12,16,5,839.2238,839.2238,-118.2746,0.0000,-14.093334,52.4515,69.9353,1.3333,0,1,66,1843525,A168_HF9F_20260827_0900,2026-08-27 09:00:00,185
114630674|53|8,8,114630674,53,2026-05-03,1,1704,9,11,4,949.3077,949.3077,865.2829,0.0000,91.148835,86.3007,105.4786,1.2222,0,1,36,1843526,A168_HF9F_20260827_0900,2026-08-27 09:00:00,185
114630674|54|8,8,114630674,54,2026-05-03,1,1704,14,15,4,6793.8373,6.7958,-31.0153,0.0000,-456.389096,452.9225,485.2741,1.0714,13,1,91,1843527,A168_HF9F_20260827_0900,2026-08-27 09:00:00,185
114630674|6|8,8,114630674,6,2026-05-03,1,948,13,13,2,2068.4805,2068.4805,-1193.3019,0.2521,-57.689782,159.1139,159.1139,1.0000,0,1,78,1843528,A168_HF9F_20260827_0900,2026-08-27 09:00:00,185
114630674|7|8,8,114630674,7,2026-05-03,1,948,18,21,5,2313.0409,2313.0409,2282.9439,0.4739,98.698811,110.1448,128.5023,1.1667,0,1,153,1843529,A168_HF9F_20260827_0900,2026-08-27 09:00:00,185
114630674|8|8,8,114630674,8,2026-05-03,1,948,10,10,2,1648.8821,1648.8821,-1313.3688,0.3306,-79.652077,164.8882,164.8882,1.0000,0,1,45,1843530,A168_HF9F_20260827_0900,2026-08-27 09:00:00,185
114630674|9|8,8,114630674,9,2026-05-03,1,948,9,9,3,360.4467,360.4467,339.1220,0.1290,94.083806,40.0496,40.0496,1.0000,0,1,36,1843531,A168_HF9F_20260827_0900,2026-08-27 09:00:00,185
114630702|1|8,8,114630702,1,2026-05-03,1,1704,3,5,4,83.6025,83.6025,66.7975,0.0000,79.898977,16.7205,27.8675,1.6667,0,1,3,1843532,A168_HF9F_20260827_0900,2026-08-27 09:00:00,185
114630702|10|8,8,114630702,10,2026-05-03,1,2127,8,20,8,505.0213,496.3745,-499.5366,0.0000,-100.637027,25.2511,63.1277,2.5000,1,1,28,1843533,A168_HF9F_20260827_0900,2026-08-27 09:00:00,185
114630702|11|8,8,114630702,11,2026-05-03,1,2127,7,12,6,525.2133,525.2133,-348.3455,0.0000,-66.324582,43.7678,75.0305,1.7143,0,1,21,1843534,A168_HF9F_20260827_0900,2026-08-27 09:00:00,185
114630702|12|8,8,114630702,12,2026-05-03,1,2127,18,21,4,2162.0717,2162.0717,-1860.7152,0.2521,-86.061680,102.9558,120.1151,1.1667,0,1,153,1843535,A168_HF9F_20260827_0900,2026-08-27 09:00:00,185
114630702|13|8,8,114630702,13,2026-05-03,1,2127,14,23,7,1036.8378,56.9085,-194.4533,0.0000,-341.694747,45.0799,74.0598,1.6429,14,1,91,1843536,A168_HF9F_20260827_0900,2026-08-27 09:00:00,185
114630702|14|8,8,114630702,14,2026-05-03,1,2127,15,17,4,1418.7194,1418.7194,938.1020,0.0000,66.123151,83.4541,94.5813,1.1333,0,1,105,1843537,A168_HF9F_20260827_0900,2026-08-27 09:00:00,185
114630702|15|8,8,114630702,15,2026-05-03,1,2127,12,17,6,1042.1359,17.2989,-58.3234,0.0000,-337.150716,61.3021,86.8447,1.4167,11,1,66,1843538,A168_HF9F_20260827_0900,2026-08-27 09:00:00,185
114630702|16|8,8,114630702,16,2026-05-03,1,2127,9,18,10,245.5747,245.5747,70.4901,0.0000,28.704138,13.6430,27.2861,2.0000,0,1,36,1843539,A168_HF9F_20260827_0900,2026-08-27 09:00:00,185
114630702|17|8,8,114630702,17,2026-05-03,1,2127,11,18,6,781.8293,781.8293,-216.0227,0.0000,-27.630420,43.4350,71.0754,1.6364,0,1,55,1843540,A168_HF9F_20260827_0900,2026-08-27 09:00:00,185
114630702|18|8,8,114630702,18,2026-05-03,1,2127,14,19,7,2792.5437,2792.5437,-829.8566,0.0000,-29.716871,146.9760,199.4674,1.3571,0,1,91,1843541,A168_HF9F_20260827_0900,2026-08-27 09:00:00,185
114630702|19|8,8,114630702,19,2026-05-03,1,2127,16,21,7,608.1826,608.1826,-529.8462,0.5672,-87.119592,28.9611,38.0114,1.3125,0,1,120,1843542,A168_HF9F_20260827_0900,2026-08-27 09:00:00,185
114630702|2|8,8,114630702,2,2026-05-03,1,1704,3,4,2,244.0396,244.0396,244.0396,0.0000,100.000000,61.0099,81.3465,1.3333,0,1,3,1843543,A168_HF9F_20260827_0900,2026-08-27 09:00:00,185
114630702|20|8,8,114630702,20,2026-05-03,1,2127,20,23,5,2190.8187,2190.8187,1717.9497,0.5672,78.415877,95.2530,109.5409,1.1500,0,1,190,1843544,A168_HF9F_20260827_0900,2026-08-27 09:00:00,185
114630702|21|8,8,114630702,21,2026-05-03,1,2127,19,25,6,2373.4001,41.3373,-117.1476,0.0000,-283.394479,94.9360,124.9158,1.3158,19,1,171,1843545,A168_HF9F_20260827_0900,2026-08-27 09:00:00,185
114630702|22|8,8,114630702,22,2026-05-03,1,2127,20,26,8,2006.5766,2006.5766,-820.8919,1.0000,-40.910070,77.1760,100.3288,1.3000,0,1,190,1843546,A168_HF9F_20260827_0900,2026-08-27 09:00:00,185
114630702|23|8,8,114630702,23,2026-05-03,1,2127,24,32,6,851.6113,851.6113,-23.6618,1.1133,-2.778479,26.6129,35.4838,1.3333,0,1,276,1843547,A168_HF9F_20260827_0900,2026-08-27 09:00:00,185
114630702|24|8,8,114630702,24,2026-05-03,1,2127,9,12,5,139.6334,139.6334,47.7121,0.0000,34.169533,11.6361,15.5148,1.3333,0,1,36,1843548,A168_HF9F_20260827_0900,2026-08-27 09:00:00,185
114630702|25|8,8,114630702,25,2026-05-03,1,2127,12,15,6,496.0668,496.0668,38.3802,0.0000,7.736896,33.0711,41.3389,1.2500,0,1,66,1843549,A168_HF9F_20260827_0900,2026-08-27 09:00:00,185
114630702|26|8,8,114630702,26,2026-05-03,1,2127,24,36,6,3578.0464,3578.0464,-1228.8217,0.9726,-34.343371,99.3902,149.0853,1.5000,0,1,276,1843550,A168_HF9F_20260827_0900,2026-08-27 09:00:00,185
114630702|27|8,8,114630702,27,2026-05-03,1,2127,25,31,6,1740.1344,1696.8799,-1029.5905,0.0000,-60.675510,56.1334,69.6054,1.2400,1,1,300,1843551,A168_HF9F_20260827_0900,2026-08-27 09:00:00,185
114630702|28|8,8,114630702,28,2026-05-03,1,2127,22,29,7,8353.5680,8353.5680,-7567.8432,0.0000,-90.594142,288.0541,379.7076,1.3182,0,1,231,1843552,A168_HF9F_20260827_0900,2026-08-27 09:00:00,185
114630702|29|8,8,114630702,29,2026-05-03,1,2127,23,31,6,1273.7688,1273.7688,260.6644,0.0000,20.464023,41.0893,55.3813,1.3478,0,1,253,1843553,A168_HF9F_20260827_0900,2026-08-27 09:00:00,185
114630702|3|8,8,114630702,3,2026-05-03,1,1704,3,3,2,651.2577,651.2577,643.0653,0.0000,98.742062,217.0859,217.0859,1.0000,0,1,3,1843554,A168_HF9F_20260827_0900,2026-08-27 09:00:00,185
114630702|30|8,8,114630702,30,2026-05-03,1,2127,22,31,7,3327.7459,3327.7459,-2105.4277,0.0000,-63.268886,107.3466,151.2612,1.4091,0,1,231,1843555,A168_HF9F_20260827_0900,2026-08-27 09:00:00,185
114630702|31|8,8,114630702,31,2026-05-03,1,2127,22,27,6,1358.6268,1358.6268,-316.0827,0.7940,-23.264863,50.3195,61.7558,1.2273,0,1,231,1843556,A168_HF9F_20260827_0900,2026-08-27 09:00:00,185
114630702|32|8,8,114630702,32,2026-05-03,1,2127,27,35,9,2272.5210,2272.5210,-1381.5161,0.7562,-60.792227,64.9292,84.1674,1.2963,0,1,351,1843557,A168_HF9F_20260827_0900,2026-08-27 09:00:00,185
114630702|33|8,8,114630702,33,2026-05-03,1,2127,31,40,8,2289.4388,2289.4388,-897.5031,0.5672,-39.201883,57.2360,73.8529,1.2903,0,1,465,1843558,A168_HF9F_20260827_0900,2026-08-27 09:00:00,185
114630702|34|8,8,114630702,34,2026-05-03,1,2127,25,33,8,2612.1357,2612.1357,-1517.8532,0.9453,-58.107748,79.1556,104.4854,1.3200,0,1,300,1843559,A168_HF9F_20260827_0900,2026-08-27 09:00:00,185
114630702|35|8,8,114630702,35,2026-05-03,1,2127,27,35,5,2519.0230,2519.0230,-988.5429,0.9453,-39.243106,71.9721,93.2971,1.2963,0,1,351,1843560,A168_HF9F_20260827_0900,2026-08-27 09:00:00,185
114630702|36|8,8,114630702,36,2026-05-03,1,2127,23,32,7,2331.3199,2331.3199,-760.9516,0.9453,-32.640378,72.8537,101.3617,1.3913,0,1,253,1843561,A168_HF9F_20260827_0900,2026-08-27 09:00:00,185
114630702|37|8,8,114630702,37,2026-05-03,1,2127,30,37,6,4193.9612,4193.9612,2802.3198,0.0000,66.817971,113.3503,139.7987,1.2333,0,1,435,1843562,A168_HF9F_20260827_0900,2026-08-27 09:00:00,185
114630702|38|8,8,114630702,38,2026-05-03,1,2127,26,36,7,4387.7969,4387.7969,-3094.7863,0.0000,-70.531669,121.8832,168.7614,1.3846,0,1,325,1843563,A168_HF9F_20260827_0900,2026-08-27 09:00:00,185
114630702|39|8,8,114630702,39,2026-05-03,1,2127,21,29,6,3258.5575,3258.5575,-1408.5226,0.0000,-43.225343,112.3641,155.1694,1.3810,0,1,210,1843564,A168_HF9F_20260827_0900,2026-08-27 09:00:00,185
114630702|4|8,8,114630702,4,2026-05-03,1,1704,1,1,1,4.2012,4.2012,-3.9912,0.0000,-95.000000,4.2012,4.2012,1.0000,0,0,0,1843565,A168_HF9F_20260827_0900,2026-08-27 09:00:00,185
114630702|40|8,8,114630702,40,2026-05-03,1,2127,21,26,6,3677.7136,3677.7136,-2533.1800,0.0000,-68.879208,141.4505,175.1292,1.2381,0,1,210,1843566,A168_HF9F_20260827_0900,2026-08-27 09:00:00,185
114630702|41|8,8,114630702,41,2026-05-03,1,2127,28,35,6,5256.7657,5256.7657,-3889.7223,0.0000,-73.994591,150.1933,187.7416,1.2500,0,1,378,1843567,A168_HF9F_20260827_0900,2026-08-27 09:00:00,185
114630702|42|8,8,114630702,42,2026-05-03,1,2127,23,34,7,3202.4460,3202.4460,2951.5611,0.0000,92.165837,94.1896,139.2368,1.4783,0,1,253,1843568,A168_HF9F_20260827_0900,2026-08-27 09:00:00,185
114630702|43|8,8,114630702,43,2026-05-03,1,948,15,18,4,3400.0973,3395.0973,3364.6162,0.0000,99.102204,188.8943,226.6732,1.2000,0,1,105,1843569,A168_HF9F_20260827_0900,2026-08-27 09:00:00,185
114630702|44|8,8,114630702,44,2026-05-03,1,948,13,14,3,1208.7820,1208.7820,-182.8831,0.0000,-15.129539,86.3416,92.9832,1.0769,0,1,78,1843570,A168_HF9F_20260827_0900,2026-08-27 09:00:00,185
114630702|45|8,8,114630702,45,2026-05-03,1,948,15,17,3,1776.7595,56.0927,-448.7415,0.0000,-800.000000,104.5153,118.4506,1.1333,15,1,105,1843571,A168_HF9F_20260827_0900,2026-08-27 09:00:00,185
114630702|46|8,8,114630702,46,2026-05-03,1,948,14,17,5,1610.6256,1610.6256,-1185.5673,0.0000,-73.609118,94.7427,115.0447,1.2143,0,1,91,1843572,A168_HF9F_20260827_0900,2026-08-27 09:00:00,185
114630702|47|8,8,114630702,47,2026-05-03,1,948,14,15,3,2216.7142,2216.7142,23.2990,0.0000,1.051058,147.7809,158.3367,1.0714,0,1,91,1843573,A168_HF9F_20260827_0900,2026-08-27 09:00:00,185
114630702|48|8,8,114630702,48,2026-05-03,1,948,15,21,4,1836.5240,1799.6811,1580.9882,0.0000,87.848241,87.4535,122.4349,1.4000,1,1,105,1843574,A168_HF9F_20260827_0900,2026-08-27 09:00:00,185
114630702|49|8,8,114630702,49,2026-05-03,1,948,8,9,3,1058.2307,4.2012,-33.6099,0.0000,-800.000000,117.5812,132.2788,1.1250,8,1,28,1843575,A168_HF9F_20260827_0900,2026-08-27 09:00:00,185
114630702|5|8,8,114630702,5,2026-05-03,1,1704,6,7,3,653.9622,653.9622,427.0953,0.0000,65.308865,93.4232,108.9937,1.1667,0,1,15,1843576,A168_HF9F_20260827_0900,2026-08-27 09:00:00,185
114630702|6|8,8,114630702,6,2026-05-03,1,1704,6,9,5,1698.7306,1698.7306,-1572.4854,0.0000,-92.568261,188.7478,283.1218,1.5000,0,1,15,1843577,A168_HF9F_20260827_0900,2026-08-27 09:00:00,185
114630702|7|8,8,114630702,7,2026-05-03,1,1704,3,4,2,56.7167,56.7167,-45.6885,0.0000,-80.555556,14.1792,18.9056,1.3333,0,1,3,1843578,A168_HF9F_20260827_0900,2026-08-27 09:00:00,185
114630702|8|8,8,114630702,8,2026-05-03,1,1704,3,3,2,54.6161,54.6161,-29.4087,0.0000,-53.846154,18.2054,18.2054,1.0000,0,1,3,1843579,A168_HF9F_20260827_0900,2026-08-27 09:00:00,185
114630702|9|8,8,114630702,9,2026-05-03,1,1704,5,9,4,315.4574,58.2693,-271.5095,0.0000,-465.956131,35.0508,63.0915,1.8000,5,1,10,1843580,A168_HF9F_20260827_0900,2026-08-27 09:00:00,185
114630725|1|8,8,114630725,1,2026-05-03,1,948,1,1,1,105.0310,105.0310,-99.7794,0.0000,-95.000000,105.0310,105.0310,1.0000,0,0,0,1843581,A168_HF9F_20260827_0900,2026-08-27 09:00:00,185
114630725|10|8,8,114630725,10,2026-05-03,1,948,10,15,6,1078.6137,1078.6137,718.9149,0.0000,66.651749,71.9076,107.8614,1.5000,0,1,45,1843582,A168_HF9F_20260827_0900,2026-08-27 09:00:00,185
114630725|11|8,8,114630725,11,2026-05-03,1,948,10,14,5,810.8063,810.8063,748.5563,0.5788,92.322451,57.9147,81.0806,1.4000,0,1,45,1843583,A168_HF9F_20260827_0900,2026-08-27 09:00:00,185
114630725|12|8,8,114630725,12,2026-05-03,1,948,10,12,4,1264.7267,1264.7267,-426.6752,0.0000,-33.736554,105.3939,126.4727,1.2000,0,1,45,1843584,A168_HF9F_20260827_0900,2026-08-27 09:00:00,185
114630725|13|8,8,114630725,13,2026-05-03,1,948,17,29,8,3012.6097,3012.6097,-2314.6660,0.0000,-76.832588,103.8831,177.2123,1.7059,0,1,136,1843585,A168_HF9F_20260827_0900,2026-08-27 09:00:00,185
114630725|14|8,8,114630725,14,2026-05-03,1,948,27,44,8,3496.7162,3483.6226,-3382.9131,0.0000,-97.109058,79.4708,129.5080,1.6296,0,1,351,1843586,A168_HF9F_20260827_0900,2026-08-27 09:00:00,185
114630725|15|8,8,114630725,15,2026-05-03,1,948,29,49,8,4348.6141,4348.6141,3388.3824,0.0000,77.918672,88.7472,149.9522,1.6897,0,1,406,1843587,A168_HF9F_20260827_0900,2026-08-27 09:00:00,185
114630725|16|8,8,114630725,16,2026-05-03,1,948,20,39,9,2048.5812,2048.5812,1012.7838,0.0000,49.438305,52.5277,102.4291,1.9500,0,1,190,1843588,A168_HF9F_20260827_0900,2026-08-27 09:00:00,185
114630725|17|8,8,114630725,17,2026-05-03,1,948,26,50,9,3401.5308,3396.3417,-1984.9968,0.0000,-58.445143,68.0306,130.8281,1.9231,1,1,325,1843589,A168_HF9F_20260827_0900,2026-08-27 09:00:00,185
114630725|18|8,8,114630725,18,2026-05-03,1,948,24,46,9,3021.7090,3021.7090,-1022.5339,0.0000,-33.839590,65.6893,125.9045,1.9167,0,1,276,1843590,A168_HF9F_20260827_0900,2026-08-27 09:00:00,185
114630725|19|8,8,114630725,19,2026-05-03,1,948,31,49,8,3743.3619,3743.3619,2144.8331,0.0000,57.296974,76.3951,120.7536,1.5806,0,1,465,1843591,A168_HF9F_20260827_0900,2026-08-27 09:00:00,185
114630725|2|8,8,114630725,2,2026-05-03,1,948,1,1,1,103.7829,103.7829,-98.5937,0.0000,-95.000000,103.7829,103.7829,1.0000,0,0,0,1843592,A168_HF9F_20260827_0900,2026-08-27 09:00:00,185
114630725|20|8,8,114630725,20,2026-05-03,1,948,20,33,8,1281.4593,1281.4593,722.4862,0.0000,56.379960,38.8321,64.0730,1.6500,0,1,190,1843593,A168_HF9F_20260827_0900,2026-08-27 09:00:00,185
114630725|21|8,8,114630725,21,2026-05-03,1,948,19,20,3,2856.5151,2856.5151,617.8116,0.1891,21.628158,142.8258,150.3429,1.0526,0,1,171,1843594,A168_HF9F_20260827_0900,2026-08-27 09:00:00,185
114630725|22|8,8,114630725,22,2026-05-03,1,948,14,15,3,863.6998,859.3353,-108.8650,0.0000,-12.668516,57.5800,61.6928,1.0714,0,1,91,1843595,A168_HF9F_20260827_0900,2026-08-27 09:00:00,185
114630725|23|8,8,114630725,23,2026-05-03,1,948,23,27,4,3317.9252,3317.9252,-2619.8963,0.5672,-78.961886,122.8861,144.2576,1.1739,0,1,253,1843596,A168_HF9F_20260827_0900,2026-08-27 09:00:00,185
114630725|24|8,8,114630725,24,2026-05-03,1,948,15,21,4,2717.9363,2631.4274,-1385.3332,0.5672,-52.645694,129.4255,181.1958,1.4000,1,1,105,1843597,A168_HF9F_20260827_0900,2026-08-27 09:00:00,185
114630725|25|8,8,114630725,25,2026-05-03,1,948,18,23,5,2228.4069,2228.4069,-1957.9035,0.0000,-87.861127,96.8873,123.8004,1.2778,0,1,153,1843598,A168_HF9F_20260827_0900,2026-08-27 09:00:00,185
114630725|26|8,8,114630725,26,2026-05-03,1,948,25,33,6,2087.6293,2087.6293,335.6653,0.0000,16.078779,63.2615,83.5052,1.3200,0,1,300,1843599,A168_HF9F_20260827_0900,2026-08-27 09:00:00,185
114630725|27|8,8,114630725,27,2026-05-03,1,1704,10,15,7,1614.7030,1614.7030,-121.4328,0.0000,-7.520441,107.6469,161.4703,1.5000,0,1,45,1843600,A168_HF9F_20260827_0900,2026-08-27 09:00:00,185
114630725|28|8,8,114630725,28,2026-05-03,1,1704,9,12,5,522.4700,522.4700,-25.0266,0.0000,-4.790064,43.5392,58.0522,1.3333,0,1,36,1843601,A168_HF9F_20260827_0900,2026-08-27 09:00:00,185
114630725|29|8,8,114630725,29,2026-05-03,1,1704,10,17,8,259.7841,259.7841,-41.1597,0.0000,-15.843828,15.2814,25.9784,1.7000,0,1,45,1843602,A168_HF9F_20260827_0900,2026-08-27 09:00:00,185
114630725|3|8,8,114630725,3,2026-05-03,1,948,6,9,5,355.4718,355.4718,-136.7374,0.0000,-38.466459,39.4969,59.2453,1.5000,0,1,15,1843603,A168_HF9F_20260827_0900,2026-08-27 09:00:00,185
114630725|30|8,8,114630725,30,2026-05-03,1,1704,7,13,7,378.5307,378.5307,378.5307,0.0000,100.000000,29.1177,54.0758,1.8571,0,1,21,1843604,A168_HF9F_20260827_0900,2026-08-27 09:00:00,185
114630725|31|8,8,114630725,31,2026-05-03,1,1704,5,10,8,245.6576,245.6576,-27.3424,0.0000,-11.130268,24.5658,49.1315,2.0000,0,1,10,1843605,A168_HF9F_20260827_0900,2026-08-27 09:00:00,185
114630725|32|8,8,114630725,32,2026-05-03,1,1704,8,15,8,541.7503,541.7503,-416.6487,0.0336,-76.907876,36.1167,67.7188,1.8750,0,1,28,1843606,A168_HF9F_20260827_0900,2026-08-27 09:00:00,185
114630725|33|8,8,114630725,33,2026-05-03,1,1704,8,11,5,373.1877,373.1877,291.4249,0.0168,78.090711,33.9262,46.6485,1.3750,0,1,28,1843607,A168_HF9F_20260827_0900,2026-08-27 09:00:00,185
114630725|34|8,8,114630725,34,2026-05-03,1,1704,16,18,3,2147.5657,2147.5657,1065.9498,0.0168,49.635256,119.3092,134.2229,1.1250,0,1,120,1843608,A168_HF9F_20260827_0900,2026-08-27 09:00:00,185
114630725|35|8,8,114630725,35,2026-05-03,1,1704,6,7,3,159.5223,159.5223,-12.2751,0.0168,-7.694904,22.7889,26.5870,1.1667,0,1,15,1843609,A168_HF9F_20260827_0900,2026-08-27 09:00:00,185
114630725|36|8,8,114630725,36,2026-05-03,1,1704,12,13,3,2745.1149,2745.1149,-2702.3642,0.0168,-98.442663,211.1627,228.7596,1.0833,0,1,66,1843610,A168_HF9F_20260827_0900,2026-08-27 09:00:00,185
114630725|37|8,8,114630725,37,2026-05-03,1,1704,10,11,3,571.0423,571.0423,-253.4182,0.0504,-44.378178,51.9129,57.1042,1.1000,0,1,45,1843611,A168_HF9F_20260827_0900,2026-08-27 09:00:00,185
114630725|38|8,8,114630725,38,2026-05-03,1,1704,18,23,6,2431.6110,2431.6110,1359.5363,0.6050,55.910927,105.7222,135.0895,1.2778,0,1,153,1843612,A168_HF9F_20260827_0900,2026-08-27 09:00:00,185
114630725|39|8,8,114630725,39,2026-05-03,1,1704,17,23,6,2273.5266,27.3081,-123.9366,0.0000,-453.846154,98.8490,133.7369,1.3529,17,1,136,1843613,A168_HF9F_20260827_0900,2026-08-27 09:00:00,185
114630725|4|8,8,114630725,4,2026-05-03,1,948,9,13,5,1050.1062,51.7812,-219.6041,0.0000,-424.100489,80.7774,116.6785,1.4444,9,1,36,1843614,A168_HF9F_20260827_0900,2026-08-27 09:00:00,185
114630725|40|8,8,114630725,40,2026-05-03,1,1704,22,26,5,2384.9759,2384.9759,1693.0340,0.2017,70.987467,91.7298,108.4080,1.1818,0,1,231,1843615,A168_HF9F_20260827_0900,2026-08-27 09:00:00,185
114630725|41|8,8,114630725,41,2026-05-03,1,1704,13,17,4,726.3180,726.3180,327.6788,0.0000,45.115064,42.7246,55.8706,1.3077,0,1,78,1843616,A168_HF9F_20260827_0900,2026-08-27 09:00:00,185
114630725|42|8,8,114630725,42,2026-05-03,1,1704,11,12,3,538.8693,538.8693,-83.6589,0.5041,-15.524894,44.9058,48.9881,1.0909,0,1,55,1843617,A168_HF9F_20260827_0900,2026-08-27 09:00:00,185
114630725|43|8,8,114630725,43,2026-05-03,1,1704,8,9,3,1365.8655,1365.8655,839.6613,0.0000,61.474669,151.7628,170.7332,1.1250,0,1,28,1843618,A168_HF9F_20260827_0900,2026-08-27 09:00:00,185
114630725|44|8,8,114630725,44,2026-05-03,1,1704,7,9,3,495.3462,495.3462,122.4323,0.0000,24.716509,55.0385,70.7637,1.2857,0,1,21,1843619,A168_HF9F_20260827_0900,2026-08-27 09:00:00,185
114630725|45|8,8,114630725,45,2026-05-03,1,1704,6,8,3,311.4742,311.4742,161.6215,0.0000,51.889206,38.9343,51.9124,1.3333,0,1,15,1843620,A168_HF9F_20260827_0900,2026-08-27 09:00:00,185
114630725|46|8,8,114630725,46,2026-05-03,1,1704,13,16,5,1231.1585,52.0124,-37.9876,0.0000,-73.035682,76.9474,94.7045,1.2308,13,1,78,1843621,A168_HF9F_20260827_0900,2026-08-27 09:00:00,185
114630725|47|8,8,114630725,47,2026-05-03,1,1704,10,10,2,247.3547,247.3547,1.4680,0.0000,0.593469,24.7355,24.7355,1.0000,0,1,45,1843622,A168_HF9F_20260827_0900,2026-08-27 09:00:00,185
114630725|48|8,8,114630725,48,2026-05-03,1,1704,9,11,4,239.2934,239.2934,-73.3733,0.0000,-30.662485,21.7539,26.5882,1.2222,0,1,36,1843623,A168_HF9F_20260827_0900,2026-08-27 09:00:00,185
114630725|49|8,8,114630725,49,2026-05-03,1,1704,10,13,5,335.1319,335.1319,-85.8033,0.0000,-25.602856,25.7794,33.5132,1.3000,0,1,45,1843624,A168_HF9F_20260827_0900,2026-08-27 09:00:00,185
114630725|5|8,8,114630725,5,2026-05-03,1,948,8,13,6,776.4587,776.4587,-225.3723,0.0000,-29.025666,59.7276,97.0573,1.6250,0,1,28,1843625,A168_HF9F_20260827_0900,2026-08-27 09:00:00,185
114630725|50|8,8,114630725,50,2026-05-03,1,1704,20,24,5,5181.7646,141.3140,-1037.1077,0.0000,-733.902820,215.9069,259.0882,1.2000,21,1,190,1843626,A168_HF9F_20260827_0900,2026-08-27 09:00:00,185
114630725|51|8,8,114630725,51,2026-05-03,1,1704,22,28,4,7944.6125,7923.6380,-402.0985,27.7954,-5.074671,283.7362,361.1187,1.2727,3,1,231,1843627,A168_HF9F_20260827_0900,2026-08-27 09:00:00,185
114630725|6|8,8,114630725,6,2026-05-03,1,948,20,28,6,2778.3327,105.7019,-194.2065,0.0000,-183.730372,99.2262,138.9166,1.4000,20,1,190,1843628,A168_HF9F_20260827_0900,2026-08-27 09:00:00,185
114630725|7|8,8,114630725,7,2026-05-03,1,948,19,28,8,5000.0958,5000.0958,-658.1775,16.8050,-13.163298,178.5748,263.1629,1.4737,0,1,171,1843629,A168_HF9F_20260827_0900,2026-08-27 09:00:00,185
114630725|8|8,8,114630725,8,2026-05-03,1,948,21,31,8,7131.1444,7109.5171,3391.9098,12.5231,47.709426,230.0369,339.5783,1.4762,1,1,210,1843630,A168_HF9F_20260827_0900,2026-08-27 09:00:00,185
114630725|9|8,8,114630725,9,2026-05-03,1,948,23,27,5,2281.2371,2281.2371,1581.0007,0.0000,69.304531,84.4903,99.1842,1.1739,0,1,253,1843631,A168_HF9F_20260827_0900,2026-08-27 09:00:00,185
114630754|1|8,8,114630754,1,2026-05-03,1,1704,1,1,1,98.6582,98.6582,-98.6582,0.0000,-100.000000,98.6582,98.6582,1.0000,0,0,0,1843632,A168_HF9F_20260827_0900,2026-08-27 09:00:00,185
114630754|10|8,8,114630754,10,2026-05-03,1,2127,6,9,5,976.7129,976.7129,-527.4616,0.0000,-54.003748,108.5237,162.7855,1.5000,0,1,15,1843633,A168_HF9F_20260827_0900,2026-08-27 09:00:00,185
114630754|11|8,8,114630754,11,2026-05-03,1,2127,5,6,3,90.7892,90.7892,-44.5756,0.0000,-49.097900,15.1315,18.1578,1.2000,0,1,10,1843634,A168_HF9F_20260827_0900,2026-08-27 09:00:00,185
114630754|12|8,8,114630754,12,2026-05-03,1,2127,5,7,3,377.8989,377.8989,377.8989,0.0000,100.000000,53.9856,75.5798,1.4000,0,1,10,1843635,A168_HF9F_20260827_0900,2026-08-27 09:00:00,185
114630754|13|8,8,114630754,13,2026-05-03,1,2127,10,13,5,2692.5160,10.5031,-27.3081,0.0000,-260.000000,207.1166,269.2516,1.3000,10,1,45,1843636,A168_HF9F_20260827_0900,2026-08-27 09:00:00,185
114630754|14|8,8,114630754,14,2026-05-03,1,2127,9,11,4,2546.1384,2546.1384,119.7926,0.0000,4.704875,231.4671,282.9043,1.2222,0,1,36,1843637,A168_HF9F_20260827_0900,2026-08-27 09:00:00,185
114630754|15|8,8,114630754,15,2026-05-03,1,2127,4,5,3,1427.4528,4.2012,-33.6099,0.0000,-800.000000,285.4906,356.8632,1.2500,4,1,6,1843638,A168_HF9F_20260827_0900,2026-08-27 09:00:00,185
114630754|16|8,8,114630754,16,2026-05-03,1,2127,3,4,3,1318.2914,1318.2914,1301.4865,0.0000,98.725247,329.5729,439.4305,1.3333,0,1,3,1843639,A168_HF9F_20260827_0900,2026-08-27 09:00:00,185
114630754|17|8,8,114630754,17,2026-05-03,1,2127,4,6,4,1356.8409,1356.8409,-1292.3457,0.0000,-95.246667,226.1401,339.2102,1.5000,0,1,6,1843640,A168_HF9F_20260827_0900,2026-08-27 09:00:00,185
114630754|18|8,8,114630754,18,2026-05-03,1,2127,6,8,5,1335.6524,1335.6524,1306.2438,0.0000,97.798179,166.9566,222.6087,1.3333,0,1,15,1843641,A168_HF9F_20260827_0900,2026-08-27 09:00:00,185
114630754|19|8,8,114630754,19,2026-05-03,1,2127,10,12,4,2661.4090,2661.4090,2207.3554,0.0000,82.939352,221.7841,266.1409,1.2000,0,1,45,1843642,A168_HF9F_20260827_0900,2026-08-27 09:00:00,185
114630754|2|8,8,114630754,2,2026-05-03,1,1704,3,3,2,131.2514,0.0000,0.0000,0.0000,,43.7505,43.7505,1.0000,3,1,3,1843643,A168_HF9F_20260827_0900,2026-08-27 09:00:00,185
114630754|20|8,8,114630754,20,2026-05-03,1,2127,5,5,2,1373.1219,1373.1219,-1267.6622,0.0000,-92.319707,274.6244,274.6244,1.0000,0,1,10,1843644,A168_HF9F_20260827_0900,2026-08-27 09:00:00,185
114630754|21|8,8,114630754,21,2026-05-03,1,2127,4,5,3,1321.1908,1321.1908,-1287.5809,0.0000,-97.456089,264.2382,330.2977,1.2500,0,1,6,1843645,A168_HF9F_20260827_0900,2026-08-27 09:00:00,185
114630754|22|8,8,114630754,22,2026-05-03,1,2127,7,8,2,1381.1376,1381.1376,-1376.9363,0.0000,-99.695813,172.6422,197.3054,1.1429,0,1,21,1843646,A168_HF9F_20260827_0900,2026-08-27 09:00:00,185
114630754|23|8,8,114630754,23,2026-05-03,1,2127,8,12,5,474.9201,474.9201,402.4046,0.0000,84.731011,39.5767,59.3650,1.5000,0,1,28,1843647,A168_HF9F_20260827_0900,2026-08-27 09:00:00,185
114630754|24|8,8,114630754,24,2026-05-03,1,2127,11,15,6,1686.3038,14.3904,-23.4208,0.0000,-162.752927,112.4203,153.3003,1.3636,11,1,55,1843648,A168_HF9F_20260827_0900,2026-08-27 09:00:00,185
114630754|25|8,8,114630754,25,2026-05-03,1,2127,12,14,4,4745.3451,9.2012,-28.6099,0.0000,-310.935449,338.9532,395.4454,1.1667,12,1,66,1843649,A168_HF9F_20260827_0900,2026-08-27 09:00:00,185
114630754|26|8,8,114630754,26,2026-05-03,1,2127,14,21,7,5791.7652,5791.7652,-2469.1527,0.0000,-42.632127,275.7983,413.6975,1.5000,0,1,91,1843650,A168_HF9F_20260827_0900,2026-08-27 09:00:00,185
114630754|27|8,8,114630754,27,2026-05-03,1,2127,14,18,5,3234.9113,3234.9113,-2949.9594,0.0000,-91.191353,179.7173,231.0651,1.2857,0,1,91,1843651,A168_HF9F_20260827_0900,2026-08-27 09:00:00,185
114630754|28|8,8,114630754,28,2026-05-03,1,2127,22,29,6,3748.7602,3748.7602,3060.3269,0.0000,81.635708,129.2676,170.3982,1.3182,0,1,231,1843652,A168_HF9F_20260827_0900,2026-08-27 09:00:00,185
114630754|29|8,8,114630754,29,2026-05-03,1,2127,12,20,7,3552.2144,3517.7614,-3518.7035,0.0000,-100.026781,177.6107,296.0179,1.6667,1,1,66,1843653,A168_HF9F_20260827_0900,2026-08-27 09:00:00,185
114630754|3|8,8,114630754,3,2026-05-03,1,1704,6,6,2,293.5174,293.5174,-117.6781,0.0000,-40.092356,48.9196,48.9196,1.0000,0,1,15,1843654,A168_HF9F_20260827_0900,2026-08-27 09:00:00,185
114630754|30|8,8,114630754,30,2026-05-03,1,2127,11,19,7,3161.9806,3161.9806,-2980.8616,0.0000,-94.271976,166.4200,287.4528,1.7273,0,1,55,1843655,A168_HF9F_20260827_0900,2026-08-27 09:00:00,185
114630754|31|8,8,114630754,31,2026-05-03,1,2127,13,19,7,477.7416,477.7416,235.4915,0.0000,49.292661,25.1443,36.7494,1.4615,0,1,78,1843656,A168_HF9F_20260827_0900,2026-08-27 09:00:00,185
114630754|32|8,8,114630754,32,2026-05-03,1,2127,11,17,6,201.2537,23.1068,-52.5155,0.0000,-227.272727,11.8385,18.2958,1.5455,11,1,55,1843657,A168_HF9F_20260827_0900,2026-08-27 09:00:00,185
114630754|33|8,8,114630754,33,2026-05-03,1,2127,8,14,7,239.8011,239.8011,155.7763,0.0000,64.960630,17.1286,29.9751,1.7500,0,1,28,1843658,A168_HF9F_20260827_0900,2026-08-27 09:00:00,185
114630754|34|8,8,114630754,34,2026-05-03,1,2127,12,18,7,597.1828,597.1828,-340.2596,0.0000,-56.977453,33.1768,49.7652,1.5000,0,1,66,1843659,A168_HF9F_20260827_0900,2026-08-27 09:00:00,185
114630754|35|8,8,114630754,35,2026-05-03,1,2127,8,15,6,449.7759,449.7759,400.6214,0.0000,89.071335,29.9851,56.2220,1.8750,0,1,28,1843660,A168_HF9F_20260827_0900,2026-08-27 09:00:00,185
114630754|36|8,8,114630754,36,2026-05-03,1,2127,8,12,5,255.1962,255.1962,-55.2033,0.0000,-21.631715,21.2664,31.8995,1.5000,0,1,28,1843661,A168_HF9F_20260827_0900,2026-08-27 09:00:00,185
114630754|37|8,8,114630754,37,2026-05-03,1,2127,9,14,6,187.0103,187.0103,9.8200,0.0000,5.251047,13.3579,20.7789,1.5556,0,1,36,1843662,A168_HF9F_20260827_0900,2026-08-27 09:00:00,185
114630754|38|8,8,114630754,38,2026-05-03,1,948,7,13,6,257.6496,25.5801,-103.0655,0.0000,-402.913377,19.8192,36.8071,1.8571,7,1,21,1843663,A168_HF9F_20260827_0900,2026-08-27 09:00:00,185
114630754|39|8,8,114630754,39,2026-05-03,1,948,9,17,8,295.1226,295.1226,-104.3512,0.0000,-35.358600,17.3602,32.7914,1.8889,0,1,36,1843664,A168_HF9F_20260827_0900,2026-08-27 09:00:00,185
114630754|4|8,8,114630754,4,2026-05-03,1,1704,8,15,8,1535.2117,1535.2117,-799.6271,0.0000,-52.085790,102.3474,191.9015,1.8750,0,1,28,1843665,A168_HF9F_20260827_0900,2026-08-27 09:00:00,185
114630754|40|8,8,114630754,40,2026-05-03,1,948,11,15,5,723.1998,723.1998,6.3948,0.0000,0.884239,48.2133,65.7454,1.3636,0,1,55,1843666,A168_HF9F_20260827_0900,2026-08-27 09:00:00,185
114630754|41|8,8,114630754,41,2026-05-03,1,948,12,19,8,795.7678,795.7678,-732.5470,0.0000,-92.055365,41.8825,66.3140,1.5833,0,1,66,1843667,A168_HF9F_20260827_0900,2026-08-27 09:00:00,185
114630754|42|8,8,114630754,42,2026-05-03,1,948,17,25,7,2442.6244,2433.5539,1834.9686,0.0178,75.402832,97.7050,143.6838,1.4706,0,1,136,1843668,A168_HF9F_20260827_0900,2026-08-27 09:00:00,185
114630754|43|8,8,114630754,43,2026-05-03,1,948,15,21,6,2041.4855,2041.4855,-1354.2690,0.3044,-66.337431,97.2136,136.0990,1.4000,0,1,105,1843669,A168_HF9F_20260827_0900,2026-08-27 09:00:00,185
114630754|44|8,8,114630754,44,2026-05-03,1,948,19,28,7,2629.5024,2629.5024,-967.9977,0.0000,-36.812960,93.9108,138.3949,1.4737,0,1,171,1843670,A168_HF9F_20260827_0900,2026-08-27 09:00:00,185
114630754|45|8,8,114630754,45,2026-05-03,1,948,18,29,8,3094.5297,3094.5297,2572.7664,0.0000,83.139173,106.7079,171.9183,1.6111,0,1,153,1843671,A168_HF9F_20260827_0900,2026-08-27 09:00:00,185
114630754|46|8,8,114630754,46,2026-05-03,1,948,16,25,7,738.6589,738.6589,80.3858,0.0000,10.882672,29.5464,46.1662,1.5625,0,1,120,1843672,A168_HF9F_20260827_0900,2026-08-27 09:00:00,185
114630754|47|8,8,114630754,47,2026-05-03,1,948,12,25,7,383.3936,383.3936,75.4611,0.0000,19.682402,15.3357,31.9495,2.0833,0,1,66,1843673,A168_HF9F_20260827_0900,2026-08-27 09:00:00,185
114630754|48|8,8,114630754,48,2026-05-03,1,948,12,22,6,664.4345,664.4345,-202.7843,0.0000,-30.519837,30.2016,55.3695,1.8333,0,1,66,1843674,A168_HF9F_20260827_0900,2026-08-27 09:00:00,185
114630754|49|8,8,114630754,49,2026-05-03,1,948,11,16,7,167.2061,13.6658,4.6658,0.0000,34.142270,10.4504,15.2006,1.4545,10,1,55,1843675,A168_HF9F_20260827_0900,2026-08-27 09:00:00,185
114630754|50|8,8,114630754,50,2026-05-03,1,948,11,20,6,544.8278,544.8278,292.7534,0.0000,53.733205,27.2414,49.5298,1.8182,0,1,55,1843676,A168_HF9F_20260827_0900,2026-08-27 09:00:00,185
114630754|6|8,8,114630754,6,2026-05-03,1,2127,7,7,2,1492.0966,1492.0966,202.8457,0.0000,13.594676,213.1567,213.1567,1.0000,0,1,21,1843677,A168_HF9F_20260827_0900,2026-08-27 09:00:00,185
114630754|7|8,8,114630754,7,2026-05-03,1,2127,4,4,1,1040.1589,1040.1589,1040.1589,0.0000,100.000000,260.0397,260.0397,1.0000,0,1,6,1843678,A168_HF9F_20260827_0900,2026-08-27 09:00:00,185
114630754|8|8,8,114630754,8,2026-05-03,1,2127,4,5,2,1064.1604,1062.0598,-967.9422,0.0000,-91.138203,212.8321,266.0401,1.2500,1,1,6,1843679,A168_HF9F_20260827_0900,2026-08-27 09:00:00,185
114630754|9|8,8,114630754,9,2026-05-03,1,2127,6,6,2,632.5891,632.5891,381.7572,0.0000,60.348364,105.4315,105.4315,1.0000,0,1,15,1843680,A168_HF9F_20260827_0900,2026-08-27 09:00:00,185
114630782|1|8,8,114630782,1,2026-05-03,1,948,1,1,1,10.0000,0.0000,0.0000,0.0000,,10.0000,10.0000,1.0000,1,0,0,1843681,A168_HF9F_20260827_0900,2026-08-27 09:00:00,185
114630782|10|8,8,114630782,10,2026-05-03,1,948,7,7,2,618.2704,0.0000,0.0000,0.0000,,88.3243,88.3243,1.0000,7,1,21,1843682,A168_HF9F_20260827_0900,2026-08-27 09:00:00,185
114630782|11|8,8,114630782,11,2026-05-03,1,948,5,5,2,368.8301,368.8301,-132.8224,0.3781,-36.011816,73.7660,73.7660,1.0000,0,1,10,1843683,A168_HF9F_20260827_0900,2026-08-27 09:00:00,185
114630782|12|8,8,114630782,12,2026-05-03,1,948,8,9,3,729.5520,729.5520,238.0070,1.8906,32.623716,81.0613,91.1940,1.1250,0,1,28,1843684,A168_HF9F_20260827_0900,2026-08-27 09:00:00,185
114630782|13|8,8,114630782,13,2026-05-03,1,948,4,4,2,362.1053,362.1053,-68.0186,1.8906,-18.784199,90.5263,90.5263,1.0000,0,1,6,1843685,A168_HF9F_20260827_0900,2026-08-27 09:00:00,185
114630782|14|8,8,114630782,14,2026-05-03,1,948,6,6,2,981.6898,981.6898,-51.9019,1.8906,-5.286997,163.6150,163.6150,1.0000,0,1,15,1843686,A168_HF9F_20260827_0900,2026-08-27 09:00:00,185
114630782|15|8,8,114630782,15,2026-05-03,1,948,10,10,2,634.9644,634.9644,40.2595,1.8906,6.340430,63.4964,63.4964,1.0000,0,1,45,1843687,A168_HF9F_20260827_0900,2026-08-27 09:00:00,185
114630782|16|8,8,114630782,16,2026-05-03,1,948,8,8,2,1914.0225,1914.0225,-1114.8731,1.8906,-58.247650,239.2528,239.2528,1.0000,0,1,28,1843688,A168_HF9F_20260827_0900,2026-08-27 09:00:00,185
114630782|17|8,8,114630782,17,2026-05-03,1,948,16,16,2,2911.2948,2911.2948,2322.7402,2.2687,79.783750,181.9559,181.9559,1.0000,0,1,120,1843689,A168_HF9F_20260827_0900,2026-08-27 09:00:00,185
114630782|18|8,8,114630782,18,2026-05-03,1,948,9,10,3,762.5283,762.5283,-29.3724,0.9453,-3.851974,76.2528,84.7254,1.1111,0,1,36,1843690,A168_HF9F_20260827_0900,2026-08-27 09:00:00,185
114630782|19|8,8,114630782,19,2026-05-03,1,948,8,9,3,471.0870,471.0870,111.7826,1.8906,23.728649,52.3430,58.8859,1.1250,0,1,28,1843691,A168_HF9F_20260827_0900,2026-08-27 09:00:00,185
114630782|2|8,8,114630782,2,2026-05-03,1,948,2,2,1,10.1891,10.1891,-10.1891,0.0000,-100.000000,5.0946,5.0946,1.0000,0,1,1,1843692,A168_HF9F_20260827_0900,2026-08-27 09:00:00,185
114630782|20|8,8,114630782,20,2026-05-03,1,1704,10,16,8,785.9566,785.9566,321.2331,1.8906,40.871612,49.1223,78.5957,1.6000,0,1,45,1843693,A168_HF9F_20260827_0900,2026-08-27 09:00:00,185
114630782|21|8,8,114630782,21,2026-05-03,1,1704,7,8,3,311.6842,2.1006,2.1006,0.0000,100.000000,38.9605,44.5263,1.1429,7,1,21,1843694,A168_HF9F_20260827_0900,2026-08-27 09:00:00,185
114630782|22|8,8,114630782,22,2026-05-03,1,1704,5,6,3,174.8489,174.8489,-166.4464,0.9453,-95.194434,29.1415,34.9698,1.2000,0,1,10,1843695,A168_HF9F_20260827_0900,2026-08-27 09:00:00,185
114630782|23|8,8,114630782,23,2026-05-03,1,1704,9,12,4,579.6637,579.6637,-451.1213,1.8906,-77.824657,48.3053,64.4071,1.3333,0,1,36,1843696,A168_HF9F_20260827_0900,2026-08-27 09:00:00,185
114630782|24|8,8,114630782,24,2026-05-03,1,1704,9,11,4,298.2328,298.2328,105.1345,0.0000,35.252483,27.1121,33.1370,1.2222,0,1,36,1843697,A168_HF9F_20260827_0900,2026-08-27 09:00:00,185
114630782|25|8,8,114630782,25,2026-05-03,1,1704,6,6,2,276.0217,276.0217,-230.5323,0.9453,-83.519632,46.0036,46.0036,1.0000,0,1,15,1843698,A168_HF9F_20260827_0900,2026-08-27 09:00:00,185
114630782|26|8,8,114630782,26,2026-05-03,1,1704,11,13,3,1121.5243,1121.5243,1018.1652,0.9453,90.784046,86.2711,101.9568,1.1818,0,1,55,1843699,A168_HF9F_20260827_0900,2026-08-27 09:00:00,185
114630782|27|8,8,114630782,27,2026-05-03,1,1704,7,8,3,335.8139,335.8139,268.0370,0.9453,79.817101,41.9767,47.9734,1.1429,0,1,21,1843700,A168_HF9F_20260827_0900,2026-08-27 09:00:00,185
114630782|28|8,8,114630782,28,2026-05-03,1,1704,5,5,2,155.5941,0.0000,0.0000,0.0000,,31.1188,31.1188,1.0000,5,1,10,1843701,A168_HF9F_20260827_0900,2026-08-27 09:00:00,185
114630782|29|8,8,114630782,29,2026-05-03,1,1704,4,5,3,298.0206,298.0206,-164.2182,1.8906,-55.102952,59.6041,74.5052,1.2500,0,1,6,1843702,A168_HF9F_20260827_0900,2026-08-27 09:00:00,185
114630782|3|8,8,114630782,3,2026-05-03,1,948,2,2,2,15.3783,15.3783,-4.8594,0.0000,-31.598927,7.6891,7.6891,1.0000,0,1,1,1843703,A168_HF9F_20260827_0900,2026-08-27 09:00:00,185
114630782|30|8,8,114630782,30,2026-05-03,1,1704,4,4,2,243.4084,243.4084,239.0851,1.8906,98.223877,60.8521,60.8521,1.0000,0,1,6,1843704,A168_HF9F_20260827_0900,2026-08-27 09:00:00,185
114630782|31|8,8,114630782,31,2026-05-03,1,1704,6,6,2,573.9650,573.9650,550.4863,1.8906,95.909381,95.6608,95.6608,1.0000,0,1,15,1843705,A168_HF9F_20260827_0900,2026-08-27 09:00:00,185
114630782|32|8,8,114630782,32,2026-05-03,1,1704,5,5,2,174.4307,174.4307,106.1686,0.0000,60.865785,34.8861,34.8861,1.0000,0,1,10,1843706,A168_HF9F_20260827_0900,2026-08-27 09:00:00,185
114630782|33|8,8,114630782,33,2026-05-03,1,1704,4,4,2,295.7650,295.7650,-280.0742,0.0000,-94.694825,73.9413,73.9413,1.0000,0,1,6,1843707,A168_HF9F_20260827_0900,2026-08-27 09:00:00,185
114630782|34|8,8,114630782,34,2026-05-03,1,1704,14,16,4,1168.7346,1168.7346,-591.1467,0.9127,-50.580066,73.0459,83.4810,1.1429,0,1,91,1843708,A168_HF9F_20260827_0900,2026-08-27 09:00:00,185
114630782|35|8,8,114630782,35,2026-05-03,1,1704,8,8,2,836.2257,836.2257,-349.1288,0.0000,-41.750549,104.5282,104.5282,1.0000,0,1,28,1843709,A168_HF9F_20260827_0900,2026-08-27 09:00:00,185
114630782|36|8,8,114630782,36,2026-05-03,1,1704,7,7,2,303.4370,303.4370,-157.1561,1.8906,-51.792007,43.3481,43.3481,1.0000,0,1,21,1843710,A168_HF9F_20260827_0900,2026-08-27 09:00:00,185
114630782|37|8,8,114630782,37,2026-05-03,1,1704,10,11,3,1321.5221,1321.5221,323.8715,1.8906,24.507463,120.1384,132.1522,1.1000,0,1,45,1843711,A168_HF9F_20260827_0900,2026-08-27 09:00:00,185
114630782|38|8,8,114630782,38,2026-05-03,1,1704,4,4,2,1252.0668,1252.0668,410.5263,1.8906,32.787892,313.0167,313.0167,1.0000,0,1,6,1843712,A168_HF9F_20260827_0900,2026-08-27 09:00:00,185
114630782|39|8,8,114630782,39,2026-05-03,1,1704,14,26,8,2221.0533,2218.9527,2146.0473,1.8906,96.714422,85.4251,158.6467,1.8571,1,1,91,1843713,A168_HF9F_20260827_0900,2026-08-27 09:00:00,185
114630782|4|8,8,114630782,4,2026-05-03,1,948,1,1,1,10.5031,10.5031,10.5031,0.0000,100.000000,10.5031,10.5031,1.0000,0,0,0,1843714,A168_HF9F_20260827_0900,2026-08-27 09:00:00,185
114630782|40|8,8,114630782,40,2026-05-03,1,1704,9,10,3,902.9976,13.7440,-109.9517,0.0000,-800.000000,90.2998,100.3331,1.1111,8,1,36,1843715,A168_HF9F_20260827_0900,2026-08-27 09:00:00,185
114630782|41|8,8,114630782,41,2026-05-03,1,1704,6,6,2,984.2619,984.2619,-261.5518,1.8906,-26.573391,164.0437,164.0437,1.0000,0,1,15,1843716,A168_HF9F_20260827_0900,2026-08-27 09:00:00,185
114630782|42|8,8,114630782,42,2026-05-03,1,1704,6,6,2,523.2635,523.2635,423.2635,1.8906,80.889169,87.2106,87.2106,1.0000,0,1,15,1843717,A168_HF9F_20260827_0900,2026-08-27 09:00:00,185
114630782|43|8,8,114630782,43,2026-05-03,1,1704,7,7,3,1992.3021,1992.3021,1925.7612,0.0000,96.660098,284.6146,284.6146,1.0000,0,1,21,1843718,A168_HF9F_20260827_0900,2026-08-27 09:00:00,185
114630782|44|8,8,114630782,44,2026-05-03,1,1704,7,8,3,1073.6520,1064.2397,471.5257,1.8906,44.306343,134.2065,153.3789,1.1429,0,1,21,1843719,A168_HF9F_20260827_0900,2026-08-27 09:00:00,185
114630782|45|8,8,114630782,45,2026-05-03,1,1704,14,15,3,1248.1318,1248.1318,-336.7346,0.0000,-26.979089,83.2088,89.1523,1.0714,0,1,91,1843720,A168_HF9F_20260827_0900,2026-08-27 09:00:00,185
114630782|46|8,8,114630782,46,2026-05-03,1,1704,14,14,2,2331.1928,2331.1928,-2086.3075,1.8906,-89.495279,166.5138,166.5138,1.0000,0,1,91,1843721,A168_HF9F_20260827_0900,2026-08-27 09:00:00,185
114630782|47|8,8,114630782,47,2026-05-03,1,1704,14,14,2,1989.8506,0.0000,0.0000,0.0000,,142.1322,142.1322,1.0000,14,1,91,1843722,A168_HF9F_20260827_0900,2026-08-27 09:00:00,185
114630782|48|8,8,114630782,48,2026-05-03,1,1704,13,16,5,1309.5733,1309.5733,896.0919,1.8906,68.426248,81.8483,100.7364,1.2308,0,1,78,1843723,A168_HF9F_20260827_0900,2026-08-27 09:00:00,185
114630782|49|8,8,114630782,49,2026-05-03,1,1704,8,10,4,320.2747,320.2747,-163.0779,1.8906,-50.918112,32.0275,40.0343,1.2500,0,1,28,1843724,A168_HF9F_20260827_0900,2026-08-27 09:00:00,185
114630782|5|8,8,114630782,5,2026-05-03,1,948,1,1,1,10.5031,10.5031,-10.5031,0.0000,-100.000000,10.5031,10.5031,1.0000,0,0,0,1843725,A168_HF9F_20260827_0900,2026-08-27 09:00:00,185
114630782|50|8,8,114630782,50,2026-05-03,1,1704,10,12,3,702.8749,669.4267,292.6876,1.8906,43.722130,58.5729,70.2875,1.2000,2,1,45,1843726,A168_HF9F_20260827_0900,2026-08-27 09:00:00,185
114630782|51|8,8,114630782,51,2026-05-03,1,1704,10,11,3,348.2855,348.2855,327.5289,0.9453,94.040355,31.6623,34.8285,1.1000,0,1,45,1843727,A168_HF9F_20260827_0900,2026-08-27 09:00:00,185
114630782|6|8,8,114630782,6,2026-05-03,1,948,3,4,2,40.5031,40.5031,40.5031,0.0000,100.000000,10.1258,13.5010,1.3333,0,1,3,1843728,A168_HF9F_20260827_0900,2026-08-27 09:00:00,185
114630782|7|8,8,114630782,7,2026-05-03,1,948,2,2,1,35.1758,35.1758,-33.4170,0.0000,-95.000000,17.5879,17.5879,1.0000,0,1,1,1843729,A168_HF9F_20260827_0900,2026-08-27 09:00:00,185
114630782|8|8,8,114630782,8,2026-05-03,1,948,3,3,1,25.0402,25.0402,-23.7882,0.0000,-95.000000,8.3467,8.3467,1.0000,0,1,3,1843730,A168_HF9F_20260827_0900,2026-08-27 09:00:00,185
114630782|9|8,8,114630782,9,2026-05-03,1,948,2,2,1,1305.2852,1305.2852,1305.2852,0.0000,100.000000,652.6426,652.6426,1.0000,0,1,1,1843731,A168_HF9F_20260827_0900,2026-08-27 09:00:00,185
114630806|10|8,8,114630806,10,2026-05-03,1,2127,2,2,2,85.1659,85.1659,-72.7152,0.0000,-85.380640,42.5830,42.5830,1.0000,0,1,1,1843732,A168_HF9F_20260827_0900,2026-08-27 09:00:00,185
114630806|11|8,8,114630806,11,2026-05-03,1,2127,4,4,2,115.1596,115.1596,105.0408,0.0000,91.213220,28.7899,28.7899,1.0000,0,1,6,1843733,A168_HF9F_20260827_0900,2026-08-27 09:00:00,185
114630806|12|8,8,114630806,12,2026-05-03,1,2127,13,14,3,1039.0559,1039.0559,-301.9755,0.0000,-29.062489,74.2183,79.9274,1.0769,0,1,78,1843734,A168_HF9F_20260827_0900,2026-08-27 09:00:00,185
114630806|13|8,8,114630806,13,2026-05-03,1,2127,8,8,2,295.2265,0.0000,0.0000,0.0000,,36.9033,36.9033,1.0000,8,1,28,1843735,A168_HF9F_20260827_0900,2026-08-27 09:00:00,185
114630806|14|8,8,114630806,14,2026-05-03,1,2127,5,5,2,257.5245,203.4564,-170.6899,0.0000,-83.895078,51.5049,51.5049,1.0000,0,1,10,1843736,A168_HF9F_20260827_0900,2026-08-27 09:00:00,185
114630806|15|8,8,114630806,15,2026-05-03,1,2127,8,9,3,442.4075,442.4075,-188.6845,0.0000,-42.649495,49.1564,55.3009,1.1250,0,1,28,1843737,A168_HF9F_20260827_0900,2026-08-27 09:00:00,185
114630806|16|8,8,114630806,16,2026-05-03,1,2127,11,11,2,1138.9396,1138.9396,-865.7649,0.3361,-76.014996,103.5400,103.5400,1.0000,0,1,55,1843738,A168_HF9F_20260827_0900,2026-08-27 09:00:00,185
114630806|17|8,8,114630806,17,2026-05-03,1,2127,13,16,4,662.1042,50.0122,-105.0266,0.0000,-210.001906,41.3815,50.9311,1.2308,13,1,78,1843739,A168_HF9F_20260827_0900,2026-08-27 09:00:00,185
114630806|18|8,8,114630806,18,2026-05-03,1,2127,11,15,4,2301.0088,2301.0088,2132.9592,0.0000,92.696700,153.4006,209.1826,1.3636,0,1,55,1843740,A168_HF9F_20260827_0900,2026-08-27 09:00:00,185
114630806|19|8,8,114630806,19,2026-05-03,1,2127,6,6,2,243.7243,243.7243,8.3501,0.0000,3.426043,40.6207,40.6207,1.0000,0,1,15,1843741,A168_HF9F_20260827_0900,2026-08-27 09:00:00,185
114630806|2|8,8,114630806,2,2026-05-03,1,2127,1,1,1,68.3995,68.3995,-68.3995,0.0000,-100.000000,68.3995,68.3995,1.0000,0,0,0,1843742,A168_HF9F_20260827_0900,2026-08-27 09:00:00,185
114630806|20|8,8,114630806,20,2026-05-03,1,2127,5,6,3,186.4086,186.4086,167.6278,0.0000,89.924945,31.0681,37.2817,1.2000,0,1,10,1843743,A168_HF9F_20260827_0900,2026-08-27 09:00:00,185
114630806|21|8,8,114630806,21,2026-05-03,1,2127,7,7,2,270.5424,270.5424,-34.5347,0.0000,-12.764979,38.6489,38.6489,1.0000,0,1,21,1843744,A168_HF9F_20260827_0900,2026-08-27 09:00:00,185
114630806|22|8,8,114630806,22,2026-05-03,1,2127,12,15,4,799.2375,799.2375,-393.6105,0.5882,-49.248260,53.2825,66.6031,1.2500,0,1,66,1843745,A168_HF9F_20260827_0900,2026-08-27 09:00:00,185
114630806|23|8,8,114630806,23,2026-05-03,1,2127,11,12,3,3011.6796,3011.6796,2146.9032,0.5882,71.285909,250.9733,273.7891,1.0909,0,1,55,1843746,A168_HF9F_20260827_0900,2026-08-27 09:00:00,185
114630806|24|8,8,114630806,24,2026-05-03,1,2127,11,13,4,507.2500,507.2500,33.8002,0.0000,6.663412,39.0192,46.1136,1.1818,0,1,55,1843747,A168_HF9F_20260827_0900,2026-08-27 09:00:00,185
114630806|25|8,8,114630806,25,2026-05-03,1,2127,7,7,2,833.8421,833.8421,590.6398,0.0000,70.833527,119.1203,119.1203,1.0000,0,1,21,1843748,A168_HF9F_20260827_0900,2026-08-27 09:00:00,185
114630806|26|8,8,114630806,26,2026-05-03,1,2127,7,7,2,763.2782,763.2782,-311.8740,0.0000,-40.859803,109.0397,109.0397,1.0000,0,1,21,1843749,A168_HF9F_20260827_0900,2026-08-27 09:00:00,185
114630806|27|8,8,114630806,27,2026-05-03,1,2127,7,7,2,606.6779,606.6779,450.7629,0.0000,74.300197,86.6683,86.6683,1.0000,0,1,21,1843750,A168_HF9F_20260827_0900,2026-08-27 09:00:00,185
114630806|28|8,8,114630806,28,2026-05-03,1,2127,6,7,4,973.1279,15.5674,-101.1883,0.0000,-650.000000,139.0183,162.1880,1.1667,5,1,15,1843751,A168_HF9F_20260827_0900,2026-08-27 09:00:00,185
114630806|29|8,8,114630806,29,2026-05-03,1,2127,7,7,2,1274.2434,1274.2434,-1269.0542,0.0000,-99.592767,182.0348,182.0348,1.0000,0,1,21,1843752,A168_HF9F_20260827_0900,2026-08-27 09:00:00,185
114630806|30|8,8,114630806,30,2026-05-03,1,2127,8,9,3,1541.1069,1541.1069,-1002.0411,0.0000,-65.020867,171.2341,192.6384,1.1250,0,1,28,1843753,A168_HF9F_20260827_0900,2026-08-27 09:00:00,185
114630806|31|8,8,114630806,31,2026-05-03,1,948,4,5,3,279.2956,279.2956,-154.5083,0.0000,-55.320698,55.8591,69.8239,1.2500,0,1,6,1843754,A168_HF9F_20260827_0900,2026-08-27 09:00:00,185
114630806|32|8,8,114630806,32,2026-05-03,1,948,4,4,2,516.3695,516.3695,460.6772,0.0000,89.214646,129.0924,129.0924,1.0000,0,1,6,1843755,A168_HF9F_20260827_0900,2026-08-27 09:00:00,185
114630806|33|8,8,114630806,33,2026-05-03,1,948,5,5,2,228.3136,228.3136,-168.3675,0.0000,-73.743987,45.6627,45.6627,1.0000,0,1,10,1843756,A168_HF9F_20260827_0900,2026-08-27 09:00:00,185
114630806|34|8,8,114630806,34,2026-05-03,1,948,3,3,1,479.5152,479.5152,-479.5152,0.0000,-100.000000,159.8384,159.8384,1.0000,0,1,3,1843757,A168_HF9F_20260827_0900,2026-08-27 09:00:00,185
114630806|35|8,8,114630806,35,2026-05-03,1,948,4,4,2,573.1571,573.1571,531.1448,0.0000,92.670004,143.2893,143.2893,1.0000,0,1,6,1843758,A168_HF9F_20260827_0900,2026-08-27 09:00:00,185
114630806|36|8,8,114630806,36,2026-05-03,1,948,4,4,2,2116.5269,2116.5269,-1191.4589,0.0000,-56.293113,529.1317,529.1317,1.0000,0,1,6,1843759,A168_HF9F_20260827_0900,2026-08-27 09:00:00,185
114630806|37|8,8,114630806,37,2026-05-03,1,948,8,8,2,512.9775,0.0000,0.0000,0.0000,,64.1222,64.1222,1.0000,8,1,28,1843760,A168_HF9F_20260827_0900,2026-08-27 09:00:00,185
114630806|38|8,8,114630806,38,2026-05-03,1,948,7,8,2,953.0580,953.0580,-963.5611,0.0000,-101.102042,119.1323,136.1511,1.1429,0,1,21,1843761,A168_HF9F_20260827_0900,2026-08-27 09:00:00,185
114630806|39|8,8,114630806,39,2026-05-03,1,948,7,11,6,1551.7933,1551.7933,1264.0084,0.0000,81.454689,141.0721,221.6848,1.5714,0,1,21,1843762,A168_HF9F_20260827_0900,2026-08-27 09:00:00,185
114630806|4|8,8,114630806,4,2026-05-03,1,2127,2,5,4,14.8315,11.3862,11.4724,0.0000,100.756463,2.9663,7.4158,2.5000,1,1,1,1843763,A168_HF9F_20260827_0900,2026-08-27 09:00:00,185
114630806|40|8,8,114630806,40,2026-05-03,1,948,13,20,9,944.0416,944.0416,-204.7050,0.0000,-21.683898,47.2021,72.6186,1.5385,0,1,78,1843764,A168_HF9F_20260827_0900,2026-08-27 09:00:00,185
114630806|41|8,8,114630806,41,2026-05-03,1,948,8,16,8,615.7225,563.8310,-48.0982,0.0000,-8.530604,38.4827,76.9653,2.0000,1,1,28,1843765,A168_HF9F_20260827_0900,2026-08-27 09:00:00,185
114630806|42|8,8,114630806,42,2026-05-03,1,948,16,27,9,1873.3505,172.8885,-200.7299,0.0000,-116.103648,69.3834,117.0844,1.6875,16,1,120,1843766,A168_HF9F_20260827_0900,2026-08-27 09:00:00,185
114630806|43|8,8,114630806,43,2026-05-03,1,948,13,25,9,3050.8628,2947.0800,2400.2304,0.0000,81.444360,122.0345,234.6818,1.9231,1,1,78,1843767,A168_HF9F_20260827_0900,2026-08-27 09:00:00,185
114630806|44|8,8,114630806,44,2026-05-03,1,948,6,15,8,650.2682,546.4853,58.3166,0.0000,10.671205,43.3512,108.3780,2.5000,1,1,15,1843768,A168_HF9F_20260827_0900,2026-08-27 09:00:00,185
114630806|45|8,8,114630806,45,2026-05-03,1,948,5,14,8,662.8272,481.2072,425.5149,0.0000,88.426548,47.3448,132.5654,2.8000,1,1,10,1843769,A168_HF9F_20260827_0900,2026-08-27 09:00:00,185
114630806|46|8,8,114630806,46,2026-05-03,1,948,6,14,8,740.1583,740.1583,257.8069,0.0000,34.831319,52.8684,123.3597,2.3333,0,1,15,1843770,A168_HF9F_20260827_0900,2026-08-27 09:00:00,185
114630806|47|8,8,114630806,47,2026-05-03,1,948,3,10,8,533.3179,481.4264,482.7237,0.0000,100.269467,53.3318,177.7726,3.3333,1,1,3,1843771,A168_HF9F_20260827_0900,2026-08-27 09:00:00,185
114630806|48|8,8,114630806,48,2026-05-03,1,948,6,8,4,1800.3133,1800.3133,-846.2462,0.0000,-47.005497,225.0392,300.0522,1.3333,0,1,15,1843772,A168_HF9F_20260827_0900,2026-08-27 09:00:00,185
114630806|49|8,8,114630806,49,2026-05-03,1,948,6,8,4,2277.7443,2277.7443,-1157.0741,0.0000,-50.799122,284.7180,379.6240,1.3333,0,1,15,1843773,A168_HF9F_20260827_0900,2026-08-27 09:00:00,185
114630806|5|8,8,114630806,5,2026-05-03,1,2127,3,4,3,182.2441,182.2441,140.2317,0.0000,76.947186,45.5610,60.7480,1.3333,0,1,3,1843774,A168_HF9F_20260827_0900,2026-08-27 09:00:00,185
114630806|6|8,8,114630806,6,2026-05-03,1,2127,1,1,1,5.0000,0.0000,0.0000,0.0000,,5.0000,5.0000,1.0000,1,0,0,1843775,A168_HF9F_20260827_0900,2026-08-27 09:00:00,185
114630806|7|8,8,114630806,7,2026-05-03,1,2127,4,5,3,250.7725,250.7725,209.8104,0.0000,83.665640,50.1545,62.6931,1.2500,0,1,6,1843776,A168_HF9F_20260827_0900,2026-08-27 09:00:00,185
114630806|8|8,8,114630806,8,2026-05-03,1,2127,5,8,4,344.7973,344.7973,221.9110,0.0000,64.359856,43.0997,68.9595,1.6000,0,1,10,1843777,A168_HF9F_20260827_0900,2026-08-27 09:00:00,185
114630806|9|8,8,114630806,9,2026-05-03,1,2127,5,6,3,223.5288,223.5288,-0.8631,0.0000,-0.386123,37.2548,44.7058,1.2000,0,1,10,1843778,A168_HF9F_20260827_0900,2026-08-27 09:00:00,185
114630835|1|8,8,114630835,1,2026-05-03,1,948,1,1,1,181.6201,181.6201,181.6201,0.0000,100.000000,181.6201,181.6201,1.0000,0,0,0,1843779,A168_HF9F_20260827_0900,2026-08-27 09:00:00,185
114630835|10|8,8,114630835,10,2026-05-03,1,1704,3,6,5,245.7144,245.7144,-206.1770,0.0336,-83.909227,40.9524,81.9048,2.0000,0,1,3,1843780,A168_HF9F_20260827_0900,2026-08-27 09:00:00,185
114630835|11|8,8,114630835,11,2026-05-03,1,1704,4,7,5,450.7144,450.7144,380.2522,0.0336,84.366564,64.3878,112.6786,1.7500,0,1,6,1843781,A168_HF9F_20260827_0900,2026-08-27 09:00:00,185
114630835|12|8,8,114630835,12,2026-05-03,1,1704,4,7,5,225.2403,15.5674,-31.1349,0.0000,-200.000000,32.1772,56.3101,1.7500,4,1,6,1843782,A168_HF9F_20260827_0900,2026-08-27 09:00:00,185
114630835|13|8,8,114630835,13,2026-05-03,1,1704,3,6,4,213.7640,15.5674,-31.1349,0.0000,-200.000000,35.6273,71.2547,2.0000,3,1,3,1843783,A168_HF9F_20260827_0900,2026-08-27 09:00:00,185
114630835|14|8,8,114630835,14,2026-05-03,1,1704,7,16,6,1702.5723,1702.5723,1520.3026,0.0336,89.294450,106.4108,243.2246,2.2857,0,1,21,1843784,A168_HF9F_20260827_0900,2026-08-27 09:00:00,185
114630835|15|8,8,114630835,15,2026-05-03,1,1704,6,9,5,2530.2006,2530.2006,2023.0797,0.0000,79.957287,281.1334,421.7001,1.5000,0,1,15,1843785,A168_HF9F_20260827_0900,2026-08-27 09:00:00,185
114630835|16|8,8,114630835,16,2026-05-03,1,1704,4,7,4,314.7085,314.7085,-231.1829,0.0000,-73.459392,44.9584,78.6771,1.7500,0,1,6,1843786,A168_HF9F_20260827_0900,2026-08-27 09:00:00,185
114630835|17|8,8,114630835,17,2026-05-03,1,1704,8,11,4,294.3200,294.3200,70.8579,0.0000,24.075132,26.7564,36.7900,1.3750,0,1,28,1843787,A168_HF9F_20260827_0900,2026-08-27 09:00:00,185
114630835|18|8,8,114630835,18,2026-05-03,1,1704,8,13,5,498.5590,498.5590,128.3930,0.7562,25.752814,38.3507,62.3199,1.6250,0,1,28,1843788,A168_HF9F_20260827_0900,2026-08-27 09:00:00,185
114630835|19|8,8,114630835,19,2026-05-03,1,1704,7,9,3,5366.5207,5366.5207,-5340.5749,0.0000,-99.516526,596.2801,766.6458,1.2857,0,1,21,1843789,A168_HF9F_20260827_0900,2026-08-27 09:00:00,185
114630835|2|8,8,114630835,2,2026-05-03,1,948,3,7,6,280.4701,280.4701,228.5786,0.0000,81.498402,40.0672,93.4900,2.3333,0,1,3,1843790,A168_HF9F_20260827_0900,2026-08-27 09:00:00,185
114630835|20|8,8,114630835,20,2026-05-03,1,1704,7,13,6,5480.1719,45.5674,-47.8372,0.0000,-104.981039,421.5517,782.8817,1.8571,7,1,21,1843791,A168_HF9F_20260827_0900,2026-08-27 09:00:00,185
114630835|21|8,8,114630835,21,2026-05-03,1,1704,12,17,6,5774.5196,5774.5196,-5295.3239,0.0000,-91.701549,339.6776,481.2100,1.4167,0,1,66,1843792,A168_HF9F_20260827_0900,2026-08-27 09:00:00,185
114630835|22|8,8,114630835,22,2026-05-03,1,1704,9,13,5,5375.9395,5375.9395,-4990.7759,0.0000,-92.835419,413.5338,597.3266,1.4444,0,1,36,1843793,A168_HF9F_20260827_0900,2026-08-27 09:00:00,185
114630835|23|8,8,114630835,23,2026-05-03,1,1704,15,20,6,6873.3608,6873.3608,6604.8760,0.0000,96.093835,343.6680,458.2241,1.3333,0,1,105,1843794,A168_HF9F_20260827_0900,2026-08-27 09:00:00,185
114630835|24|8,8,114630835,24,2026-05-03,1,1704,6,9,4,5304.4619,5304.4619,-5197.9438,0.0000,-97.991915,589.3847,884.0770,1.5000,0,1,15,1843795,A168_HF9F_20260827_0900,2026-08-27 09:00:00,185
114630835|25|8,8,114630835,25,2026-05-03,1,1704,8,13,5,5763.2423,5763.2423,-5185.2267,0.0000,-89.970651,443.3263,720.4053,1.6250,0,1,28,1843796,A168_HF9F_20260827_0900,2026-08-27 09:00:00,185
114630835|26|8,8,114630835,26,2026-05-03,1,1704,7,7,2,5876.7999,5876.7999,4742.4653,4.5373,80.698090,839.5428,839.5428,1.0000,0,1,21,1843797,A168_HF9F_20260827_0900,2026-08-27 09:00:00,185
114630835|27|8,8,114630835,27,2026-05-03,1,1704,6,7,2,6545.6604,6545.6604,-6179.3774,9.0747,-94.404185,935.0943,1090.9434,1.1667,0,1,15,1843798,A168_HF9F_20260827_0900,2026-08-27 09:00:00,185
114630835|28|8,8,114630835,28,2026-05-03,1,1704,6,7,3,8517.9639,8517.9639,-1590.3368,17.6956,-18.670387,1216.8520,1419.6607,1.1667,0,1,15,1843799,A168_HF9F_20260827_0900,2026-08-27 09:00:00,185
114630835|29|8,8,114630835,29,2026-05-03,1,1704,6,7,3,5338.8835,5338.8835,-5214.8856,0.2017,-97.677456,762.6976,889.8139,1.1667,0,1,15,1843800,A168_HF9F_20260827_0900,2026-08-27 09:00:00,185
114630835|3|8,8,114630835,3,2026-05-03,1,948,1,4,4,41.5132,41.5132,41.5132,0.0000,100.000000,10.3783,41.5132,4.0000,0,0,0,1843801,A168_HF9F_20260827_0900,2026-08-27 09:00:00,185
114630835|30|8,8,114630835,30,2026-05-03,1,1704,7,8,3,6120.8952,6120.8952,-4383.6558,0.1176,-71.617888,765.1119,874.4136,1.1429,0,1,21,1843802,A168_HF9F_20260827_0900,2026-08-27 09:00:00,185
114630835|31|8,8,114630835,31,2026-05-03,1,1704,7,12,6,5457.0042,5457.0042,-4920.9255,0.0000,-90.176319,454.7503,779.5720,1.7143,0,1,21,1843803,A168_HF9F_20260827_0900,2026-08-27 09:00:00,185
114630835|32|8,8,114630835,32,2026-05-03,1,1704,6,6,2,5330.5247,5330.5247,5134.5069,0.0000,96.322730,888.4208,888.4208,1.0000,0,1,15,1843804,A168_HF9F_20260827_0900,2026-08-27 09:00:00,185
114630835|33|8,8,114630835,33,2026-05-03,1,1704,5,5,2,5300.0900,5300.0900,5237.0714,0.0000,98.810990,1060.0180,1060.0180,1.0000,0,1,10,1843805,A168_HF9F_20260827_0900,2026-08-27 09:00:00,185
114630835|34|8,8,114630835,34,2026-05-03,1,1704,5,6,2,5367.8082,5367.8082,-5040.9178,0.0000,-93.910170,894.6347,1073.5616,1.2000,0,1,10,1843806,A168_HF9F_20260827_0900,2026-08-27 09:00:00,185
114630835|35|8,8,114630835,35,2026-05-03,1,1704,4,5,2,5293.3718,5293.3718,-5272.3656,0.0000,-99.603160,1058.6744,1323.3429,1.2500,0,1,6,1843807,A168_HF9F_20260827_0900,2026-08-27 09:00:00,185
114630835|36|8,8,114630835,36,2026-05-03,1,1704,3,4,2,119.8496,119.8496,-93.3760,0.0000,-77.911041,29.9624,39.9499,1.3333,0,1,3,1843808,A168_HF9F_20260827_0900,2026-08-27 09:00:00,185
114630835|37|8,8,114630835,37,2026-05-03,1,1704,7,8,3,5369.4629,5369.4629,-5133.4264,0.0000,-95.604096,671.1829,767.0661,1.1429,0,1,21,1843809,A168_HF9F_20260827_0900,2026-08-27 09:00:00,185
114630835|38|8,8,114630835,38,2026-05-03,1,1704,10,11,3,5573.7335,5573.7335,-5216.3667,0.3361,-93.588377,506.7030,557.3733,1.1000,0,1,45,1843810,A168_HF9F_20260827_0900,2026-08-27 09:00:00,185
114630835|39|8,8,114630835,39,2026-05-03,1,1704,15,18,2,6324.6265,6324.6265,6324.6265,0.3361,100.000000,351.3681,421.6418,1.2000,0,1,105,1843811,A168_HF9F_20260827_0900,2026-08-27 09:00:00,185
114630835|4|8,8,114630835,4,2026-05-03,1,948,2,5,4,45.1160,45.1160,45.1160,0.0000,100.000000,9.0232,22.5580,2.5000,0,1,1,1843812,A168_HF9F_20260827_0900,2026-08-27 09:00:00,185
114630835|40|8,8,114630835,40,2026-05-03,1,1704,5,5,2,184.6826,184.6826,-134.2677,0.0000,-72.701884,36.9365,36.9365,1.0000,0,1,10,1843813,A168_HF9F_20260827_0900,2026-08-27 09:00:00,185
114630835|41|8,8,114630835,41,2026-05-03,1,1704,5,5,2,5300.3494,5300.3494,-4900.0562,0.0000,-92.447796,1060.0699,1060.0699,1.0000,0,1,10,1843814,A168_HF9F_20260827_0900,2026-08-27 09:00:00,185
114630835|42|8,8,114630835,42,2026-05-03,1,1704,6,8,2,5343.2021,5343.2021,-5313.7934,0.3361,-99.449606,667.9003,890.5337,1.3333,0,1,15,1843815,A168_HF9F_20260827_0900,2026-08-27 09:00:00,185
114630835|43|8,8,114630835,43,2026-05-03,1,2127,8,14,6,5602.8831,5598.6819,5588.3036,0.3361,99.814630,400.2059,700.3604,1.7500,2,1,28,1843816,A168_HF9F_20260827_0900,2026-08-27 09:00:00,185
114630835|44|8,8,114630835,44,2026-05-03,1,2127,6,10,5,5643.0726,5638.8714,4802.6208,0.3361,85.169894,564.3073,940.5121,1.6667,2,1,15,1843817,A168_HF9F_20260827_0900,2026-08-27 09:00:00,185
114630835|45|8,8,114630835,45,2026-05-03,1,2127,4,5,3,394.5279,394.5279,-231.4342,0.3361,-58.661049,78.9056,98.6320,1.2500,0,1,6,1843818,A168_HF9F_20260827_0900,2026-08-27 09:00:00,185
114630835|46|8,8,114630835,46,2026-05-03,1,2127,9,17,7,772.8425,768.6413,-581.8841,0.3361,-75.702948,45.4613,85.8714,1.8889,2,1,36,1843819,A168_HF9F_20260827_0900,2026-08-27 09:00:00,185
114630835|47|8,8,114630835,47,2026-05-03,1,2127,5,7,4,300.8065,300.8065,240.3086,0.0000,79.888116,42.9724,60.1613,1.4000,0,1,10,1843820,A168_HF9F_20260827_0900,2026-08-27 09:00:00,185
114630835|48|8,8,114630835,48,2026-05-03,1,2127,7,11,6,661.6482,661.6482,-532.7570,0.3361,-80.519687,60.1498,94.5212,1.5714,0,1,21,1843821,A168_HF9F_20260827_0900,2026-08-27 09:00:00,185
114630835|49|8,8,114630835,49,2026-05-03,1,2127,4,8,6,387.5085,387.5085,-312.2361,0.0000,-80.575295,48.4386,96.8771,2.0000,0,1,6,1843822,A168_HF9F_20260827_0900,2026-08-27 09:00:00,185
114630835|5|8,8,114630835,5,2026-05-03,1,948,2,5,4,42.5635,15.5674,-31.1349,0.0000,-200.000000,8.5127,21.2817,2.5000,2,1,1,1843823,A168_HF9F_20260827_0900,2026-08-27 09:00:00,185
114630835|50|8,8,114630835,50,2026-05-03,1,2127,6,15,7,550.2683,546.0671,546.1721,0.3361,100.019234,36.6846,91.7114,2.5000,2,1,15,1843824,A168_HF9F_20260827_0900,2026-08-27 09:00:00,185
114630835|51|8,8,114630835,51,2026-05-03,1,2127,5,6,3,1241.5490,1241.5490,-937.1247,0.0000,-75.480279,206.9248,248.3098,1.2000,0,1,10,1843825,A168_HF9F_20260827_0900,2026-08-27 09:00:00,185
114630835|52|8,8,114630835,52,2026-05-03,1,2127,10,12,4,1539.6715,1539.6715,-501.6950,0.1323,-32.584547,128.3060,153.9672,1.2000,0,1,45,1843826,A168_HF9F_20260827_0900,2026-08-27 09:00:00,185
114630835|6|8,8,114630835,6,2026-05-03,1,948,1,4,4,41.5132,41.5132,41.5132,0.0000,100.000000,10.3783,41.5132,4.0000,0,0,0,1843827,A168_HF9F_20260827_0900,2026-08-27 09:00:00,185
114630835|7|8,8,114630835,7,2026-05-03,1,948,5,9,5,364.1910,364.1910,229.0237,0.0945,62.885586,40.4657,72.8382,1.8000,0,1,10,1843828,A168_HF9F_20260827_0900,2026-08-27 09:00:00,185
114630835|8|8,8,114630835,8,2026-05-03,1,948,3,8,4,137.2061,137.2061,-97.6688,0.0000,-71.183982,17.1508,45.7354,2.6667,0,1,3,1843829,A168_HF9F_20260827_0900,2026-08-27 09:00:00,185
114630835|9|8,8,114630835,9,2026-05-03,1,948,2,5,4,45.7144,45.7144,-14.5795,0.0000,-31.892642,9.1429,22.8572,2.5000,0,1,1,1843830,A168_HF9F_20260827_0900,2026-08-27 09:00:00,185
114630863|10|8,8,114630863,10,2026-05-03,1,2127,9,12,5,761.2504,761.2504,325.5590,0.8970,42.766354,63.4375,84.5834,1.3333,0,1,36,1843831,A168_HF9F_20260827_0900,2026-08-27 09:00:00,185
114630863|11|8,8,114630863,11,2026-05-03,1,2127,4,4,2,260.9708,260.9708,-171.7569,0.0567,-65.814592,65.2427,65.2427,1.0000,0,1,6,1843832,A168_HF9F_20260827_0900,2026-08-27 09:00:00,185
114630863|12|8,8,114630863,12,2026-05-03,1,2127,3,3,2,25.8490,25.8490,0.6416,0.1134,2.482140,8.6163,8.6163,1.0000,0,1,3,1843833,A168_HF9F_20260827_0900,2026-08-27 09:00:00,185
114630863|13|8,8,114630863,13,2026-05-03,1,2127,4,4,2,85.3818,85.3818,-49.0578,0.1323,-57.456981,21.3455,21.3455,1.0000,0,1,6,1843834,A168_HF9F_20260827_0900,2026-08-27 09:00:00,185
114630863|14|8,8,114630863,14,2026-05-03,1,2127,9,9,2,586.9374,586.9374,34.8107,0.0567,5.930913,65.2153,65.2153,1.0000,0,1,36,1843835,A168_HF9F_20260827_0900,2026-08-27 09:00:00,185
114630863|15|8,8,114630863,15,2026-05-03,1,2127,6,6,2,171.6697,171.6697,-7.3949,0.1134,-4.307631,28.6116,28.6116,1.0000,0,1,15,1843836,A168_HF9F_20260827_0900,2026-08-27 09:00:00,185
114630863|16|8,8,114630863,16,2026-05-03,1,2127,4,4,2,181.8982,181.8982,-22.7926,0.0000,-12.530397,45.4746,45.4746,1.0000,0,1,6,1843837,A168_HF9F_20260827_0900,2026-08-27 09:00:00,185
114630863|17|8,8,114630863,17,2026-05-03,1,2127,6,6,2,216.8758,0.0000,0.0000,0.0000,,36.1460,36.1460,1.0000,6,1,15,1843838,A168_HF9F_20260827_0900,2026-08-27 09:00:00,185
114630863|18|8,8,114630863,18,2026-05-03,1,2127,6,6,2,684.0187,684.0187,607.5296,0.0945,88.817692,114.0031,114.0031,1.0000,0,1,15,1843839,A168_HF9F_20260827_0900,2026-08-27 09:00:00,185
114630863|19|8,8,114630863,19,2026-05-03,1,2127,5,5,2,229.0117,229.0117,41.7736,0.0000,18.240815,45.8023,45.8023,1.0000,0,1,10,1843840,A168_HF9F_20260827_0900,2026-08-27 09:00:00,185
114630863|2|8,8,114630863,2,2026-05-03,1,2127,1,2,2,5.1891,2.5946,2.5946,0.0000,100.000000,2.5946,5.1891,2.0000,1,0,0,1843841,A168_HF9F_20260827_0900,2026-08-27 09:00:00,185
114630863|20|8,8,114630863,20,2026-05-03,1,948,1,1,1,87.2905,0.0000,0.0000,0.0000,,87.2905,87.2905,1.0000,1,0,0,1843842,A168_HF9F_20260827_0900,2026-08-27 09:00:00,185
114630863|21|8,8,114630863,21,2026-05-03,1,948,2,2,1,263.6585,263.6585,263.6585,0.0000,100.000000,131.8292,131.8292,1.0000,0,1,1,1843843,A168_HF9F_20260827_0900,2026-08-27 09:00:00,185
114630863|22|8,8,114630863,22,2026-05-03,1,948,2,2,2,3785.3167,3785.3167,-3776.9142,30.2489,-99.778024,1892.6583,1892.6583,1.0000,0,1,1,1843844,A168_HF9F_20260827_0900,2026-08-27 09:00:00,185
114630863|23|8,8,114630863,23,2026-05-03,1,948,6,8,3,8386.3490,8386.3490,-7261.1670,65.5393,-86.583172,1048.2936,1397.7248,1.3333,0,1,15,1843845,A168_HF9F_20260827_0900,2026-08-27 09:00:00,185
114630863|24|8,8,114630863,24,2026-05-03,1,948,4,5,3,10601.5955,10601.5955,10593.1930,84.0248,99.920743,2120.3191,2650.3989,1.2500,0,1,6,1843846,A168_HF9F_20260827_0900,2026-08-27 09:00:00,185
114630863|25|8,8,114630863,25,2026-05-03,1,948,3,3,2,3414.5880,3414.5880,3406.1855,25.2074,99.753924,1138.1960,1138.1960,1.0000,0,1,3,1843847,A168_HF9F_20260827_0900,2026-08-27 09:00:00,185
114630863|26|8,8,114630863,26,2026-05-03,1,948,4,4,1,6051.0640,6051.0640,6051.0640,47.0539,100.000000,1512.7660,1512.7660,1.0000,0,1,6,1843848,A168_HF9F_20260827_0900,2026-08-27 09:00:00,185
114630863|27|8,8,114630863,27,2026-05-03,1,948,4,4,2,3821.6407,3821.6407,-3559.7268,30.2489,-93.146560,955.4102,955.4102,1.0000,0,1,6,1843849,A168_HF9F_20260827_0900,2026-08-27 09:00:00,185
114630863|28|8,8,114630863,28,2026-05-03,1,948,7,8,3,8635.9337,8635.9337,-6297.0178,63.8588,-72.916468,1079.4917,1233.7048,1.1429,0,1,21,1843850,A168_HF9F_20260827_0900,2026-08-27 09:00:00,185
114630863|29|8,8,114630863,29,2026-05-03,1,948,5,6,3,7906.3720,7906.3720,-6900.2721,62.1783,-87.274823,1317.7287,1581.2744,1.2000,0,1,10,1843851,A168_HF9F_20260827_0900,2026-08-27 09:00:00,185
114630863|3|8,8,114630863,3,2026-05-03,1,2127,3,5,3,78.5403,78.5403,78.5403,0.0000,100.000000,15.7081,26.1801,1.6667,0,1,3,1843852,A168_HF9F_20260827_0900,2026-08-27 09:00:00,185
114630863|30|8,8,114630863,30,2026-05-03,1,948,8,9,3,9798.4275,9798.4275,7456.0626,68.9003,76.094481,1088.7142,1224.8034,1.1250,0,1,28,1843853,A168_HF9F_20260827_0900,2026-08-27 09:00:00,185
114630863|31|8,8,114630863,31,2026-05-03,1,948,5,6,3,10764.6827,420.1239,-3360.9915,3.3610,-800.000000,1794.1138,2152.9365,1.2000,5,1,10,1843854,A168_HF9F_20260827_0900,2026-08-27 09:00:00,185
114630863|32|8,8,114630863,32,2026-05-03,1,948,5,6,3,11815.9674,11815.9674,11805.5891,94.1582,99.912167,1969.3279,2363.1935,1.2000,0,1,10,1843855,A168_HF9F_20260827_0900,2026-08-27 09:00:00,185
114630863|33|8,8,114630863,33,2026-05-03,1,948,13,14,3,4844.7383,4844.7383,-4650.5996,33.6435,-95.992794,346.0527,372.6722,1.0769,0,1,78,1843856,A168_HF9F_20260827_0900,2026-08-27 09:00:00,185
114630863|34|8,8,114630863,34,2026-05-03,1,948,16,17,3,8109.5449,8109.5449,-6838.3919,59.1871,-84.325224,477.0321,506.8466,1.0625,0,1,120,1843857,A168_HF9F_20260827_0900,2026-08-27 09:00:00,185
114630863|35|8,8,114630863,35,2026-05-03,1,948,14,15,3,9141.9562,9141.9562,-8507.2710,67.9201,-93.057447,609.4637,652.9969,1.0714,0,1,91,1843858,A168_HF9F_20260827_0900,2026-08-27 09:00:00,185
114630863|36|8,8,114630863,36,2026-05-03,1,948,13,19,5,16023.6147,16002.6085,-15536.2710,118.9287,-97.085865,843.3481,1232.5857,1.4615,1,1,78,1843859,A168_HF9F_20260827_0900,2026-08-27 09:00:00,185
114630863|37|8,8,114630863,37,2026-05-03,1,948,12,13,3,8415.7490,8415.7490,-6516.6644,51.0871,-77.434158,647.3653,701.3124,1.0833,0,1,66,1843860,A168_HF9F_20260827_0900,2026-08-27 09:00:00,185
114630863|38|8,8,114630863,38,2026-05-03,1,948,10,11,3,12914.7065,4.2012,-33.6099,0.0000,-800.000000,1174.0642,1291.4707,1.1000,10,1,45,1843861,A168_HF9F_20260827_0900,2026-08-27 09:00:00,185
114630863|39|8,8,114630863,39,2026-05-03,1,948,9,12,5,1113.0113,1113.0113,35.4980,0.0538,3.189368,92.7509,123.6679,1.3333,0,1,36,1843862,A168_HF9F_20260827_0900,2026-08-27 09:00:00,185
114630863|40|8,8,114630863,40,2026-05-03,1,948,8,10,5,572.3715,32.2476,-24.4692,0.0000,-75.879028,57.2371,71.5464,1.2500,7,1,28,1843863,A168_HF9F_20260827_0900,2026-08-27 09:00:00,185
114630863|41|8,8,114630863,41,2026-05-03,1,948,9,13,5,699.3111,699.3111,216.1686,0.3092,30.911648,53.7932,77.7012,1.4444,0,1,36,1843864,A168_HF9F_20260827_0900,2026-08-27 09:00:00,185
114630863|42|8,8,114630863,42,2026-05-03,1,948,14,17,3,929.4649,18.9056,-151.2446,0.0336,-800.000000,54.6744,66.3903,1.2143,14,1,91,1843865,A168_HF9F_20260827_0900,2026-08-27 09:00:00,185
114630863|43|8,8,114630863,43,2026-05-03,1,948,11,19,7,800.1815,800.1815,464.0679,0.0336,57.995328,42.1148,72.7438,1.7273,0,1,55,1843866,A168_HF9F_20260827_0900,2026-08-27 09:00:00,185
114630863|44|8,8,114630863,44,2026-05-03,1,948,11,17,7,698.5151,698.5151,219.5738,0.0000,31.434370,41.0891,63.5014,1.5455,0,1,55,1843867,A168_HF9F_20260827_0900,2026-08-27 09:00:00,185
114630863|45|8,8,114630863,45,2026-05-03,1,948,15,19,6,810.3166,810.3166,-125.3199,0.0000,-15.465547,42.6482,54.0211,1.2667,0,1,105,1843868,A168_HF9F_20260827_0900,2026-08-27 09:00:00,185
114630863|46|8,8,114630863,46,2026-05-03,1,948,7,8,3,1502.9647,1502.9647,-1109.2995,0.5041,-73.807421,187.8706,214.7092,1.1429,0,1,21,1843869,A168_HF9F_20260827_0900,2026-08-27 09:00:00,185
114630863|47|8,8,114630863,47,2026-05-03,1,948,6,7,3,1324.1427,1324.1427,-536.5574,0.0000,-40.521113,189.1632,220.6904,1.1667,0,1,15,1843870,A168_HF9F_20260827_0900,2026-08-27 09:00:00,185
114630863|48|8,8,114630863,48,2026-05-03,1,948,10,11,3,2370.4636,8.4025,-67.2198,0.0000,-800.000000,215.4967,237.0464,1.1000,9,1,45,1843871,A168_HF9F_20260827_0900,2026-08-27 09:00:00,185
114630863|49|8,8,114630863,49,2026-05-03,1,948,10,12,5,1612.0200,1612.0200,1417.4390,0.3361,87.929368,134.3350,161.2020,1.2000,0,1,45,1843872,A168_HF9F_20260827_0900,2026-08-27 09:00:00,185
114630863|5|8,8,114630863,5,2026-05-03,1,2127,2,2,1,12.6037,12.6037,12.6037,0.0840,100.000000,6.3019,6.3019,1.0000,0,1,1,1843873,A168_HF9F_20260827_0900,2026-08-27 09:00:00,185
114630863|6|8,8,114630863,6,2026-05-03,1,2127,2,2,2,8.4025,8.4025,-3.8861,0.0735,-46.250000,4.2012,4.2012,1.0000,0,1,1,1843874,A168_HF9F_20260827_0900,2026-08-27 09:00:00,185
114630863|7|8,8,114630863,7,2026-05-03,1,2127,1,1,1,6.3019,6.3019,-6.3019,0.0567,-100.000000,6.3019,6.3019,1.0000,0,0,0,1843875,A168_HF9F_20260827_0900,2026-08-27 09:00:00,185
114630863|8|8,8,114630863,8,2026-05-03,1,2127,2,3,2,92.4345,57.9814,57.9814,0.4702,100.000000,30.8115,46.2173,1.5000,1,1,1,1843876,A168_HF9F_20260827_0900,2026-08-27 09:00:00,185
114630863|9|8,8,114630863,9,2026-05-03,1,2127,3,6,4,303.2011,303.2011,-316.1739,0.4684,-104.278633,50.5335,101.0670,2.0000,0,1,3,1843877,A168_HF9F_20260827_0900,2026-08-27 09:00:00,185
114630894|1|8,8,114630894,1,2026-05-03,1,948,2,2,1,220.5651,220.5651,220.5651,0.0000,100.000000,110.2825,110.2825,1.0000,0,1,1,1843878,A168_HF9F_20260827_0900,2026-08-27 09:00:00,185
114630894|10|8,8,114630894,10,2026-05-03,1,1704,12,12,2,1705.6164,1705.6164,464.7359,1.0083,27.247388,142.1347,142.1347,1.0000,0,1,66,1843879,A168_HF9F_20260827_0900,2026-08-27 09:00:00,185
114630894|11|8,8,114630894,11,2026-05-03,1,1704,9,10,3,2798.3594,2.1006,2.1006,0.0000,100.000000,279.8359,310.9288,1.1111,9,1,36,1843880,A168_HF9F_20260827_0900,2026-08-27 09:00:00,185
114630894|12|8,8,114630894,12,2026-05-03,1,1704,8,9,3,1324.6688,1324.6688,195.8383,0.0000,14.783945,147.1854,165.5836,1.1250,0,1,28,1843881,A168_HF9F_20260827_0900,2026-08-27 09:00:00,185
114630894|13|8,8,114630894,13,2026-05-03,1,1704,7,7,2,3007.5176,3007.5176,-2443.4247,0.0000,-81.243903,429.6454,429.6454,1.0000,0,1,21,1843882,A168_HF9F_20260827_0900,2026-08-27 09:00:00,185
114630894|14|8,8,114630894,14,2026-05-03,1,1704,3,3,2,347.8991,347.8991,79.1167,0.0000,22.741264,115.9664,115.9664,1.0000,0,1,3,1843883,A168_HF9F_20260827_0900,2026-08-27 09:00:00,185
114630894|15|8,8,114630894,15,2026-05-03,1,1704,3,3,1,689.5192,689.5192,-689.5192,0.0000,-100.000000,229.8397,229.8397,1.0000,0,1,3,1843884,A168_HF9F_20260827_0900,2026-08-27 09:00:00,185
114630894|16|8,8,114630894,16,2026-05-03,1,1704,4,4,2,811.8299,811.8299,-807.2085,0.0000,-99.430747,202.9575,202.9575,1.0000,0,1,6,1843885,A168_HF9F_20260827_0900,2026-08-27 09:00:00,185
114630894|17|8,8,114630894,17,2026-05-03,1,1704,4,4,2,1649.5192,1649.5192,-300.4808,0.0000,-18.216267,412.3798,412.3798,1.0000,0,1,6,1843886,A168_HF9F_20260827_0900,2026-08-27 09:00:00,185
114630894|18|8,8,114630894,18,2026-05-03,1,1704,4,5,3,1021.1123,1021.1123,-462.9358,0.0000,-45.336427,204.2225,255.2781,1.2500,0,1,6,1843887,A168_HF9F_20260827_0900,2026-08-27 09:00:00,185
114630894|19|8,8,114630894,19,2026-05-03,1,1704,7,8,3,4325.1732,4325.1732,2112.2570,0.0000,48.836356,540.6466,617.8819,1.1429,0,1,21,1843888,A168_HF9F_20260827_0900,2026-08-27 09:00:00,185
114630894|2|8,8,114630894,2,2026-05-03,1,1704,3,3,2,1268.8970,1268.8970,-754.8693,0.0000,-59.490190,422.9657,422.9657,1.0000,0,1,3,1843889,A168_HF9F_20260827_0900,2026-08-27 09:00:00,185
114630894|20|8,8,114630894,20,2026-05-03,1,1704,10,10,2,3971.5553,3971.5553,2971.3479,0.0000,74.815724,397.1555,397.1555,1.0000,0,1,45,1843890,A168_HF9F_20260827_0900,2026-08-27 09:00:00,185
114630894|21|8,8,114630894,21,2026-05-03,1,1704,6,6,2,740.3353,740.3353,-140.8530,0.0000,-19.025572,123.3892,123.3892,1.0000,0,1,15,1843891,A168_HF9F_20260827_0900,2026-08-27 09:00:00,185
114630894|22|8,8,114630894,22,2026-05-03,1,1704,5,6,2,27556.0579,25035.3143,-25013.0155,0.0000,-99.910931,4592.6763,5511.2116,1.2000,1,1,10,1843892,A168_HF9F_20260827_0900,2026-08-27 09:00:00,185
114630894|23|8,8,114630894,23,2026-05-03,1,1704,7,7,2,1285.7180,1285.7180,-162.3764,0.8402,-12.629243,183.6740,183.6740,1.0000,0,1,21,1843893,A168_HF9F_20260827_0900,2026-08-27 09:00:00,185
114630894|24|8,8,114630894,24,2026-05-03,1,1704,14,14,2,2833.8289,2833.8289,280.3312,2.3359,9.892313,202.4163,202.4163,1.0000,0,1,91,1843894,A168_HF9F_20260827_0900,2026-08-27 09:00:00,185
114630894|25|8,8,114630894,25,2026-05-03,1,1704,7,7,2,936.3077,936.3077,192.5248,2.2183,20.562127,133.7582,133.7582,1.0000,0,1,21,1843895,A168_HF9F_20260827_0900,2026-08-27 09:00:00,185
114630894|26|8,8,114630894,26,2026-05-03,1,1704,6,7,2,963.3544,963.3544,-1031.8078,0.8402,-107.105728,137.6221,160.5591,1.1667,0,1,15,1843896,A168_HF9F_20260827_0900,2026-08-27 09:00:00,185
114630894|27|8,8,114630894,27,2026-05-03,1,1704,7,8,4,681.8290,51.8914,51.8914,0.0000,100.000000,85.2286,97.4041,1.1429,6,1,21,1843897,A168_HF9F_20260827_0900,2026-08-27 09:00:00,185
114630894|28|8,8,114630894,28,2026-05-03,1,1704,5,5,2,528.2780,528.2780,427.0897,0.0000,80.845633,105.6556,105.6556,1.0000,0,1,10,1843898,A168_HF9F_20260827_0900,2026-08-27 09:00:00,185
114630894|29|8,8,114630894,29,2026-05-03,1,1704,6,6,3,629.7111,629.7111,-149.4389,0.0336,-23.731351,104.9518,104.9518,1.0000,0,1,15,1843899,A168_HF9F_20260827_0900,2026-08-27 09:00:00,185
114630894|3|8,8,114630894,3,2026-05-03,1,1704,5,6,3,1311.9981,1311.9981,-1235.2133,0.0000,-94.147492,218.6664,262.3996,1.2000,0,1,10,1843900,A168_HF9F_20260827_0900,2026-08-27 09:00:00,185
114630894|30|8,8,114630894,30,2026-05-03,1,1704,7,8,3,756.0108,756.0108,-672.0723,0.1176,-88.897173,94.5014,108.0015,1.1429,0,1,21,1843901,A168_HF9F_20260827_0900,2026-08-27 09:00:00,185
114630894|31|8,8,114630894,31,2026-05-03,1,1704,5,8,5,2722.8757,2722.8757,-1723.0535,1.6805,-63.280651,340.3595,544.5751,1.6000,0,1,10,1843902,A168_HF9F_20260827_0900,2026-08-27 09:00:00,185
114630894|32|8,8,114630894,32,2026-05-03,1,1704,10,10,2,3985.7864,3985.7864,3913.0727,25.2074,98.175676,398.5786,398.5786,1.0000,0,1,45,1843903,A168_HF9F_20260827_0900,2026-08-27 09:00:00,185
114630894|33|8,8,114630894,33,2026-05-03,1,2127,3,3,2,5371.3988,5371.3988,-5131.6996,42.0124,-95.537492,1790.4663,1790.4663,1.0000,0,1,3,1843904,A168_HF9F_20260827_0900,2026-08-27 09:00:00,185
114630894|34|8,8,114630894,34,2026-05-03,1,2127,6,6,2,8703.2413,8703.2413,4159.9340,50.4149,47.797525,1450.5402,1450.5402,1.0000,0,1,15,1843905,A168_HF9F_20260827_0900,2026-08-27 09:00:00,185
114630894|35|8,8,114630894,35,2026-05-03,1,2127,6,6,2,8667.5361,8667.5361,8652.3579,50.4149,99.824884,1444.5894,1444.5894,1.0000,0,1,15,1843906,A168_HF9F_20260827_0900,2026-08-27 09:00:00,185
114630894|36|8,8,114630894,36,2026-05-03,1,2127,5,5,1,5468.8851,5468.8851,5468.8851,42.0124,100.000000,1093.7770,1093.7770,1.0000,0,1,10,1843907,A168_HF9F_20260827_0900,2026-08-27 09:00:00,185
114630894|37|8,8,114630894,37,2026-05-03,1,2127,3,3,2,3600.4911,3600.4911,3395.6807,25.2074,94.311598,1200.1637,1200.1637,1.0000,0,1,3,1843908,A168_HF9F_20260827_0900,2026-08-27 09:00:00,185
114630894|38|8,8,114630894,38,2026-05-03,1,2127,5,5,2,535.1711,535.1711,383.3886,0.0504,71.638513,107.0342,107.0342,1.0000,0,1,10,1843909,A168_HF9F_20260827_0900,2026-08-27 09:00:00,185
114630894|39|8,8,114630894,39,2026-05-03,1,2127,3,3,2,57.2107,57.2107,-31.8735,0.0000,-55.712529,19.0702,19.0702,1.0000,0,1,3,1843910,A168_HF9F_20260827_0900,2026-08-27 09:00:00,185
114630894|4|8,8,114630894,4,2026-05-03,1,1704,3,3,1,316.5298,316.5298,-316.5298,0.0000,-100.000000,105.5099,105.5099,1.0000,0,1,3,1843911,A168_HF9F_20260827_0900,2026-08-27 09:00:00,185
114630894|40|8,8,114630894,40,2026-05-03,1,2127,4,4,2,304.6058,304.6058,-166.4892,0.0000,-54.657280,76.1514,76.1514,1.0000,0,1,6,1843912,A168_HF9F_20260827_0900,2026-08-27 09:00:00,185
114630894|41|8,8,114630894,41,2026-05-03,1,2127,10,11,3,3713.3401,3713.3401,-2999.2024,0.0000,-80.768319,337.5764,371.3340,1.1000,0,1,45,1843913,A168_HF9F_20260827_0900,2026-08-27 09:00:00,185
114630894|42|8,8,114630894,42,2026-05-03,1,2127,14,17,5,3235.3757,3235.3757,2484.3962,0.8470,76.788491,190.3162,231.0983,1.2143,0,1,91,1843914,A168_HF9F_20260827_0900,2026-08-27 09:00:00,185
114630894|43|8,8,114630894,43,2026-05-03,1,2127,5,7,4,440.8214,440.8214,108.0653,0.0000,24.514530,62.9745,88.1643,1.4000,0,1,10,1843915,A168_HF9F_20260827_0900,2026-08-27 09:00:00,185
114630894|44|8,8,114630894,44,2026-05-03,1,2127,2,4,4,146.6689,42.0124,42.0124,0.0000,100.000000,36.6672,73.3345,2.0000,2,1,1,1843916,A168_HF9F_20260827_0900,2026-08-27 09:00:00,185
114630894|45|8,8,114630894,45,2026-05-03,1,2127,5,7,4,298.8100,298.8100,184.6488,0.0000,61.794729,42.6871,59.7620,1.4000,0,1,10,1843917,A168_HF9F_20260827_0900,2026-08-27 09:00:00,185
114630894|46|8,8,114630894,46,2026-05-03,1,2127,3,5,4,248.9806,248.9806,-83.7755,0.0000,-33.647422,49.7961,82.9935,1.6667,0,1,3,1843918,A168_HF9F_20260827_0900,2026-08-27 09:00:00,185
114630894|47|8,8,114630894,47,2026-05-03,1,2127,7,10,6,1113.4517,1113.4517,264.9302,1.6805,23.793596,111.3452,159.0645,1.4286,0,1,21,1843919,A168_HF9F_20260827_0900,2026-08-27 09:00:00,185
114630894|48|8,8,114630894,48,2026-05-03,1,2127,4,4,1,89.4301,0.0000,0.0000,0.0000,,22.3575,22.3575,1.0000,4,1,6,1843920,A168_HF9F_20260827_0900,2026-08-27 09:00:00,185
114630894|49|8,8,114630894,49,2026-05-03,1,2127,4,11,8,110.4363,108.3357,77.3713,0.0000,71.418139,10.0397,27.6091,2.7500,1,1,6,1843921,A168_HF9F_20260827_0900,2026-08-27 09:00:00,185
114630894|5|8,8,114630894,5,2026-05-03,1,1704,4,4,2,1360.8749,1360.8749,919.7448,0.0000,67.584814,340.2187,340.2187,1.0000,0,1,6,1843922,A168_HF9F_20260827_0900,2026-08-27 09:00:00,185
114630894|50|8,8,114630894,50,2026-05-03,1,2127,2,9,8,119.5375,115.3363,115.3363,0.0000,100.000000,13.2819,59.7688,4.5000,2,1,1,1843923,A168_HF9F_20260827_0900,2026-08-27 09:00:00,185
114630894|51|8,8,114630894,51,2026-05-03,1,2127,3,4,2,125.2945,120.1053,97.8387,0.0000,81.460797,31.3236,41.7648,1.3333,1,1,3,1843924,A168_HF9F_20260827_0900,2026-08-27 09:00:00,185
114630894|52|8,8,114630894,52,2026-05-03,1,2127,5,10,6,275.4503,271.2491,103.1995,0.0000,38.046027,27.5450,55.0901,2.0000,1,1,10,1843925,A168_HF9F_20260827_0900,2026-08-27 09:00:00,185
114630894|6|8,8,114630894,6,2026-05-03,1,1704,5,6,2,2301.5639,2061.5639,1833.5639,0.0000,88.940435,383.5940,460.3128,1.2000,1,1,10,1843926,A168_HF9F_20260827_0900,2026-08-27 09:00:00,185
114630894|7|8,8,114630894,7,2026-05-03,1,1704,7,7,2,787.7117,787.7117,-297.7432,0.0000,-37.798501,112.5302,112.5302,1.0000,0,1,21,1843927,A168_HF9F_20260827_0900,2026-08-27 09:00:00,185
114630894|8|8,8,114630894,8,2026-05-03,1,1704,7,8,3,889.7487,889.7487,-355.4231,0.0000,-39.946457,111.2186,127.1070,1.1429,0,1,21,1843928,A168_HF9F_20260827_0900,2026-08-27 09:00:00,185
114630894|9|8,8,114630894,9,2026-05-03,1,1704,12,12,3,952.9456,952.9456,426.1613,0.1680,44.720422,79.4121,79.4121,1.0000,0,1,66,1843929,A168_HF9F_20260827_0900,2026-08-27 09:00:00,185
114630922|10|8,8,114630922,10,2026-05-03,1,2127,7,8,3,358.8951,358.8951,-125.0011,0.0000,-34.829422,44.8619,51.2707,1.1429,0,1,21,1843930,A168_HF9F_20260827_0900,2026-08-27 09:00:00,185
114630922|11|8,8,114630922,11,2026-05-03,1,948,5,10,7,390.2827,390.2827,-235.5963,0.0000,-60.365548,39.0283,78.0565,2.0000,0,1,10,1843931,A168_HF9F_20260827_0900,2026-08-27 09:00:00,185
114630922|12|8,8,114630922,12,2026-05-03,1,948,6,7,3,1719.1782,1719.1782,1381.0471,0.0000,80.331819,245.5969,286.5297,1.1667,0,1,15,1843932,A168_HF9F_20260827_0900,2026-08-27 09:00:00,185
114630922|13|8,8,114630922,13,2026-05-03,1,948,15,16,3,1066.2595,1066.2595,738.0074,0.3361,69.214620,66.6412,71.0840,1.0667,0,1,105,1843933,A168_HF9F_20260827_0900,2026-08-27 09:00:00,185
114630922|14|8,8,114630922,14,2026-05-03,1,948,7,7,1,276.9177,276.9177,-276.9177,0.0000,-100.000000,39.5597,39.5597,1.0000,0,1,21,1843934,A168_HF9F_20260827_0900,2026-08-27 09:00:00,185
114630922|15|8,8,114630922,15,2026-05-03,1,948,11,12,3,947.4778,947.4778,637.4123,0.0000,67.274641,78.9565,86.1343,1.0909,0,1,55,1843935,A168_HF9F_20260827_0900,2026-08-27 09:00:00,185
114630922|16|8,8,114630922,16,2026-05-03,1,948,7,7,2,858.3173,858.3173,-689.6701,0.0000,-80.351416,122.6168,122.6168,1.0000,0,1,21,1843936,A168_HF9F_20260827_0900,2026-08-27 09:00:00,185
114630922|17|8,8,114630922,17,2026-05-03,1,948,5,5,1,665.8875,665.8875,-665.8875,0.0000,-100.000000,133.1775,133.1775,1.0000,0,1,10,1843937,A168_HF9F_20260827_0900,2026-08-27 09:00:00,185
114630922|18|8,8,114630922,18,2026-05-03,1,948,5,6,3,753.5643,753.5643,-607.7691,0.0000,-80.652577,125.5941,150.7129,1.2000,0,1,10,1843938,A168_HF9F_20260827_0900,2026-08-27 09:00:00,185
114630922|19|8,8,114630922,19,2026-05-03,1,948,7,10,5,738.4911,738.4911,-583.3448,0.0000,-78.991445,73.8491,105.4987,1.4286,0,1,21,1843939,A168_HF9F_20260827_0900,2026-08-27 09:00:00,185
114630922|2|8,8,114630922,2,2026-05-03,1,2127,1,1,1,86.1326,0.0000,0.0000,0.0000,,86.1326,86.1326,1.0000,1,0,0,1843940,A168_HF9F_20260827_0900,2026-08-27 09:00:00,185
114630922|20|8,8,114630922,20,2026-05-03,1,948,6,7,3,684.0248,684.0248,-671.4211,0.0000,-98.157418,97.7178,114.0041,1.1667,0,1,15,1843941,A168_HF9F_20260827_0900,2026-08-27 09:00:00,185
114630922|21|8,8,114630922,21,2026-05-03,1,948,14,15,3,1206.0192,1206.0192,677.8292,0.0000,56.203849,80.4013,86.1442,1.0714,0,1,91,1843942,A168_HF9F_20260827_0900,2026-08-27 09:00:00,185
114630922|22|8,8,114630922,22,2026-05-03,1,948,20,25,6,2798.1765,2798.1765,-2454.9230,0.0000,-87.732957,111.9271,139.9088,1.2500,0,1,190,1843943,A168_HF9F_20260827_0900,2026-08-27 09:00:00,185
114630922|23|8,8,114630922,23,2026-05-03,1,948,17,26,6,3615.9085,3615.9085,-3312.3053,0.0000,-91.603682,139.0734,212.7005,1.5294,0,1,136,1843944,A168_HF9F_20260827_0900,2026-08-27 09:00:00,185
114630922|24|8,8,114630922,24,2026-05-03,1,948,16,24,6,1837.1074,1837.1074,1701.9326,0.0000,92.641972,76.5461,114.8192,1.5000,0,1,120,1843945,A168_HF9F_20260827_0900,2026-08-27 09:00:00,185
114630922|25|8,8,114630922,25,2026-05-03,1,948,15,16,3,2698.9739,2698.9739,-2636.7041,0.6722,-97.692837,168.6859,179.9316,1.0667,0,1,105,1843946,A168_HF9F_20260827_0900,2026-08-27 09:00:00,185
114630922|26|8,8,114630922,26,2026-05-03,1,948,10,14,5,2324.0929,2324.0929,2319.9967,0.0000,99.823750,166.0066,232.4093,1.4000,0,1,45,1843947,A168_HF9F_20260827_0900,2026-08-27 09:00:00,185
114630922|27|8,8,114630922,27,2026-05-03,1,948,12,17,6,2464.6571,2464.6571,-2345.8897,0.0786,-95.181179,144.9798,205.3881,1.4167,0,1,66,1843948,A168_HF9F_20260827_0900,2026-08-27 09:00:00,185
114630922|28|8,8,114630922,28,2026-05-03,1,948,10,16,5,2082.2024,2082.2024,-709.3447,0.0000,-34.067038,130.1377,208.2202,1.6000,0,1,45,1843949,A168_HF9F_20260827_0900,2026-08-27 09:00:00,185
114630922|29|8,8,114630922,29,2026-05-03,1,948,13,17,5,2377.7761,77.6253,77.6253,0.0000,100.000000,139.8692,182.9059,1.3077,13,1,78,1843950,A168_HF9F_20260827_0900,2026-08-27 09:00:00,185
114630922|3|8,8,114630922,3,2026-05-03,1,2127,2,2,1,214.9079,214.9079,214.9079,0.0000,100.000000,107.4539,107.4539,1.0000,0,1,1,1843951,A168_HF9F_20260827_0900,2026-08-27 09:00:00,185
114630922|30|8,8,114630922,30,2026-05-03,1,948,11,14,4,716.8124,716.8124,-613.4532,0.9188,-85.580721,51.2009,65.1648,1.2727,0,1,55,1843952,A168_HF9F_20260827_0900,2026-08-27 09:00:00,185
114630922|31|8,8,114630922,31,2026-05-03,1,948,6,11,5,637.1315,637.1315,43.1091,0.0000,6.766121,57.9210,106.1886,1.8333,0,1,15,1843953,A168_HF9F_20260827_0900,2026-08-27 09:00:00,185
114630922|32|8,8,114630922,32,2026-05-03,1,948,4,4,2,1090.5254,1090.5254,-109.4746,0.8402,-10.038704,272.6313,272.6313,1.0000,0,1,6,1843954,A168_HF9F_20260827_0900,2026-08-27 09:00:00,185
114630922|33|8,8,114630922,33,2026-05-03,1,948,5,10,3,2079.2884,2079.2884,1309.1471,0.0000,62.961302,207.9288,415.8577,2.0000,0,1,10,1843955,A168_HF9F_20260827_0900,2026-08-27 09:00:00,185
114630922|34|8,8,114630922,34,2026-05-03,1,948,10,17,6,1393.1242,1393.1242,-1387.1467,0.1680,-99.570923,81.9485,139.3124,1.7000,0,1,45,1843956,A168_HF9F_20260827_0900,2026-08-27 09:00:00,185
114630922|35|8,8,114630922,35,2026-05-03,1,948,10,17,6,1508.6177,1508.6177,-709.2598,0.0000,-47.013888,88.7422,150.8618,1.7000,0,1,45,1843957,A168_HF9F_20260827_0900,2026-08-27 09:00:00,185
114630922|36|8,8,114630922,36,2026-05-03,1,948,6,10,5,1044.2803,1044.2803,1044.2803,0.0000,100.000000,104.4280,174.0467,1.6667,0,1,15,1843958,A168_HF9F_20260827_0900,2026-08-27 09:00:00,185
114630922|37|8,8,114630922,37,2026-05-03,1,948,7,14,5,3188.8808,3188.8808,-2984.5651,0.0000,-93.592872,227.7772,455.5544,2.0000,0,1,21,1843959,A168_HF9F_20260827_0900,2026-08-27 09:00:00,185
114630922|38|8,8,114630922,38,2026-05-03,1,948,4,7,3,1926.3575,1926.3575,1926.3575,0.0000,100.000000,275.1939,481.5894,1.7500,0,1,6,1843960,A168_HF9F_20260827_0900,2026-08-27 09:00:00,185
114630922|39|8,8,114630922,39,2026-05-03,1,948,9,15,5,1579.5918,1579.5918,1552.9161,0.5041,98.311223,105.3061,175.5102,1.6667,0,1,36,1843961,A168_HF9F_20260827_0900,2026-08-27 09:00:00,185
114630922|4|8,8,114630922,4,2026-05-03,1,2127,1,1,1,5.1891,5.1891,-5.1891,0.0000,-100.000000,5.1891,5.1891,1.0000,0,0,0,1843962,A168_HF9F_20260827_0900,2026-08-27 09:00:00,185
114630922|40|8,8,114630922,40,2026-05-03,1,948,6,12,5,1319.8482,1319.8482,903.8593,0.0000,68.482060,109.9874,219.9747,2.0000,0,1,15,1843963,A168_HF9F_20260827_0900,2026-08-27 09:00:00,185
114630922|41|8,8,114630922,41,2026-05-03,1,948,4,7,4,524.6877,524.6877,166.6824,0.0000,31.767930,74.9554,131.1719,1.7500,0,1,6,1843964,A168_HF9F_20260827_0900,2026-08-27 09:00:00,185
114630922|42|8,8,114630922,42,2026-05-03,1,948,6,8,4,1338.0822,1338.0822,-1138.6598,0.0000,-85.096399,167.2603,223.0137,1.3333,0,1,15,1843965,A168_HF9F_20260827_0900,2026-08-27 09:00:00,185
114630922|43|8,8,114630922,43,2026-05-03,1,948,9,14,5,703.1361,703.1361,-316.9244,0.0000,-45.072976,50.2240,78.1262,1.5556,0,1,36,1843966,A168_HF9F_20260827_0900,2026-08-27 09:00:00,185
114630922|44|8,8,114630922,44,2026-05-03,1,948,9,12,4,2781.6835,2781.6835,-1714.3028,0.0000,-61.628247,231.8070,309.0759,1.3333,0,1,36,1843967,A168_HF9F_20260827_0900,2026-08-27 09:00:00,185
114630922|45|8,8,114630922,45,2026-05-03,1,1704,8,8,2,1381.6574,0.0000,0.0000,0.0000,,172.7072,172.7072,1.0000,8,1,28,1843968,A168_HF9F_20260827_0900,2026-08-27 09:00:00,185
114630922|46|8,8,114630922,46,2026-05-03,1,1704,6,7,3,881.3549,881.3549,-179.5631,1.6805,-20.373529,125.9078,146.8925,1.1667,0,1,15,1843969,A168_HF9F_20260827_0900,2026-08-27 09:00:00,185
114630922|47|8,8,114630922,47,2026-05-03,1,1704,6,7,3,1103.2135,1103.2135,376.7333,0.0000,34.148722,157.6019,183.8689,1.1667,0,1,15,1843970,A168_HF9F_20260827_0900,2026-08-27 09:00:00,185
114630922|48|8,8,114630922,48,2026-05-03,1,1704,8,11,4,1542.6871,1542.6871,-894.2197,0.0000,-57.965071,140.2443,192.8359,1.3750,0,1,28,1843971,A168_HF9F_20260827_0900,2026-08-27 09:00:00,185
114630922|49|8,8,114630922,49,2026-05-03,1,1704,5,8,4,2300.4615,2300.4615,1890.8406,0.0000,82.193971,287.5577,460.0923,1.6000,0,1,10,1843972,A168_HF9F_20260827_0900,2026-08-27 09:00:00,185
114630922|5|8,8,114630922,5,2026-05-03,1,2127,3,3,2,1196.6103,1196.6103,878.7241,0.0000,73.434438,398.8701,398.8701,1.0000,0,1,3,1843973,A168_HF9F_20260827_0900,2026-08-27 09:00:00,185
114630922|50|8,8,114630922,50,2026-05-03,1,1704,3,3,2,1237.3932,1237.3932,1027.3313,0.0000,83.023831,412.4644,412.4644,1.0000,0,1,3,1843974,A168_HF9F_20260827_0900,2026-08-27 09:00:00,185
114630922|51|8,8,114630922,51,2026-05-03,1,1704,3,6,4,625.1935,625.1935,365.7363,0.0000,58.499695,104.1989,208.3978,2.0000,0,1,3,1843975,A168_HF9F_20260827_0900,2026-08-27 09:00:00,185
114630922|52|8,8,114630922,52,2026-05-03,1,1704,3,6,3,667.7494,667.7494,667.7494,0.0000,100.000000,111.2916,222.5831,2.0000,0,1,3,1843976,A168_HF9F_20260827_0900,2026-08-27 09:00:00,185
114630922|6|8,8,114630922,6,2026-05-03,1,2127,5,5,2,2464.5319,2464.5319,2136.0106,0.0000,86.670032,492.9064,492.9064,1.0000,0,1,10,1843977,A168_HF9F_20260827_0900,2026-08-27 09:00:00,185
114630922|7|8,8,114630922,7,2026-05-03,1,2127,9,10,3,7928.0109,7928.0109,2596.5032,0.0000,32.751005,792.8011,880.8901,1.1111,0,1,36,1843978,A168_HF9F_20260827_0900,2026-08-27 09:00:00,185
114630922|8|8,8,114630922,8,2026-05-03,1,2127,14,24,8,1064.6658,1062.5652,-1014.3757,0.0000,-95.464801,44.3611,76.0476,1.7143,1,1,91,1843979,A168_HF9F_20260827_0900,2026-08-27 09:00:00,185
114630922|9|8,8,114630922,9,2026-05-03,1,2127,13,29,8,2175.9675,2173.8669,2165.4644,0.0000,99.613478,75.0334,167.3821,2.2308,1,1,78,1843980,A168_HF9F_20260827_0900,2026-08-27 09:00:00,185
114630950|10|8,8,114630950,10,2026-05-03,1,1704,8,11,5,2077.7754,2077.7754,-1718.9850,0.0000,-82.731994,188.8887,259.7219,1.3750,0,1,28,1843981,A168_HF9F_20260827_0900,2026-08-27 09:00:00,185
114630950|11|8,8,114630950,11,2026-05-03,1,1704,6,7,3,339.5851,339.5851,183.9107,0.0000,54.157488,48.5122,56.5975,1.1667,0,1,15,1843982,A168_HF9F_20260827_0900,2026-08-27 09:00:00,185
114630950|12|8,8,114630950,12,2026-05-03,1,1704,5,6,3,1313.8522,1313.8522,-864.5025,0.0168,-65.799073,218.9754,262.7704,1.2000,0,1,10,1843983,A168_HF9F_20260827_0900,2026-08-27 09:00:00,185
114630950|13|8,8,114630950,13,2026-05-03,1,1704,5,6,3,192.9226,192.9226,134.7740,0.0000,69.859098,32.1538,38.5845,1.2000,0,1,10,1843984,A168_HF9F_20260827_0900,2026-08-27 09:00:00,185
114630950|14|8,8,114630950,14,2026-05-03,1,1704,8,11,4,998.5525,998.5525,228.6438,0.0000,22.897519,90.7775,124.8191,1.3750,0,1,28,1843985,A168_HF9F_20260827_0900,2026-08-27 09:00:00,185
114630950|15|8,8,114630950,15,2026-05-03,1,1704,6,10,6,951.3118,951.3118,-731.6946,1.7015,-76.914279,95.1312,158.5520,1.6667,0,1,15,1843986,A168_HF9F_20260827_0900,2026-08-27 09:00:00,185
114630950|16|8,8,114630950,16,2026-05-03,1,1704,11,15,4,1701.2186,60.3699,-93.6693,0.0000,-155.158902,113.4146,154.6562,1.3636,11,1,55,1843987,A168_HF9F_20260827_0900,2026-08-27 09:00:00,185
114630950|17|8,8,114630950,17,2026-05-03,1,1704,10,15,5,3236.4961,3236.4961,-2209.1522,0.4054,-68.257527,215.7664,323.6496,1.5000,0,1,45,1843988,A168_HF9F_20260827_0900,2026-08-27 09:00:00,185
114630950|18|8,8,114630950,18,2026-05-03,1,1704,13,18,5,3524.1929,3524.1929,-2957.2903,2.2267,-83.913973,195.7885,271.0918,1.3846,0,1,78,1843989,A168_HF9F_20260827_0900,2026-08-27 09:00:00,185
114630950|19|8,8,114630950,19,2026-05-03,1,1704,11,15,5,3015.9330,3015.9330,-3165.2589,1.0648,-104.951234,201.0622,274.1757,1.3636,0,1,55,1843990,A168_HF9F_20260827_0900,2026-08-27 09:00:00,185
114630950|2|8,8,114630950,2,2026-05-03,1,1704,3,4,3,107.4870,6.8399,6.8399,0.0000,100.000000,26.8717,35.8290,1.3333,3,1,3,1843991,A168_HF9F_20260827_0900,2026-08-27 09:00:00,185
114630950|20|8,8,114630950,20,2026-05-03,1,1704,15,18,3,1916.3537,1916.3537,645.0208,2.2687,33.658757,106.4641,127.7569,1.2000,0,1,105,1843992,A168_HF9F_20260827_0900,2026-08-27 09:00:00,185
114630950|21|8,8,114630950,21,2026-05-03,1,1704,16,26,8,1465.2049,1465.2049,1270.3738,0.4140,86.702810,56.3540,91.5753,1.6250,0,1,120,1843993,A168_HF9F_20260827_0900,2026-08-27 09:00:00,185
114630950|22|8,8,114630950,22,2026-05-03,1,1704,11,16,4,1166.8914,62.0872,-425.6635,0.0474,-685.590004,72.9307,106.0810,1.4545,11,1,55,1843994,A168_HF9F_20260827_0900,2026-08-27 09:00:00,185
114630950|23|8,8,114630950,23,2026-05-03,1,2127,11,12,3,707.5436,707.5436,-192.1053,2.3424,-27.151022,58.9620,64.3221,1.0909,0,1,55,1843995,A168_HF9F_20260827_0900,2026-08-27 09:00:00,185
114630950|24|8,8,114630950,24,2026-05-03,1,2127,13,16,5,918.1897,918.1897,633.4244,1.8749,68.986226,57.3869,70.6300,1.2308,0,1,78,1843996,A168_HF9F_20260827_0900,2026-08-27 09:00:00,185
114630950|25|8,8,114630950,25,2026-05-03,1,2127,7,13,7,786.8626,786.8626,-368.9678,1.0755,-46.891010,60.5279,112.4089,1.8571,0,1,21,1843997,A168_HF9F_20260827_0900,2026-08-27 09:00:00,185
114630950|26|8,8,114630950,26,2026-05-03,1,2127,4,5,3,529.1314,529.1314,-248.2052,0.5016,-46.908051,105.8263,132.2829,1.2500,0,1,6,1843998,A168_HF9F_20260827_0900,2026-08-27 09:00:00,185
114630950|27|8,8,114630950,27,2026-05-03,1,2127,11,13,3,787.1240,787.1240,67.7091,2.2488,8.602087,60.5480,71.5567,1.1818,0,1,55,1843999,A168_HF9F_20260827_0900,2026-08-27 09:00:00,185
114630950|28|8,8,114630950,28,2026-05-03,1,2127,13,15,3,929.6017,929.6017,462.2640,3.0764,49.727098,61.9734,71.5078,1.1538,0,1,78,1844000,A168_HF9F_20260827_0900,2026-08-27 09:00:00,185
114630950|29|8,8,114630950,29,2026-05-03,1,2127,10,10,2,690.3408,690.3408,90.7220,1.8906,13.141624,69.0341,69.0341,1.0000,0,1,45,1844001,A168_HF9F_20260827_0900,2026-08-27 09:00:00,185
114630950|3|8,8,114630950,3,2026-05-03,1,1704,2,3,2,79.8235,79.8235,-55.3513,0.0000,-69.342105,26.6078,39.9118,1.5000,0,1,1,1844002,A168_HF9F_20260827_0900,2026-08-27 09:00:00,185
114630950|30|8,8,114630950,30,2026-05-03,1,2127,14,15,3,1615.3334,1615.3334,1466.5638,4.9155,90.790163,107.6889,115.3810,1.0714,0,1,91,1844003,A168_HF9F_20260827_0900,2026-08-27 09:00:00,185
114630950|31|8,8,114630950,31,2026-05-03,1,2127,6,8,3,190.7205,190.7205,23.5651,0.5041,12.355840,23.8401,31.7868,1.3333,0,1,15,1844004,A168_HF9F_20260827_0900,2026-08-27 09:00:00,185
114630950|32|8,8,114630950,32,2026-05-03,1,2127,6,7,3,125.9353,125.9353,-105.4648,0.3361,-83.745230,17.9908,20.9892,1.1667,0,1,15,1844005,A168_HF9F_20260827_0900,2026-08-27 09:00:00,185
114630950|33|8,8,114630950,33,2026-05-03,1,2127,11,13,3,1039.6773,1039.6773,-863.5282,0.6554,-83.057326,79.9752,94.5161,1.1818,0,1,55,1844006,A168_HF9F_20260827_0900,2026-08-27 09:00:00,185
114630950|34|8,8,114630950,34,2026-05-03,1,2127,11,16,4,494.4890,494.4890,-306.5571,0.4033,-61.994728,30.9056,44.9535,1.4545,0,1,55,1844007,A168_HF9F_20260827_0900,2026-08-27 09:00:00,185
114630950|35|8,8,114630950,35,2026-05-03,1,2127,14,18,4,821.4496,821.4496,-225.1503,0.2857,-27.408904,45.6361,58.6750,1.2857,0,1,91,1844008,A168_HF9F_20260827_0900,2026-08-27 09:00:00,185
114630950|36|8,8,114630950,36,2026-05-03,1,2127,17,19,4,2899.4187,2899.4187,331.2606,12.0996,11.425070,152.6010,170.5540,1.1176,0,1,136,1844009,A168_HF9F_20260827_0900,2026-08-27 09:00:00,185
114630950|37|8,8,114630950,37,2026-05-03,1,2127,18,20,4,2778.4926,2.3107,-16.5949,0.0168,-718.181818,138.9246,154.3607,1.1111,18,1,153,1844010,A168_HF9F_20260827_0900,2026-08-27 09:00:00,185
114630950|38|8,8,114630950,38,2026-05-03,1,2127,17,22,7,2910.0910,2901.6885,2242.8711,8.7386,77.295380,132.2769,171.1818,1.2941,1,1,136,1844011,A168_HF9F_20260827_0900,2026-08-27 09:00:00,185
114630950|39|8,8,114630950,39,2026-05-03,1,2127,13,16,5,2099.4502,2099.4502,-1888.9266,6.5539,-89.972442,131.2156,161.4962,1.2308,0,1,78,1844012,A168_HF9F_20260827_0900,2026-08-27 09:00:00,185
114630950|4|8,8,114630950,4,2026-05-03,1,1704,1,1,1,8.4025,8.4025,-7.9824,0.0000,-95.000000,8.4025,8.4025,1.0000,0,0,0,1844013,A168_HF9F_20260827_0900,2026-08-27 09:00:00,185
114630950|40|8,8,114630950,40,2026-05-03,1,2127,10,11,2,2000.4011,1966.2014,-1865.5051,6.6380,-94.878638,181.8546,200.0401,1.1000,0,1,45,1844014,A168_HF9F_20260827_0900,2026-08-27 09:00:00,185
114630950|41|8,8,114630950,41,2026-05-03,1,2127,9,9,2,2106.0440,0.0000,0.0000,0.0000,,234.0049,234.0049,1.0000,9,1,36,1844015,A168_HF9F_20260827_0900,2026-08-27 09:00:00,185
114630950|42|8,8,114630950,42,2026-05-03,1,2127,8,13,7,2866.8358,2866.8358,-284.0937,13.1079,-9.909662,220.5258,358.3545,1.6250,0,1,28,1844016,A168_HF9F_20260827_0900,2026-08-27 09:00:00,185
114630950|43|8,8,114630950,43,2026-05-03,1,2127,10,18,7,2894.3724,2894.3724,2670.3476,12.7214,92.259987,160.7985,289.4372,1.8000,0,1,45,1844017,A168_HF9F_20260827_0900,2026-08-27 09:00:00,185
114630950|44|8,8,114630950,44,2026-05-03,1,2127,9,9,2,1107.1568,1107.1568,-220.2687,3.6971,-19.894984,123.0174,123.0174,1.0000,0,1,36,1844018,A168_HF9F_20260827_0900,2026-08-27 09:00:00,185
114630950|45|8,8,114630950,45,2026-05-03,1,2127,9,11,3,388.4073,4.4113,-33.3999,0.0336,-757.142857,35.3098,43.1564,1.2222,9,1,36,1844019,A168_HF9F_20260827_0900,2026-08-27 09:00:00,185
114630950|46|8,8,114630950,46,2026-05-03,1,2127,9,12,5,1146.7460,1146.7460,-240.1802,5.1255,-20.944503,95.5622,127.4162,1.3333,0,1,36,1844020,A168_HF9F_20260827_0900,2026-08-27 09:00:00,185
114630950|47|8,8,114630950,47,2026-05-03,1,2127,9,13,4,709.0118,709.0118,-164.3823,0.5714,-23.184708,54.5394,78.7791,1.4444,0,1,36,1844021,A168_HF9F_20260827_0900,2026-08-27 09:00:00,185
114630950|48|8,8,114630950,48,2026-05-03,1,2127,10,13,5,1659.4537,1659.4537,1464.9803,6.7220,88.280879,127.6503,165.9454,1.3000,0,1,45,1844022,A168_HF9F_20260827_0900,2026-08-27 09:00:00,185
114630950|49|8,8,114630950,49,2026-05-03,1,2127,11,14,5,1546.7204,1546.7204,1366.4872,5.4616,88.347398,110.4800,140.6109,1.2727,0,1,55,1844023,A168_HF9F_20260827_0900,2026-08-27 09:00:00,185
114630950|5|8,8,114630950,5,2026-05-03,1,1704,2,2,1,54.6161,54.6161,-51.8853,0.0000,-95.000000,27.3081,27.3081,1.0000,0,1,1,1844024,A168_HF9F_20260827_0900,2026-08-27 09:00:00,185
114630950|50|8,8,114630950,50,2026-05-03,1,2127,9,13,4,1119.2538,1119.2538,1022.7501,4.4533,91.377854,86.0964,124.3615,1.4444,0,1,36,1844025,A168_HF9F_20260827_0900,2026-08-27 09:00:00,185
114630950|6|8,8,114630950,6,2026-05-03,1,1704,8,8,1,549.0259,549.0259,549.0259,0.0000,100.000000,68.6282,68.6282,1.0000,0,1,28,1844026,A168_HF9F_20260827_0900,2026-08-27 09:00:00,185
114630950|7|8,8,114630950,7,2026-05-03,1,1704,3,3,1,50.6093,50.6093,50.6093,0.0000,100.000000,16.8698,16.8698,1.0000,0,1,3,1844027,A168_HF9F_20260827_0900,2026-08-27 09:00:00,185
114630950|8|8,8,114630950,8,2026-05-03,1,1704,1,1,1,10.5031,10.5031,10.5031,0.0000,100.000000,10.5031,10.5031,1.0000,0,0,0,1844028,A168_HF9F_20260827_0900,2026-08-27 09:00:00,185
114630950|9|8,8,114630950,9,2026-05-03,1,1704,3,3,2,26.9301,26.9301,-14.0320,0.0000,-52.105267,8.9767,8.9767,1.0000,0,1,3,1844029,A168_HF9F_20260827_0900,2026-08-27 09:00:00,185
114630983|10|8,8,114630983,10,2026-05-03,1,948,2,3,2,90.7302,90.7302,-77.0503,0.0000,-84.922457,30.2434,45.3651,1.5000,0,1,1,1844030,A168_HF9F_20260827_0900,2026-08-27 09:00:00,185
114630983|11|8,8,114630983,11,2026-05-03,1,948,5,7,3,125.8559,125.8559,117.2050,0.0000,93.126350,17.9794,25.1712,1.4000,0,1,10,1844031,A168_HF9F_20260827_0900,2026-08-27 09:00:00,185
114630983|12|8,8,114630983,12,2026-05-03,1,948,8,11,5,601.2543,601.2543,-427.2670,0.0000,-71.062618,54.6595,75.1568,1.3750,0,1,28,1844032,A168_HF9F_20260827_0900,2026-08-27 09:00:00,185
114630983|13|8,8,114630983,13,2026-05-03,1,948,7,9,5,197.2925,197.2925,-59.6118,0.0000,-30.214939,21.9214,28.1846,1.2857,0,1,21,1844033,A168_HF9F_20260827_0900,2026-08-27 09:00:00,185
114630983|14|8,8,114630983,14,2026-05-03,1,948,8,14,7,906.3820,906.3820,-606.0238,0.0000,-66.861856,64.7416,113.2978,1.7500,0,1,28,1844034,A168_HF9F_20260827_0900,2026-08-27 09:00:00,185
114630983|15|8,8,114630983,15,2026-05-03,1,948,7,11,5,153.4589,153.4589,47.2111,0.0000,30.764687,13.9508,21.9227,1.5714,0,1,21,1844035,A168_HF9F_20260827_0900,2026-08-27 09:00:00,185
114630983|16|8,8,114630983,16,2026-05-03,1,948,6,6,2,118.8604,118.8604,-12.6844,0.0000,-10.671641,19.8101,19.8101,1.0000,0,1,15,1844036,A168_HF9F_20260827_0900,2026-08-27 09:00:00,185
114630983|17|8,8,114630983,17,2026-05-03,1,948,11,20,8,507.1504,507.1504,-209.8978,0.0000,-41.387672,25.3575,46.1046,1.8182,0,1,55,1844037,A168_HF9F_20260827_0900,2026-08-27 09:00:00,185
114630983|18|8,8,114630983,18,2026-05-03,1,948,9,14,5,189.0263,189.0263,78.0691,0.0000,41.300652,13.5019,21.0029,1.5556,0,1,36,1844038,A168_HF9F_20260827_0900,2026-08-27 09:00:00,185
114630983|19|8,8,114630983,19,2026-05-03,1,948,12,18,7,613.2278,613.2278,-430.5021,0.0000,-70.202635,34.0682,51.1023,1.5000,0,1,66,1844039,A168_HF9F_20260827_0900,2026-08-27 09:00:00,185
114630983|2|8,8,114630983,2,2026-05-03,1,2127,2,2,2,134.5975,134.5975,125.9466,0.0000,93.572769,67.2988,67.2988,1.0000,0,1,1,1844040,A168_HF9F_20260827_0900,2026-08-27 09:00:00,185
114630983|20|8,8,114630983,20,2026-05-03,1,948,11,16,6,1599.5686,1599.5686,1493.5540,0.0000,93.372297,99.9730,145.4153,1.4545,0,1,55,1844041,A168_HF9F_20260827_0900,2026-08-27 09:00:00,185
114630983|21|8,8,114630983,21,2026-05-03,1,948,16,22,7,3018.3159,3018.3159,-2790.2107,0.0000,-92.442632,137.1962,188.6447,1.3750,0,1,120,1844042,A168_HF9F_20260827_0900,2026-08-27 09:00:00,185
114630983|22|8,8,114630983,22,2026-05-03,1,948,10,17,7,1093.7938,1093.7938,-980.2004,0.0000,-89.614734,64.3408,109.3794,1.7000,0,1,45,1844043,A168_HF9F_20260827_0900,2026-08-27 09:00:00,185
114630983|23|8,8,114630983,23,2026-05-03,1,948,20,24,6,2668.0833,2668.0833,2551.0282,0.8402,95.612763,111.1701,133.4042,1.2000,0,1,190,1844044,A168_HF9F_20260827_0900,2026-08-27 09:00:00,185
114630983|24|8,8,114630983,24,2026-05-03,1,948,14,19,7,862.5506,23.3511,-189.4038,0.0000,-811.111111,45.3974,61.6108,1.3571,14,1,91,1844045,A168_HF9F_20260827_0900,2026-08-27 09:00:00,185
114630983|25|8,8,114630983,25,2026-05-03,1,948,13,20,8,802.1296,802.1296,-599.6215,0.0000,-74.753693,40.1065,61.7023,1.5385,0,1,78,1844046,A168_HF9F_20260827_0900,2026-08-27 09:00:00,185
114630983|26|8,8,114630983,26,2026-05-03,1,948,13,18,7,1017.8953,1017.8953,445.5518,0.0000,43.771872,56.5497,78.2996,1.3846,0,1,78,1844047,A168_HF9F_20260827_0900,2026-08-27 09:00:00,185
114630983|27|8,8,114630983,27,2026-05-03,1,948,9,14,6,771.5246,771.5246,731.0493,0.0000,94.753852,55.1089,85.7250,1.5556,0,1,36,1844048,A168_HF9F_20260827_0900,2026-08-27 09:00:00,185
114630983|28|8,8,114630983,28,2026-05-03,1,948,12,13,3,1672.7758,1672.7758,1641.6410,0.0000,98.138731,128.6751,139.3980,1.0833,0,1,66,1844049,A168_HF9F_20260827_0900,2026-08-27 09:00:00,185
114630983|29|8,8,114630983,29,2026-05-03,1,948,9,14,7,990.4845,990.4845,438.2656,0.0000,44.247596,70.7489,110.0538,1.5556,0,1,36,1844050,A168_HF9F_20260827_0900,2026-08-27 09:00:00,185
114630983|3|8,8,114630983,3,2026-05-03,1,2127,2,2,2,134.5975,134.5975,-119.4330,0.0000,-88.733450,67.2988,67.2988,1.0000,0,1,1,1844051,A168_HF9F_20260827_0900,2026-08-27 09:00:00,185
114630983|30|8,8,114630983,30,2026-05-03,1,948,5,5,2,1006.1074,1006.1074,-663.2770,0.0000,-65.925068,201.2215,201.2215,1.0000,0,1,10,1844052,A168_HF9F_20260827_0900,2026-08-27 09:00:00,185
114630983|31|8,8,114630983,31,2026-05-03,1,948,6,10,5,385.8459,351.2424,222.0420,0.0000,63.216194,38.5846,64.3077,1.6667,0,1,15,1844053,A168_HF9F_20260827_0900,2026-08-27 09:00:00,185
114630983|32|8,8,114630983,32,2026-05-03,1,948,12,16,5,9126.1276,9126.1276,8513.1563,0.0000,93.283336,570.3830,760.5106,1.3333,0,1,66,1844054,A168_HF9F_20260827_0900,2026-08-27 09:00:00,185
114630983|33|8,8,114630983,33,2026-05-03,1,948,4,5,3,33.6093,33.6093,16.5559,0.0000,49.259980,6.7219,8.4023,1.2500,0,1,6,1844055,A168_HF9F_20260827_0900,2026-08-27 09:00:00,185
114630983|34|8,8,114630983,34,2026-05-03,1,948,4,4,1,198.3946,198.3946,-198.3946,0.0000,-100.000000,49.5987,49.5987,1.0000,0,1,6,1844056,A168_HF9F_20260827_0900,2026-08-27 09:00:00,185
114630983|35|8,8,114630983,35,2026-05-03,1,948,4,4,2,504.3315,504.3315,503.5123,0.0000,99.837559,126.0829,126.0829,1.0000,0,1,6,1844057,A168_HF9F_20260827_0900,2026-08-27 09:00:00,185
114630983|36|8,8,114630983,36,2026-05-03,1,948,5,5,2,859.9901,0.0000,0.0000,0.0000,,171.9980,171.9980,1.0000,5,1,10,1844058,A168_HF9F_20260827_0900,2026-08-27 09:00:00,185
114630983|37|8,8,114630983,37,2026-05-03,1,948,4,4,2,66.3080,66.3080,-27.3110,0.0000,-41.188157,16.5770,16.5770,1.0000,0,1,6,1844059,A168_HF9F_20260827_0900,2026-08-27 09:00:00,185
114630983|38|8,8,114630983,38,2026-05-03,1,948,1,1,1,15.5674,15.5674,-15.5674,0.0000,-100.000000,15.5674,15.5674,1.0000,0,0,0,1844060,A168_HF9F_20260827_0900,2026-08-27 09:00:00,185
114630983|39|8,8,114630983,39,2026-05-03,1,1704,5,9,6,997.9800,997.9800,863.3022,0.0000,86.504959,110.8867,199.5960,1.8000,0,1,10,1844061,A168_HF9F_20260827_0900,2026-08-27 09:00:00,185
114630983|4|8,8,114630983,4,2026-05-03,1,2127,4,4,2,248.2794,248.2794,-5.7511,0.0000,-2.316399,62.0698,62.0698,1.0000,0,1,6,1844062,A168_HF9F_20260827_0900,2026-08-27 09:00:00,185
114630983|40|8,8,114630983,40,2026-05-03,1,1704,5,5,2,463.7228,463.7228,-288.1686,0.0000,-62.142421,92.7446,92.7446,1.0000,0,1,10,1844063,A168_HF9F_20260827_0900,2026-08-27 09:00:00,185
114630983|41|8,8,114630983,41,2026-05-03,1,1704,4,5,2,495.4687,495.4687,-412.1952,0.0000,-83.192997,99.0937,123.8672,1.2500,0,1,6,1844064,A168_HF9F_20260827_0900,2026-08-27 09:00:00,185
114630983|42|8,8,114630983,42,2026-05-03,1,1704,5,6,3,1794.6074,1794.6074,1697.5840,0.0000,94.593615,299.1012,358.9215,1.2000,0,1,10,1844065,A168_HF9F_20260827_0900,2026-08-27 09:00:00,185
114630983|43|8,8,114630983,43,2026-05-03,1,1704,4,5,3,429.5712,429.5712,325.7392,0.0000,75.828908,85.9142,107.3928,1.2500,0,1,6,1844066,A168_HF9F_20260827_0900,2026-08-27 09:00:00,185
114630983|44|8,8,114630983,44,2026-05-03,1,1704,6,8,4,1034.4036,1034.4036,132.1969,0.0000,12.780012,129.3005,172.4006,1.3333,0,1,15,1844067,A168_HF9F_20260827_0900,2026-08-27 09:00:00,185
114630983|45|8,8,114630983,45,2026-05-03,1,1704,2,3,2,445.5674,445.5674,-365.5674,0.0000,-82.045366,148.5225,222.7837,1.5000,0,1,1,1844068,A168_HF9F_20260827_0900,2026-08-27 09:00:00,185
114630983|46|8,8,114630983,46,2026-05-03,1,1704,5,5,2,895.6542,895.6542,81.1615,0.0000,9.061706,179.1308,179.1308,1.0000,0,1,10,1844069,A168_HF9F_20260827_0900,2026-08-27 09:00:00,185
114630983|47|8,8,114630983,47,2026-05-03,1,1704,3,4,3,495.4569,495.4569,-236.4345,0.0000,-47.720508,123.8642,165.1523,1.3333,0,1,3,1844070,A168_HF9F_20260827_0900,2026-08-27 09:00:00,185
114630983|48|8,8,114630983,48,2026-05-03,1,1704,5,8,4,3256.9160,3256.9160,2080.6508,0.2017,63.884080,407.1145,651.3832,1.6000,0,1,10,1844071,A168_HF9F_20260827_0900,2026-08-27 09:00:00,185
114630983|49|8,8,114630983,49,2026-05-03,1,1704,3,5,4,443.8572,443.8572,-4.6428,0.0000,-1.046014,88.7714,147.9524,1.6667,0,1,3,1844072,A168_HF9F_20260827_0900,2026-08-27 09:00:00,185
114630983|5|8,8,114630983,5,2026-05-03,1,948,2,2,2,34.6036,34.6036,0.0000,0.0000,0.000000,17.3018,17.3018,1.0000,0,1,1,1844073,A168_HF9F_20260827_0900,2026-08-27 09:00:00,185
114630983|50|8,8,114630983,50,2026-05-03,1,1704,5,6,3,528.2564,528.2564,-330.4442,0.0000,-62.553749,88.0427,105.6513,1.2000,0,1,10,1844074,A168_HF9F_20260827_0900,2026-08-27 09:00:00,185
114630983|51|8,8,114630983,51,2026-05-03,1,1704,5,7,4,524.2858,524.2858,-427.9069,0.2521,-81.617110,74.8980,104.8572,1.4000,0,1,10,1844075,A168_HF9F_20260827_0900,2026-08-27 09:00:00,185
114630983|6|8,8,114630983,6,2026-05-03,1,948,3,3,1,58.3796,58.3796,58.3796,0.0000,100.000000,19.4599,19.4599,1.0000,0,1,3,1844076,A168_HF9F_20260827_0900,2026-08-27 09:00:00,185
114630983|7|8,8,114630983,7,2026-05-03,1,948,2,2,2,28.1154,28.1154,10.8136,0.0000,38.461538,14.0577,14.0577,1.0000,0,1,1,1844077,A168_HF9F_20260827_0900,2026-08-27 09:00:00,185
114630983|8|8,8,114630983,8,2026-05-03,1,948,3,3,2,69.4394,69.4394,60.7885,0.0000,87.541803,23.1465,23.1465,1.0000,0,1,3,1844078,A168_HF9F_20260827_0900,2026-08-27 09:00:00,185
114630983|9|8,8,114630983,9,2026-05-03,1,948,2,2,1,172.3750,172.3750,172.3750,0.0000,100.000000,86.1875,86.1875,1.0000,0,1,1,1844079,A168_HF9F_20260827_0900,2026-08-27 09:00:00,185
114631010|10|8,8,114631010,10,2026-05-03,1,1704,3,3,2,849.2795,849.2795,509.2795,0.0000,59.966067,283.0932,283.0932,1.0000,0,1,3,1844080,A168_HF9F_20260827_0900,2026-08-27 09:00:00,185
114631010|11|8,8,114631010,11,2026-05-03,1,1704,6,6,3,704.2579,704.2579,-305.2508,0.0000,-43.343609,117.3763,117.3763,1.0000,0,1,15,1844081,A168_HF9F_20260827_0900,2026-08-27 09:00:00,185
114631010|12|8,8,114631010,12,2026-05-03,1,1704,3,3,2,960.5377,960.5377,-890.7695,0.0000,-92.736548,320.1792,320.1792,1.0000,0,1,3,1844082,A168_HF9F_20260827_0900,2026-08-27 09:00:00,185
114631010|13|8,8,114631010,13,2026-05-03,1,1704,2,2,2,641.5741,641.5741,589.6826,0.0000,91.911855,320.7870,320.7870,1.0000,0,1,1,1844083,A168_HF9F_20260827_0900,2026-08-27 09:00:00,185
114631010|14|8,8,114631010,14,2026-05-03,1,1704,3,4,2,1588.9909,1588.9909,1588.9909,0.0000,100.000000,397.2477,529.6636,1.3333,0,1,3,1844084,A168_HF9F_20260827_0900,2026-08-27 09:00:00,185
114631010|15|8,8,114631010,15,2026-05-03,1,1704,7,7,2,800.2836,800.2836,-780.7317,0.0000,-97.556882,114.3262,114.3262,1.0000,0,1,21,1844085,A168_HF9F_20260827_0900,2026-08-27 09:00:00,185
114631010|16|8,8,114631010,16,2026-05-03,1,1704,2,3,2,66.3240,66.3240,66.3240,0.0000,100.000000,22.1080,33.1620,1.5000,0,1,1,1844086,A168_HF9F_20260827_0900,2026-08-27 09:00:00,185
114631010|17|8,8,114631010,17,2026-05-03,1,2127,2,2,2,83.0263,83.0263,-18.1620,0.0000,-21.875000,41.5132,41.5132,1.0000,0,1,1,1844087,A168_HF9F_20260827_0900,2026-08-27 09:00:00,185
114631010|18|8,8,114631010,18,2026-05-03,1,2127,3,4,3,97.0989,97.0989,-4.0894,0.2017,-4.211619,24.2747,32.3663,1.3333,0,1,3,1844088,A168_HF9F_20260827_0900,2026-08-27 09:00:00,185
114631010|19|8,8,114631010,19,2026-05-03,1,2127,4,7,4,236.0536,236.0536,236.0536,0.0000,100.000000,33.7219,59.0134,1.7500,0,1,6,1844089,A168_HF9F_20260827_0900,2026-08-27 09:00:00,185
114631010|2|8,8,114631010,2,2026-05-03,1,1704,2,3,2,51.8914,51.8914,-25.9457,0.0000,-50.000000,17.2971,25.9457,1.5000,0,1,1,1844090,A168_HF9F_20260827_0900,2026-08-27 09:00:00,185
114631010|20|8,8,114631010,20,2026-05-03,1,2127,5,6,4,387.8914,387.8914,-302.7245,0.0000,-78.043606,64.6486,77.5783,1.2000,0,1,10,1844091,A168_HF9F_20260827_0900,2026-08-27 09:00:00,185
114631010|21|8,8,114631010,21,2026-05-03,1,2127,11,12,3,2821.2301,2821.2301,1217.5807,0.0000,43.157794,235.1025,256.4755,1.0909,0,1,55,1844092,A168_HF9F_20260827_0900,2026-08-27 09:00:00,185
114631010|22|8,8,114631010,22,2026-05-03,1,2127,4,5,2,620.7407,620.7407,620.7407,0.0000,100.000000,124.1481,155.1852,1.2500,0,1,6,1844093,A168_HF9F_20260827_0900,2026-08-27 09:00:00,185
114631010|23|8,8,114631010,23,2026-05-03,1,2127,2,3,3,548.2973,548.2973,464.2725,0.0000,84.675324,182.7658,274.1487,1.5000,0,1,1,1844094,A168_HF9F_20260827_0900,2026-08-27 09:00:00,185
114631010|24|8,8,114631010,24,2026-05-03,1,2127,4,4,2,82.4299,82.4299,10.4175,0.0000,12.638010,20.6075,20.6075,1.0000,0,1,6,1844095,A168_HF9F_20260827_0900,2026-08-27 09:00:00,185
114631010|25|8,8,114631010,25,2026-05-03,1,2127,5,5,1,706.7558,706.7558,706.7558,0.0000,100.000000,141.3512,141.3512,1.0000,0,1,10,1844096,A168_HF9F_20260827_0900,2026-08-27 09:00:00,185
114631010|26|8,8,114631010,26,2026-05-03,1,2127,1,1,1,80.0000,80.0000,80.0000,0.0000,100.000000,80.0000,80.0000,1.0000,0,0,0,1844097,A168_HF9F_20260827_0900,2026-08-27 09:00:00,185
114631010|27|8,8,114631010,27,2026-05-03,1,2127,1,1,1,22.0000,22.0000,22.0000,0.0000,100.000000,22.0000,22.0000,1.0000,0,0,0,1844098,A168_HF9F_20260827_0900,2026-08-27 09:00:00,185
114631010|28|8,8,114631010,28,2026-05-03,1,2127,1,1,1,45.0000,45.0000,-42.7500,0.0000,-95.000000,45.0000,45.0000,1.0000,0,0,0,1844099,A168_HF9F_20260827_0900,2026-08-27 09:00:00,185
114631010|29|8,8,114631010,29,2026-05-03,1,2127,4,4,2,4707.8715,4707.8715,-3387.1936,0.0000,-71.947452,1176.9679,1176.9679,1.0000,0,1,6,1844100,A168_HF9F_20260827_0900,2026-08-27 09:00:00,185
114631010|3|8,8,114631010,3,2026-05-03,1,1704,2,4,4,112.1606,112.1606,-155.4150,0.0000,-138.564766,28.0401,56.0803,2.0000,0,1,1,1844101,A168_HF9F_20260827_0900,2026-08-27 09:00:00,185
114631010|30|8,8,114631010,30,2026-05-03,1,2127,1,1,1,155.6751,155.6751,-155.6751,0.0000,-100.000000,155.6751,155.6751,1.0000,0,0,0,1844102,A168_HF9F_20260827_0900,2026-08-27 09:00:00,185
114631010|31|8,8,114631010,31,2026-05-03,1,2127,1,1,1,341.9973,341.9973,341.9973,0.0000,100.000000,341.9973,341.9973,1.0000,0,0,0,1844103,A168_HF9F_20260827_0900,2026-08-27 09:00:00,185
114631010|32|8,8,114631010,32,2026-05-03,1,2127,5,5,2,1098.6945,1098.6945,1056.6821,0.0000,96.176153,219.7389,219.7389,1.0000,0,1,10,1844104,A168_HF9F_20260827_0900,2026-08-27 09:00:00,185
114631010|33|8,8,114631010,33,2026-05-03,1,2127,5,7,4,1873.4166,1873.4166,1087.9012,0.0000,58.070438,267.6309,374.6833,1.4000,0,1,10,1844105,A168_HF9F_20260827_0900,2026-08-27 09:00:00,185
114631010|34|8,8,114631010,34,2026-05-03,1,2127,3,5,4,1535.8515,1535.8515,1501.0842,0.0000,97.736287,307.1703,511.9505,1.6667,0,1,3,1844106,A168_HF9F_20260827_0900,2026-08-27 09:00:00,185
114631010|35|8,8,114631010,35,2026-05-03,1,2127,4,4,1,53.9133,53.9133,-51.2177,0.0000,-95.000000,13.4783,13.4783,1.0000,0,1,6,1844107,A168_HF9F_20260827_0900,2026-08-27 09:00:00,185
114631010|36|8,8,114631010,36,2026-05-03,1,2127,5,5,2,214.7835,0.0000,0.0000,0.0000,,42.9567,42.9567,1.0000,5,1,10,1844108,A168_HF9F_20260827_0900,2026-08-27 09:00:00,185
114631010|37|8,8,114631010,37,2026-05-03,1,2127,2,2,1,159.5289,159.5289,-159.5289,0.0000,-100.000000,79.7645,79.7645,1.0000,0,1,1,1844109,A168_HF9F_20260827_0900,2026-08-27 09:00:00,185
114631010|38|8,8,114631010,38,2026-05-03,1,2127,10,14,5,1555.2878,1553.2878,-178.3671,0.8402,-11.483195,111.0920,155.5288,1.4000,2,1,45,1844110,A168_HF9F_20260827_0900,2026-08-27 09:00:00,185
114631010|39|8,8,114631010,39,2026-05-03,1,2127,8,8,2,1127.3128,0.0000,0.0000,0.0000,,140.9141,140.9141,1.0000,8,1,28,1844111,A168_HF9F_20260827_0900,2026-08-27 09:00:00,185
114631010|4|8,8,114631010,4,2026-05-03,1,1704,3,3,1,1845.4416,1845.4416,-1845.4416,0.0000,-100.000000,615.1472,615.1472,1.0000,0,1,3,1844112,A168_HF9F_20260827_0900,2026-08-27 09:00:00,185
114631010|40|8,8,114631010,40,2026-05-03,1,2127,7,10,5,578.1914,578.1914,-410.0107,0.0000,-70.912632,57.8191,82.5988,1.4286,0,1,21,1844113,A168_HF9F_20260827_0900,2026-08-27 09:00:00,185
114631010|41|8,8,114631010,41,2026-05-03,1,2127,5,5,2,624.1099,624.1099,-522.1728,0.0000,-83.666792,124.8220,124.8220,1.0000,0,1,10,1844114,A168_HF9F_20260827_0900,2026-08-27 09:00:00,185
114631010|42|8,8,114631010,42,2026-05-03,1,2127,7,7,2,1484.2981,1484.2981,-1334.1920,0.0000,-89.887063,212.0426,212.0426,1.0000,0,1,21,1844115,A168_HF9F_20260827_0900,2026-08-27 09:00:00,185
114631010|43|8,8,114631010,43,2026-05-03,1,2127,4,5,3,79.3867,79.3867,-56.2799,0.0000,-70.893345,15.8773,19.8467,1.2500,0,1,6,1844116,A168_HF9F_20260827_0900,2026-08-27 09:00:00,185
114631010|44|8,8,114631010,44,2026-05-03,1,2127,10,14,5,1061.3451,1061.3451,825.1074,0.0000,77.741666,75.8104,106.1345,1.4000,0,1,45,1844117,A168_HF9F_20260827_0900,2026-08-27 09:00:00,185
114631010|45|8,8,114631010,45,2026-05-03,1,2127,9,11,4,1429.7282,1429.7282,821.3814,0.0000,57.450180,129.9753,158.8587,1.2222,0,1,36,1844118,A168_HF9F_20260827_0900,2026-08-27 09:00:00,185
114631010|46|8,8,114631010,46,2026-05-03,1,2127,5,5,2,270.3389,270.3389,208.8958,0.0000,77.271819,54.0678,54.0678,1.0000,0,1,10,1844119,A168_HF9F_20260827_0900,2026-08-27 09:00:00,185
114631010|47|8,8,114631010,47,2026-05-03,1,2127,3,3,2,60.0496,60.0496,-31.7500,0.0000,-52.873020,20.0165,20.0165,1.0000,0,1,3,1844120,A168_HF9F_20260827_0900,2026-08-27 09:00:00,185
114631010|48|8,8,114631010,48,2026-05-03,1,2127,9,9,2,5766.5952,5766.5952,-3029.0044,0.0000,-52.526740,640.7328,640.7328,1.0000,0,1,36,1844121,A168_HF9F_20260827_0900,2026-08-27 09:00:00,185
114631010|49|8,8,114631010,49,2026-05-03,1,948,6,6,2,549.1972,549.1972,-443.6661,0.0000,-80.784471,91.5329,91.5329,1.0000,0,1,15,1844122,A168_HF9F_20260827_0900,2026-08-27 09:00:00,185
114631010|5|8,8,114631010,5,2026-05-03,1,1704,11,14,5,497.4355,497.4355,216.3289,0.0000,43.488840,35.5311,45.2214,1.2727,0,1,55,1844123,A168_HF9F_20260827_0900,2026-08-27 09:00:00,185
114631010|50|8,8,114631010,50,2026-05-03,1,948,4,4,1,381.7765,381.7765,381.7765,0.0000,100.000000,95.4441,95.4441,1.0000,0,1,6,1844124,A168_HF9F_20260827_0900,2026-08-27 09:00:00,185
114631010|51|8,8,114631010,51,2026-05-03,1,948,3,3,2,174.2108,174.2108,-85.2465,0.0000,-48.932942,58.0703,58.0703,1.0000,0,1,3,1844125,A168_HF9F_20260827_0900,2026-08-27 09:00:00,185
114631010|6|8,8,114631010,6,2026-05-03,1,1704,7,8,3,1057.6550,1057.6550,908.3397,0.0000,85.882422,132.2069,151.0936,1.1429,0,1,21,1844126,A168_HF9F_20260827_0900,2026-08-27 09:00:00,185
114631010|7|8,8,114631010,7,2026-05-03,1,1704,4,4,2,34.3532,34.3532,-30.1519,0.0000,-87.770452,8.5883,8.5883,1.0000,0,1,6,1844127,A168_HF9F_20260827_0900,2026-08-27 09:00:00,185
114631010|8|8,8,114631010,8,2026-05-03,1,1704,6,6,2,678.8510,678.8510,-560.5981,0.0000,-82.580434,113.1418,113.1418,1.0000,0,1,15,1844128,A168_HF9F_20260827_0900,2026-08-27 09:00:00,185
114631010|9|8,8,114631010,9,2026-05-03,1,1704,4,4,2,687.4547,687.4547,647.4547,0.0000,94.181435,171.8637,171.8637,1.0000,0,1,6,1844129,A168_HF9F_20260827_0900,2026-08-27 09:00:00,185
114631034|10|8,8,114631034,10,2026-05-03,1,948,10,10,2,2992.1112,2992.1112,2950.0988,0.0000,98.595895,299.2111,299.2111,1.0000,0,1,45,1844130,A168_HF9F_20260827_0900,2026-08-27 09:00:00,185
114631034|11|8,8,114631034,11,2026-05-03,1,948,6,6,2,256.9984,256.9984,119.1861,0.0000,46.376223,42.8331,42.8331,1.0000,0,1,15,1844131,A168_HF9F_20260827_0900,2026-08-27 09:00:00,185
114631034|12|8,8,114631034,12,2026-05-03,1,948,6,6,2,202.7813,202.7813,-60.1239,0.0000,-29.649633,33.7969,33.7969,1.0000,0,1,15,1844132,A168_HF9F_20260827_0900,2026-08-27 09:00:00,185
114631034|13|8,8,114631034,13,2026-05-03,1,948,1,1,1,25.9457,25.9457,-25.9457,0.0000,-100.000000,25.9457,25.9457,1.0000,0,0,0,1844133,A168_HF9F_20260827_0900,2026-08-27 09:00:00,185
114631034|14|8,8,114631034,14,2026-05-03,1,948,6,9,6,156.2869,156.2869,-71.4159,0.0000,-45.695398,17.3652,26.0478,1.5000,0,1,15,1844134,A168_HF9F_20260827_0900,2026-08-27 09:00:00,185
114631034|15|8,8,114631034,15,2026-05-03,1,948,7,9,5,155.9540,155.9540,84.9280,0.0000,54.457076,17.3282,22.2791,1.2857,0,1,21,1844135,A168_HF9F_20260827_0900,2026-08-27 09:00:00,185
114631034|16|8,8,114631034,16,2026-05-03,1,948,7,10,7,226.2514,226.2514,-145.3392,0.0000,-64.237916,22.6251,32.3216,1.4286,0,1,21,1844136,A168_HF9F_20260827_0900,2026-08-27 09:00:00,185
114631034|17|8,8,114631034,17,2026-05-03,1,948,7,8,5,135.7789,17.1776,-21.1925,0.0000,-123.373075,16.9724,19.3970,1.1429,5,1,21,1844137,A168_HF9F_20260827_0900,2026-08-27 09:00:00,185
114631034|18|8,8,114631034,18,2026-05-03,1,948,7,9,4,287.4176,287.4176,172.1210,0.0000,59.885346,31.9353,41.0597,1.2857,0,1,21,1844138,A168_HF9F_20260827_0900,2026-08-27 09:00:00,185
114631034|19|8,8,114631034,19,2026-05-03,1,948,7,8,4,216.0564,216.0564,-155.4473,0.0000,-71.947537,27.0071,30.8652,1.1429,0,1,21,1844139,A168_HF9F_20260827_0900,2026-08-27 09:00:00,185
114631034|2|8,8,114631034,2,2026-05-03,1,948,2,3,2,64.9267,64.9267,-46.5021,0.0000,-71.622491,21.6422,32.4634,1.5000,0,1,1,1844140,A168_HF9F_20260827_0900,2026-08-27 09:00:00,185
114631034|20|8,8,114631034,20,2026-05-03,1,948,6,7,4,91.5342,13.1864,11.2958,0.0000,85.662823,13.0763,15.2557,1.1667,5,1,15,1844141,A168_HF9F_20260827_0900,2026-08-27 09:00:00,185
114631034|21|8,8,114631034,21,2026-05-03,1,948,5,7,4,289.6235,47.4557,28.5501,0.0000,60.161635,41.3748,57.9247,1.4000,4,1,10,1844142,A168_HF9F_20260827_0900,2026-08-27 09:00:00,185
114631034|22|8,8,114631034,22,2026-05-03,1,948,6,8,4,345.4311,345.4311,345.4311,0.0000,100.000000,43.1789,57.5718,1.3333,0,1,15,1844143,A168_HF9F_20260827_0900,2026-08-27 09:00:00,185
114631034|23|8,8,114631034,23,2026-05-03,1,948,8,12,7,503.9159,503.9159,-348.8782,2.6873,-69.233419,41.9930,62.9895,1.5000,0,1,28,1844144,A168_HF9F_20260827_0900,2026-08-27 09:00:00,185
114631034|24|8,8,114631034,24,2026-05-03,1,948,6,7,3,242.7975,242.7975,-212.7678,0.0000,-87.631786,34.6854,40.4662,1.1667,0,1,15,1844145,A168_HF9F_20260827_0900,2026-08-27 09:00:00,185
114631034|25|8,8,114631034,25,2026-05-03,1,948,8,10,3,2307.9359,45.5651,24.7690,0.0000,54.359558,230.7936,288.4920,1.2500,7,1,28,1844146,A168_HF9F_20260827_0900,2026-08-27 09:00:00,185
114631034|26|8,8,114631034,26,2026-05-03,1,948,11,13,4,331.7447,331.7447,17.0634,0.0000,5.143521,25.5188,30.1586,1.1818,0,1,55,1844147,A168_HF9F_20260827_0900,2026-08-27 09:00:00,185
114631034|27|8,8,114631034,27,2026-05-03,1,948,8,9,5,392.0206,392.0206,-28.1033,1.9494,-7.168845,43.5578,49.0026,1.1250,0,1,28,1844148,A168_HF9F_20260827_0900,2026-08-27 09:00:00,185
114631034|28|8,8,114631034,28,2026-05-03,1,948,9,12,5,953.7564,953.7564,887.1870,1.6973,93.020296,79.4797,105.9729,1.3333,0,1,36,1844149,A168_HF9F_20260827_0900,2026-08-27 09:00:00,185
114631034|29|8,8,114631034,29,2026-05-03,1,948,5,5,4,136.9482,136.9482,-32.8084,0.0000,-23.956759,27.3896,27.3896,1.0000,0,1,10,1844150,A168_HF9F_20260827_0900,2026-08-27 09:00:00,185
114631034|3|8,8,114631034,3,2026-05-03,1,948,1,2,2,3.9912,0.2101,-1.6805,0.0000,-800.000000,1.9956,3.9912,2.0000,1,0,0,1844151,A168_HF9F_20260827_0900,2026-08-27 09:00:00,185
114631034|30|8,8,114631034,30,2026-05-03,1,948,5,5,3,243.9004,243.9004,-67.4483,0.0000,-27.654040,48.7801,48.7801,1.0000,0,1,10,1844152,A168_HF9F_20260827_0900,2026-08-27 09:00:00,185
114631034|31|8,8,114631034,31,2026-05-03,1,1704,4,5,3,765.7682,765.7682,397.1094,0.0000,51.857655,153.1536,191.4420,1.2500,0,1,6,1844153,A168_HF9F_20260827_0900,2026-08-27 09:00:00,185
114631034|32|8,8,114631034,32,2026-05-03,1,1704,7,8,3,1862.4977,1862.4977,-1412.7799,0.0840,-75.854049,232.8122,266.0711,1.1429,0,1,21,1844154,A168_HF9F_20260827_0900,2026-08-27 09:00:00,185
114631034|33|8,8,114631034,33,2026-05-03,1,1704,6,7,3,513.7157,513.7157,55.5522,0.0168,10.813798,73.3880,85.6193,1.1667,0,1,15,1844155,A168_HF9F_20260827_0900,2026-08-27 09:00:00,185
114631034|34|8,8,114631034,34,2026-05-03,1,1704,4,4,2,137.2786,137.2786,-122.2222,0.0168,-89.032268,34.3196,34.3196,1.0000,0,1,6,1844156,A168_HF9F_20260827_0900,2026-08-27 09:00:00,185
114631034|35|8,8,114631034,35,2026-05-03,1,1704,6,8,2,115.4725,115.4725,115.4725,0.0504,100.000000,14.4341,19.2454,1.3333,0,1,15,1844157,A168_HF9F_20260827_0900,2026-08-27 09:00:00,185
114631034|36|8,8,114631034,36,2026-05-03,1,1704,4,4,1,471.3945,471.3945,471.3945,0.0504,100.000000,117.8486,117.8486,1.0000,0,1,6,1844158,A168_HF9F_20260827_0900,2026-08-27 09:00:00,185
114631034|37|8,8,114631034,37,2026-05-03,1,1704,7,8,3,1633.2478,1633.2478,-83.6705,0.1008,-5.122953,204.1560,233.3211,1.1429,0,1,21,1844159,A168_HF9F_20260827_0900,2026-08-27 09:00:00,185
114631034|38|8,8,114631034,38,2026-05-03,1,1704,4,6,4,827.2438,827.2438,-601.9085,0.0000,-72.760716,137.8740,206.8109,1.5000,0,1,6,1844160,A168_HF9F_20260827_0900,2026-08-27 09:00:00,185
114631034|39|8,8,114631034,39,2026-05-03,1,1704,5,7,4,1294.0303,68.3995,68.3995,0.0000,100.000000,184.8615,258.8061,1.4000,5,1,10,1844161,A168_HF9F_20260827_0900,2026-08-27 09:00:00,185
114631034|4|8,8,114631034,4,2026-05-03,1,948,2,5,5,92.2427,92.2427,-50.4970,0.0000,-54.743654,18.4485,46.1214,2.5000,0,1,1,1844162,A168_HF9F_20260827_0900,2026-08-27 09:00:00,185
114631034|40|8,8,114631034,40,2026-05-03,1,1704,9,9,2,1629.9176,1629.9176,617.6822,0.0252,37.896531,181.1020,181.1020,1.0000,0,1,36,1844163,A168_HF9F_20260827_0900,2026-08-27 09:00:00,185
114631034|41|8,8,114631034,41,2026-05-03,1,1704,3,3,2,244.4102,244.4102,-227.6052,0.0672,-93.124281,81.4701,81.4701,1.0000,0,1,3,1844164,A168_HF9F_20260827_0900,2026-08-27 09:00:00,185
114631034|42|8,8,114631034,42,2026-05-03,1,1704,7,7,2,978.7973,978.7973,877.6090,0.1680,89.661975,139.8282,139.8282,1.0000,0,1,21,1844165,A168_HF9F_20260827_0900,2026-08-27 09:00:00,185
114631034|43|8,8,114631034,43,2026-05-03,1,1704,4,4,2,85.9053,85.9053,81.7041,0.0168,95.109453,21.4763,21.4763,1.0000,0,1,6,1844166,A168_HF9F_20260827_0900,2026-08-27 09:00:00,185
114631034|44|8,8,114631034,44,2026-05-03,1,1704,2,2,2,62.3945,62.3945,-38.7938,0.0840,-62.174946,31.1973,31.1973,1.0000,0,1,1,1844167,A168_HF9F_20260827_0900,2026-08-27 09:00:00,185
114631034|45|8,8,114631034,45,2026-05-03,1,1704,2,2,2,72.8976,72.8976,-30.8852,0.1680,-42.367965,36.4488,36.4488,1.0000,0,1,1,1844168,A168_HF9F_20260827_0900,2026-08-27 09:00:00,185
114631034|46|8,8,114631034,46,2026-05-03,1,1704,5,6,3,471.9030,471.9030,253.7147,0.0000,53.764158,78.6505,94.3806,1.2000,0,1,10,1844169,A168_HF9F_20260827_0900,2026-08-27 09:00:00,185
114631034|47|8,8,114631034,47,2026-05-03,1,1704,11,14,5,462.6644,462.6644,-432.5175,0.0000,-93.484055,33.0475,42.0604,1.2727,0,1,55,1844170,A168_HF9F_20260827_0900,2026-08-27 09:00:00,185
114631034|48|8,8,114631034,48,2026-05-03,1,1704,15,19,5,712.7961,612.7961,529.7698,0.0000,86.451234,37.5156,47.5197,1.2667,2,1,105,1844171,A168_HF9F_20260827_0900,2026-08-27 09:00:00,185
114631034|5|8,8,114631034,5,2026-05-03,1,948,3,5,4,148.8027,21.6272,-75.6953,0.0000,-350.000000,29.7605,49.6009,1.6667,3,1,3,1844172,A168_HF9F_20260827_0900,2026-08-27 09:00:00,185
114631034|6|8,8,114631034,6,2026-05-03,1,948,2,2,1,35.7105,35.7105,-33.9250,0.0000,-95.000000,17.8553,17.8553,1.0000,0,1,1,1844173,A168_HF9F_20260827_0900,2026-08-27 09:00:00,185
114631034|7|8,8,114631034,7,2026-05-03,1,948,3,3,1,89.7786,89.7786,89.7786,0.0000,100.000000,29.9262,29.9262,1.0000,0,1,3,1844174,A168_HF9F_20260827_0900,2026-08-27 09:00:00,185
114631034|8|8,8,114631034,8,2026-05-03,1,948,4,6,3,150.4744,150.4744,-109.2122,0.0000,-72.578582,25.0791,37.6186,1.5000,0,1,6,1844175,A168_HF9F_20260827_0900,2026-08-27 09:00:00,185
114631034|9|8,8,114631034,9,2026-05-03,1,948,3,4,3,164.1788,164.1788,-100.7401,0.0000,-61.359977,41.0447,54.7263,1.3333,0,1,3,1844176,A168_HF9F_20260827_0900,2026-08-27 09:00:00,185
114631056|10|8,8,114631056,10,2026-05-03,1,1704,6,9,3,1279.0728,1279.0728,1047.9828,1.8485,81.933006,142.1192,213.1788,1.5000,0,1,15,1844177,A168_HF9F_20260827_0900,2026-08-27 09:00:00,185
114631056|11|8,8,114631056,11,2026-05-03,1,1704,1,1,1,872.9050,872.9050,-829.2598,0.0000,-95.000000,872.9050,872.9050,1.0000,0,0,0,1844178,A168_HF9F_20260827_0900,2026-08-27 09:00:00,185
114631056|12|8,8,114631056,12,2026-05-03,1,2127,7,7,2,7412.2308,7412.2308,7244.2722,0.0000,97.734034,1058.8901,1058.8901,1.0000,0,1,21,1844179,A168_HF9F_20260827_0900,2026-08-27 09:00:00,185
114631056|13|8,8,114631056,13,2026-05-03,1,2127,7,7,2,186.7616,186.7616,186.7616,0.0000,100.000000,26.6802,26.6802,1.0000,0,1,21,1844180,A168_HF9F_20260827_0900,2026-08-27 09:00:00,185
114631056|14|8,8,114631056,14,2026-05-03,1,2127,5,5,2,312.3486,312.3486,-139.2846,0.0336,-44.592683,62.4697,62.4697,1.0000,0,1,10,1844181,A168_HF9F_20260827_0900,2026-08-27 09:00:00,185
114631056|15|8,8,114631056,15,2026-05-03,1,2127,11,14,5,1471.2950,1471.2950,883.1949,0.0504,60.028404,105.0925,133.7541,1.2727,0,1,55,1844182,A168_HF9F_20260827_0900,2026-08-27 09:00:00,185
114631056|16|8,8,114631056,16,2026-05-03,1,2127,6,8,4,10055.7382,10055.7382,-9283.0902,0.0000,-92.316347,1256.9673,1675.9564,1.3333,0,1,15,1844183,A168_HF9F_20260827_0900,2026-08-27 09:00:00,185
114631056|17|8,8,114631056,17,2026-05-03,1,2127,3,3,2,449.5465,449.5465,407.5341,0.0000,90.654494,149.8488,149.8488,1.0000,0,1,3,1844184,A168_HF9F_20260827_0900,2026-08-27 09:00:00,185
114631056|18|8,8,114631056,18,2026-05-03,1,2127,8,8,2,1092.0259,1092.0259,-674.5408,0.0000,-61.769669,136.5032,136.5032,1.0000,0,1,28,1844185,A168_HF9F_20260827_0900,2026-08-27 09:00:00,185
114631056|19|8,8,114631056,19,2026-05-03,1,2127,7,7,2,176.1092,176.1092,-46.3806,0.0000,-26.336283,25.1585,25.1585,1.0000,0,1,21,1844186,A168_HF9F_20260827_0900,2026-08-27 09:00:00,185
114631056|20|8,8,114631056,20,2026-05-03,1,2127,12,16,5,1166.2494,1166.2494,-671.9879,0.0840,-57.619575,72.8906,97.1874,1.3333,0,1,66,1844187,A168_HF9F_20260827_0900,2026-08-27 09:00:00,185
114631056|21|8,8,114631056,21,2026-05-03,1,2127,15,16,3,328.1260,328.1260,235.5223,0.3361,71.778004,20.5079,21.8751,1.0667,0,1,105,1844188,A168_HF9F_20260827_0900,2026-08-27 09:00:00,185
114631056|22|8,8,114631056,22,2026-05-03,1,2127,14,21,7,1099.1191,1099.1191,182.7511,0.1781,16.627053,52.3390,78.5085,1.5000,0,1,91,1844189,A168_HF9F_20260827_0900,2026-08-27 09:00:00,185
114631056|23|8,8,114631056,23,2026-05-03,1,2127,11,12,4,1259.2003,1259.2003,-1111.6371,0.0000,-88.281195,104.9334,114.4728,1.0909,0,1,55,1844190,A168_HF9F_20260827_0900,2026-08-27 09:00:00,185
114631056|24|8,8,114631056,24,2026-05-03,1,2127,23,26,5,3541.6155,3541.6155,3348.2794,0.2890,94.541020,136.2160,153.9833,1.1304,0,1,253,1844191,A168_HF9F_20260827_0900,2026-08-27 09:00:00,185
114631056|25|8,8,114631056,25,2026-05-03,1,2127,14,15,3,5454.8802,5454.8802,-5361.9825,0.0000,-98.296981,363.6587,389.6343,1.0714,0,1,91,1844192,A168_HF9F_20260827_0900,2026-08-27 09:00:00,185
114631056|26|8,8,114631056,26,2026-05-03,1,2127,13,14,3,2680.1051,10.5031,-84.0248,0.0000,-800.000000,191.4361,206.1619,1.0769,13,1,78,1844193,A168_HF9F_20260827_0900,2026-08-27 09:00:00,185
114631056|27|8,8,114631056,27,2026-05-03,1,2127,10,12,4,1491.6364,1491.6364,994.5511,0.0000,66.675170,124.3030,149.1636,1.2000,0,1,45,1844194,A168_HF9F_20260827_0900,2026-08-27 09:00:00,185
114631056|28|8,8,114631056,28,2026-05-03,1,2127,15,16,3,11276.7066,11276.7066,10109.7004,0.0000,89.651179,704.7942,751.7804,1.0667,0,1,105,1844195,A168_HF9F_20260827_0900,2026-08-27 09:00:00,185
114631056|29|8,8,114631056,29,2026-05-03,1,2127,6,7,3,388.3630,388.3630,-209.4570,0.0000,-53.933314,55.4804,64.7272,1.1667,0,1,15,1844196,A168_HF9F_20260827_0900,2026-08-27 09:00:00,185
114631056|3|8,8,114631056,3,2026-05-03,1,1704,2,4,3,199.4341,194.2449,-152.2325,1.5124,-78.371432,49.8585,99.7170,2.0000,1,1,1,1844197,A168_HF9F_20260827_0900,2026-08-27 09:00:00,185
114631056|30|8,8,114631056,30,2026-05-03,1,2127,12,16,5,1711.5193,1711.5193,602.0351,0.0000,35.175481,106.9700,142.6266,1.3333,0,1,66,1844198,A168_HF9F_20260827_0900,2026-08-27 09:00:00,185
114631056|31|8,8,114631056,31,2026-05-03,1,2127,10,11,3,1647.6429,1647.6429,-385.9254,0.0000,-23.422880,149.7857,164.7643,1.1000,0,1,45,1844199,A168_HF9F_20260827_0900,2026-08-27 09:00:00,185
114631056|32|8,8,114631056,32,2026-05-03,1,2127,11,12,3,1743.2407,1743.2407,-1599.4578,0.0000,-91.751977,145.2701,158.4764,1.0909,0,1,55,1844200,A168_HF9F_20260827_0900,2026-08-27 09:00:00,185
114631056|33|8,8,114631056,33,2026-05-03,1,2127,12,13,3,839.9889,839.9889,512.1586,0.0168,60.972072,64.6145,69.9991,1.0833,0,1,66,1844201,A168_HF9F_20260827_0900,2026-08-27 09:00:00,185
114631056|34|8,8,114631056,34,2026-05-03,1,2127,7,11,5,545.5095,545.5095,169.9644,0.0000,31.157003,49.5918,77.9299,1.5714,0,1,21,1844202,A168_HF9F_20260827_0900,2026-08-27 09:00:00,185
114631056|35|8,8,114631056,35,2026-05-03,1,1385,10,15,7,1669.3277,1669.3277,-1427.9101,0.0168,-85.538035,111.2885,166.9328,1.5000,0,1,45,1844203,A168_HF9F_20260827_0900,2026-08-27 09:00:00,185
114631056|36|8,8,114631056,36,2026-05-03,1,1385,11,14,5,1678.1361,1678.1361,-1214.1992,0.0000,-72.354034,119.8669,152.5578,1.2727,0,1,55,1844204,A168_HF9F_20260827_0900,2026-08-27 09:00:00,185
114631056|37|8,8,114631056,37,2026-05-03,1,1385,12,13,3,1054.7108,1054.7108,-138.5908,0.0168,-13.140170,81.1316,87.8926,1.0833,0,1,66,1844205,A168_HF9F_20260827_0900,2026-08-27 09:00:00,185
114631056|38|8,8,114631056,38,2026-05-03,1,1385,9,14,7,1215.8043,1215.8043,378.3442,0.0000,31.118840,86.8432,135.0894,1.5556,0,1,36,1844206,A168_HF9F_20260827_0900,2026-08-27 09:00:00,185
114631056|39|8,8,114631056,39,2026-05-03,1,1385,8,12,5,867.1392,825.1268,-628.2146,0.0000,-76.135516,72.2616,108.3924,1.5000,2,1,28,1844207,A168_HF9F_20260827_0900,2026-08-27 09:00:00,185
114631056|4|8,8,114631056,4,2026-05-03,1,1704,3,3,2,7.6361,7.6361,-1.7543,0.0000,-22.974209,2.5454,2.5454,1.0000,0,1,3,1844208,A168_HF9F_20260827_0900,2026-08-27 09:00:00,185
114631056|40|8,8,114631056,40,2026-05-03,1,1385,5,7,4,431.4334,431.4334,411.9334,0.0168,95.480183,61.6333,86.2867,1.4000,0,1,10,1844209,A168_HF9F_20260827_0900,2026-08-27 09:00:00,185
114631056|41|8,8,114631056,41,2026-05-03,1,1385,10,11,3,1345.2326,1345.2326,-1273.3412,0.0168,-94.655836,122.2939,134.5233,1.1000,0,1,45,1844210,A168_HF9F_20260827_0900,2026-08-27 09:00:00,185
114631056|42|8,8,114631056,42,2026-05-03,1,1385,10,12,4,1187.8721,1187.8721,1183.7759,0.1849,99.655164,98.9893,118.7872,1.2000,0,1,45,1844211,A168_HF9F_20260827_0900,2026-08-27 09:00:00,185
114631056|43|8,8,114631056,43,2026-05-03,1,1385,10,14,7,3592.4783,3592.4783,-207.7362,0.3361,-5.782531,256.6056,359.2478,1.4000,0,1,45,1844212,A168_HF9F_20260827_0900,2026-08-27 09:00:00,185
114631056|44|8,8,114631056,44,2026-05-03,1,1385,13,17,5,2136.8781,2136.8781,1096.4941,0.3361,51.312897,125.6987,164.3752,1.3077,0,1,78,1844213,A168_HF9F_20260827_0900,2026-08-27 09:00:00,185
114631056|45|8,8,114631056,45,2026-05-03,1,1385,8,10,4,2575.2796,0.0000,0.0000,0.0000,,257.5280,321.9099,1.2500,10,1,28,1844214,A168_HF9F_20260827_0900,2026-08-27 09:00:00,185
114631056|46|8,8,114631056,46,2026-05-03,1,1385,8,9,3,1087.3979,1087.3979,-501.5020,0.2521,-46.119454,120.8220,135.9247,1.1250,0,1,28,1844215,A168_HF9F_20260827_0900,2026-08-27 09:00:00,185
114631056|47|8,8,114631056,47,2026-05-03,1,1385,10,10,2,1534.8136,1534.8136,-670.2283,0.1849,-43.668384,153.4814,153.4814,1.0000,0,1,45,1844216,A168_HF9F_20260827_0900,2026-08-27 09:00:00,185
114631056|48|8,8,114631056,48,2026-05-03,1,1385,7,7,2,642.3349,642.3349,21.4081,0.0168,3.332851,91.7621,91.7621,1.0000,0,1,21,1844217,A168_HF9F_20260827_0900,2026-08-27 09:00:00,185
114631056|49|8,8,114631056,49,2026-05-03,1,1385,12,15,5,3170.9211,3170.9211,2576.6522,0.2689,81.258795,211.3947,264.2434,1.2500,0,1,66,1844218,A168_HF9F_20260827_0900,2026-08-27 09:00:00,185
114631056|5|8,8,114631056,5,2026-05-03,1,1704,2,2,1,4.6952,4.6952,4.6952,0.0000,100.000000,2.3476,2.3476,1.0000,0,1,1,1844219,A168_HF9F_20260827_0900,2026-08-27 09:00:00,185
114631056|6|8,8,114631056,6,2026-05-03,1,1704,2,2,1,4.6952,4.6952,4.6952,0.0000,100.000000,2.3476,2.3476,1.0000,0,1,1,1844220,A168_HF9F_20260827_0900,2026-08-27 09:00:00,185
114631056|7|8,8,114631056,7,2026-05-03,1,1704,2,2,1,233.1688,233.1688,-233.1688,0.0000,-100.000000,116.5844,116.5844,1.0000,0,1,1,1844221,A168_HF9F_20260827_0900,2026-08-27 09:00:00,185
114631056|8|8,8,114631056,8,2026-05-03,1,1704,2,2,1,6112.4358,6112.4358,-6112.4358,0.0000,-100.000000,3056.2179,3056.2179,1.0000,0,1,1,1844222,A168_HF9F_20260827_0900,2026-08-27 09:00:00,185
114631056|9|8,8,114631056,9,2026-05-03,1,1704,4,4,3,69.6843,69.6843,65.4831,0.0000,93.971039,17.4211,17.4211,1.0000,0,1,6,1844223,A168_HF9F_20260827_0900,2026-08-27 09:00:00,185
114631081|10|8,8,114631081,10,2026-05-03,1,1385,2,2,2,43.1198,43.1198,34.9274,0.0000,81.000810,21.5599,21.5599,1.0000,0,1,1,1844224,A168_HF9F_20260827_0900,2026-08-27 09:00:00,185
114631081|11|8,8,114631081,11,2026-05-03,1,1385,1,1,1,4.2012,4.2012,4.2012,0.0000,100.000000,4.2012,4.2012,1.0000,0,0,0,1844225,A168_HF9F_20260827_0900,2026-08-27 09:00:00,185
114631081|12|8,8,114631081,12,2026-05-03,1,1385,2,2,2,56.0927,56.0927,47.6902,0.0000,85.020366,28.0463,28.0463,1.0000,0,1,1,1844226,A168_HF9F_20260827_0900,2026-08-27 09:00:00,185
114631081|14|8,8,114631081,14,2026-05-03,1,1385,2,2,2,38.4010,38.4010,-29.9985,0.0000,-78.119095,19.2005,19.2005,1.0000,0,1,1,1844227,A168_HF9F_20260827_0900,2026-08-27 09:00:00,185
114631081|15|8,8,114631081,15,2026-05-03,1,1385,10,11,3,4336.6221,4336.6221,3004.4790,0.3361,69.281550,394.2384,433.6622,1.1000,0,1,45,1844228,A168_HF9F_20260827_0900,2026-08-27 09:00:00,185
114631081|16|8,8,114631081,16,2026-05-03,1,1385,15,15,2,3476.9073,3476.9073,-2773.1244,0.0000,-79.758365,231.7938,231.7938,1.0000,0,1,105,1844229,A168_HF9F_20260827_0900,2026-08-27 09:00:00,185
114631081|17|8,8,114631081,17,2026-05-03,1,1385,17,17,2,2016.4365,2016.4365,-889.9912,0.0000,-44.136830,118.6139,118.6139,1.0000,0,1,136,1844230,A168_HF9F_20260827_0900,2026-08-27 09:00:00,185
114631081|18|8,8,114631081,18,2026-05-03,1,1385,23,25,5,2328.6894,2328.6894,668.3534,0.0000,28.700839,93.1476,101.2474,1.0870,0,1,253,1844231,A168_HF9F_20260827_0900,2026-08-27 09:00:00,185
114631081|19|8,8,114631081,19,2026-05-03,1,1385,9,10,4,362.9475,362.9475,-199.5064,0.0000,-54.968398,36.2948,40.3275,1.1111,0,1,36,1844232,A168_HF9F_20260827_0900,2026-08-27 09:00:00,185
114631081|2|8,8,114631081,2,2026-05-03,1,1385,1,1,1,68.3995,68.3995,68.3995,0.0000,100.000000,68.3995,68.3995,1.0000,0,0,0,1844233,A168_HF9F_20260827_0900,2026-08-27 09:00:00,185
114631081|20|8,8,114631081,20,2026-05-03,1,1385,11,15,6,387.0572,387.0572,-38.5831,0.0000,-9.968329,25.8038,35.1870,1.3636,0,1,55,1844234,A168_HF9F_20260827_0900,2026-08-27 09:00:00,185
114631081|21|8,8,114631081,21,2026-05-03,1,1385,10,10,3,1284.6068,15.0485,-120.3881,0.0000,-800.000000,128.4607,128.4607,1.0000,9,1,45,1844235,A168_HF9F_20260827_0900,2026-08-27 09:00:00,185
114631081|22|8,8,114631081,22,2026-05-03,1,1385,16,17,3,4154.3238,4154.3238,2985.2558,0.0168,71.859007,244.3720,259.6452,1.0625,0,1,120,1844236,A168_HF9F_20260827_0900,2026-08-27 09:00:00,185
114631081|23|8,8,114631081,23,2026-05-03,1,1385,7,9,4,1088.7573,1088.7573,-507.8453,0.0000,-46.644490,120.9730,155.5368,1.2857,0,1,21,1844237,A168_HF9F_20260827_0900,2026-08-27 09:00:00,185
114631081|24|8,8,114631081,24,2026-05-03,1,1385,9,10,3,3083.9513,3083.9513,-2742.4609,0.0000,-88.926855,308.3951,342.6613,1.1111,0,1,36,1844238,A168_HF9F_20260827_0900,2026-08-27 09:00:00,185
114631081|25|8,8,114631081,25,2026-05-03,1,1382,10,13,5,2137.2864,2137.2864,1863.8346,0.0000,87.205654,164.4066,213.7286,1.3000,0,1,45,1844239,A168_HF9F_20260827_0900,2026-08-27 09:00:00,185
114631081|26|8,8,114631081,26,2026-05-03,1,1382,7,7,3,1314.7383,1314.7383,-1273.2251,0.2521,-96.842478,187.8198,187.8198,1.0000,0,1,21,1844240,A168_HF9F_20260827_0900,2026-08-27 09:00:00,185
114631081|27|8,8,114631081,27,2026-05-03,1,1382,4,4,2,1723.2464,1723.2464,1667.1537,0.1176,96.744941,430.8116,430.8116,1.0000,0,1,6,1844241,A168_HF9F_20260827_0900,2026-08-27 09:00:00,185
114631081|28|8,8,114631081,28,2026-05-03,1,1382,8,8,2,2845.5291,2845.5291,-2232.4999,0.0000,-78.456409,355.6911,355.6911,1.0000,0,1,28,1844242,A168_HF9F_20260827_0900,2026-08-27 09:00:00,185
114631081|29|8,8,114631081,29,2026-05-03,1,1382,12,13,3,3582.1767,3582.1767,114.4496,0.3361,3.194973,275.5521,298.5147,1.0833,0,1,66,1844243,A168_HF9F_20260827_0900,2026-08-27 09:00:00,185
114631081|30|8,8,114631081,30,2026-05-03,1,1382,12,12,2,4755.8064,4749.5045,-1286.9962,0.0000,-27.097483,396.3172,396.3172,1.0000,0,1,66,1844244,A168_HF9F_20260827_0900,2026-08-27 09:00:00,185
114631081|31|8,8,114631081,31,2026-05-03,1,1382,7,7,2,2377.1710,2377.1710,-1429.8901,0.0000,-60.150917,339.5959,339.5959,1.0000,0,1,21,1844245,A168_HF9F_20260827_0900,2026-08-27 09:00:00,185
114631081|32|8,8,114631081,32,2026-05-03,1,1382,8,10,4,2354.4393,2.1006,-7.3522,0.0000,-350.000000,235.4439,294.3049,1.2500,8,1,28,1844246,A168_HF9F_20260827_0900,2026-08-27 09:00:00,185
114631081|33|8,8,114631081,33,2026-05-03,1,1382,5,5,2,1947.8925,1947.8925,-919.4534,0.0000,-47.202471,389.5785,389.5785,1.0000,0,1,10,1844247,A168_HF9F_20260827_0900,2026-08-27 09:00:00,185
114631081|34|8,8,114631081,34,2026-05-03,1,1382,9,10,3,738.3396,738.3396,-558.9466,0.0000,-75.703195,73.8340,82.0377,1.1111,0,1,36,1844248,A168_HF9F_20260827_0900,2026-08-27 09:00:00,185
114631081|35|8,8,114631081,35,2026-05-03,1,1382,11,12,3,2368.5907,2368.5907,-1443.9757,0.0000,-60.963496,197.3826,215.3264,1.0909,0,1,55,1844249,A168_HF9F_20260827_0900,2026-08-27 09:00:00,185
114631081|36|8,8,114631081,36,2026-05-03,1,1382,8,10,4,3154.5520,3154.5520,-2911.2287,0.0000,-92.286598,315.4552,394.3190,1.2500,0,1,28,1844250,A168_HF9F_20260827_0900,2026-08-27 09:00:00,185
114631081|37|8,8,114631081,37,2026-05-03,1,1382,8,9,4,2090.7065,2090.7065,-1809.1067,0.0000,-86.530877,232.3007,261.3383,1.1250,0,1,28,1844251,A168_HF9F_20260827_0900,2026-08-27 09:00:00,185
114631081|38|8,8,114631081,38,2026-05-03,1,1382,11,12,4,2607.4604,2607.4604,-1183.8630,0.0000,-45.402915,217.2884,237.0419,1.0909,0,1,55,1844252,A168_HF9F_20260827_0900,2026-08-27 09:00:00,185
114631081|39|8,8,114631081,39,2026-05-03,1,1382,11,14,5,3184.6191,3184.6191,-1442.6361,0.0168,-45.300115,227.4728,289.5108,1.2727,0,1,55,1844253,A168_HF9F_20260827_0900,2026-08-27 09:00:00,185
114631081|4|8,8,114631081,4,2026-05-03,1,1385,1,1,1,210.0620,210.0620,-210.0620,1.6805,-100.000000,210.0620,210.0620,1.0000,0,0,0,1844254,A168_HF9F_20260827_0900,2026-08-27 09:00:00,185
114631081|40|8,8,114631081,40,2026-05-03,1,1382,13,13,2,2655.5815,2655.5815,-2250.0835,0.0504,-84.730352,204.2755,204.2755,1.0000,0,1,78,1844255,A168_HF9F_20260827_0900,2026-08-27 09:00:00,185
114631081|41|8,8,114631081,41,2026-05-03,1,1382,12,14,4,3525.5190,13.0977,-81.4302,0.0000,-621.715249,251.8228,293.7933,1.1667,12,1,66,1844256,A168_HF9F_20260827_0900,2026-08-27 09:00:00,185
114631081|42|8,8,114631081,42,2026-05-03,1,1382,18,21,6,5002.8865,5002.8865,2577.9115,0.0336,51.528483,238.2327,277.9381,1.1667,0,1,153,1844257,A168_HF9F_20260827_0900,2026-08-27 09:00:00,185
114631081|43|8,8,114631081,43,2026-05-03,1,1382,19,22,5,4399.1553,4399.1553,-3602.9367,0.0840,-81.900648,199.9616,231.5345,1.1579,0,1,171,1844258,A168_HF9F_20260827_0900,2026-08-27 09:00:00,185
114631081|44|8,8,114631081,44,2026-05-03,1,1382,22,22,2,5634.8235,5634.8235,-57.7175,0.0000,-1.024299,256.1283,256.1283,1.0000,0,1,231,1844259,A168_HF9F_20260827_0900,2026-08-27 09:00:00,185
114631081|45|8,8,114631081,45,2026-05-03,1,1382,13,13,2,3774.9118,3774.9118,-2731.3314,0.0000,-72.354840,290.3778,290.3778,1.0000,0,1,78,1844260,A168_HF9F_20260827_0900,2026-08-27 09:00:00,185
114631081|46|8,8,114631081,46,2026-05-03,1,1382,18,19,3,4167.3523,1.0503,1.0503,0.0000,100.000000,219.3343,231.5196,1.0556,18,1,153,1844261,A168_HF9F_20260827_0900,2026-08-27 09:00:00,185
114631081|47|8,8,114631081,47,2026-05-03,1,1382,13,13,2,1629.6561,1629.6561,-196.2533,0.0000,-12.042618,125.3582,125.3582,1.0000,0,1,78,1844262,A168_HF9F_20260827_0900,2026-08-27 09:00:00,185
114631081|48|8,8,114631081,48,2026-05-03,1,1382,11,15,6,3884.9806,3884.9806,-2935.7928,0.0000,-75.567760,258.9987,353.1801,1.3636,0,1,55,1844263,A168_HF9F_20260827_0900,2026-08-27 09:00:00,185
114631081|49|8,8,114631081,49,2026-05-03,1,1382,7,10,5,3466.4347,3466.4347,1413.3048,0.0000,40.771137,346.6435,495.2050,1.4286,0,1,21,1844264,A168_HF9F_20260827_0900,2026-08-27 09:00:00,185
114631081|5|8,8,114631081,5,2026-05-03,1,1385,1,1,1,210.0620,210.0620,210.0620,1.6805,100.000000,210.0620,210.0620,1.0000,0,0,0,1844265,A168_HF9F_20260827_0900,2026-08-27 09:00:00,185
114631081|50|8,8,114631081,50,2026-05-03,1,1382,5,5,2,2624.6733,2624.6733,-2039.4407,0.0000,-77.702648,524.9347,524.9347,1.0000,0,1,10,1844266,A168_HF9F_20260827_0900,2026-08-27 09:00:00,185
114631081|51|8,8,114631081,51,2026-05-03,1,1382,6,7,3,787.4571,787.4571,334.2610,0.0000,42.448145,112.4939,131.2429,1.1667,0,1,15,1844267,A168_HF9F_20260827_0900,2026-08-27 09:00:00,185
114631081|52|8,8,114631081,52,2026-05-03,1,1382,6,8,4,657.2430,652.5166,185.9161,0.0000,28.492159,82.1554,109.5405,1.3333,0,1,15,1844268,A168_HF9F_20260827_0900,2026-08-27 09:00:00,185
114631081|9|8,8,114631081,9,2026-05-03,1,1385,1,1,1,16.0863,16.0863,16.0863,0.0000,100.000000,16.0863,16.0863,1.0000,0,0,0,1844269,A168_HF9F_20260827_0900,2026-08-27 09:00:00,185
114631099|1|8,8,114631099,1,2026-05-03,1,1382,1,1,1,52.3743,52.3743,52.3743,0.0000,100.000000,52.3743,52.3743,1.0000,0,0,0,1844270,A168_HF9F_20260827_0900,2026-08-27 09:00:00,185
114631099|10|8,8,114631099,10,2026-05-03,1,583,1,1,1,10.5031,10.5031,-9.9779,0.0000,-95.000000,10.5031,10.5031,1.0000,0,0,0,1844271,A168_HF9F_20260827_0900,2026-08-27 09:00:00,185
114631099|11|8,8,114631099,11,2026-05-03,1,583,2,2,2,23.4760,23.4760,23.4760,0.0000,100.000000,11.7380,11.7380,1.0000,0,1,1,1844272,A168_HF9F_20260827_0900,2026-08-27 09:00:00,185
114631099|12|8,8,114631099,12,2026-05-03,1,583,5,6,3,1026.5074,1026.5074,888.6951,0.0000,86.574647,171.0846,205.3015,1.2000,0,1,10,1844273,A168_HF9F_20260827_0900,2026-08-27 09:00:00,185
114631099|13|8,8,114631099,13,2026-05-03,1,583,3,5,4,25.6648,25.6648,25.6648,0.0000,100.000000,5.1330,8.5549,1.6667,0,1,3,1844274,A168_HF9F_20260827_0900,2026-08-27 09:00:00,185
114631099|14|8,8,114631099,14,2026-05-03,1,583,2,2,2,15.2424,15.2424,1.5625,0.0000,10.251214,7.6212,7.6212,1.0000,0,1,1,1844275,A168_HF9F_20260827_0900,2026-08-27 09:00:00,185
114631099|15|8,8,114631099,15,2026-05-03,1,583,4,5,2,774.4908,774.4908,774.4908,0.0000,100.000000,154.8982,193.6227,1.2500,0,1,6,1844276,A168_HF9F_20260827_0900,2026-08-27 09:00:00,185
114631099|16|8,8,114631099,16,2026-05-03,1,583,5,5,3,63.7793,63.7793,-34.6202,0.0000,-54.281284,12.7559,12.7559,1.0000,0,1,10,1844277,A168_HF9F_20260827_0900,2026-08-27 09:00:00,185
114631099|17|8,8,114631099,17,2026-05-03,1,583,5,6,2,380.3461,380.3461,380.3461,0.0000,100.000000,63.3910,76.0692,1.2000,0,1,10,1844278,A168_HF9F_20260827_0900,2026-08-27 09:00:00,185
114631099|18|8,8,114631099,18,2026-05-03,1,583,11,12,3,1457.7037,1457.7037,-1075.9178,0.0000,-73.809084,121.4753,132.5185,1.0909,0,1,55,1844279,A168_HF9F_20260827_0900,2026-08-27 09:00:00,185
114631099|19|8,8,114631099,19,2026-05-03,1,583,9,9,2,2353.6921,2353.6921,-1968.6119,0.0000,-83.639315,261.5213,261.5213,1.0000,0,1,36,1844280,A168_HF9F_20260827_0900,2026-08-27 09:00:00,185
114631099|2|8,8,114631099,2,2026-05-03,1,1382,3,3,2,414.9601,414.9601,63.9601,0.0000,15.413548,138.3200,138.3200,1.0000,0,1,3,1844281,A168_HF9F_20260827_0900,2026-08-27 09:00:00,185
114631099|20|8,8,114631099,20,2026-05-03,1,583,7,7,2,932.4136,932.4136,585.2788,0.0000,62.770295,133.2019,133.2019,1.0000,0,1,21,1844282,A168_HF9F_20260827_0900,2026-08-27 09:00:00,185
114631099|21|8,8,114631099,21,2026-05-03,1,583,4,5,3,466.8623,6.8399,-54.7196,0.0000,-800.000000,93.3725,116.7156,1.2500,4,1,6,1844283,A168_HF9F_20260827_0900,2026-08-27 09:00:00,185
114631099|22|8,8,114631099,22,2026-05-03,1,583,3,3,1,583.1413,583.1413,583.1413,0.0000,100.000000,194.3804,194.3804,1.0000,0,1,3,1844284,A168_HF9F_20260827_0900,2026-08-27 09:00:00,185
114631099|23|8,8,114631099,23,2026-05-03,1,583,1,1,1,20.0000,20.0000,-19.0000,0.0000,-95.000000,20.0000,20.0000,1.0000,0,0,0,1844285,A168_HF9F_20260827_0900,2026-08-27 09:00:00,185
114631099|24|8,8,114631099,24,2026-05-03,1,583,3,3,2,335.4712,335.4712,-315.4712,0.0000,-94.038237,111.8237,111.8237,1.0000,0,1,3,1844286,A168_HF9F_20260827_0900,2026-08-27 09:00:00,185
114631099|25|8,8,114631099,25,2026-05-03,1,583,5,5,1,473.8585,473.8585,473.8585,0.0000,100.000000,94.7717,94.7717,1.0000,0,1,10,1844287,A168_HF9F_20260827_0900,2026-08-27 09:00:00,185
114631099|26|8,8,114631099,26,2026-05-03,1,583,4,4,2,1594.9478,1594.9478,-1242.0437,0.5512,-77.873626,398.7369,398.7369,1.0000,0,1,6,1844288,A168_HF9F_20260827_0900,2026-08-27 09:00:00,185
114631099|27|8,8,114631099,27,2026-05-03,1,583,5,6,3,1770.9791,1770.9791,1025.2551,0.0000,57.891992,295.1632,354.1958,1.2000,0,1,10,1844289,A168_HF9F_20260827_0900,2026-08-27 09:00:00,185
114631099|28|8,8,114631099,28,2026-05-03,1,583,5,5,2,3490.8071,3490.8071,3469.2590,0.0000,99.382719,698.1614,698.1614,1.0000,0,1,10,1844290,A168_HF9F_20260827_0900,2026-08-27 09:00:00,185
114631099|29|8,8,114631099,29,2026-05-03,1,583,6,6,2,738.0286,738.0286,333.2754,0.0000,45.157512,123.0048,123.0048,1.0000,0,1,15,1844291,A168_HF9F_20260827_0900,2026-08-27 09:00:00,185
114631099|3|8,8,114631099,3,2026-05-03,1,1382,4,5,2,892.4892,890.3886,120.9718,0.0000,13.586403,178.4978,223.1223,1.2500,1,1,6,1844292,A168_HF9F_20260827_0900,2026-08-27 09:00:00,185
114631099|30|8,8,114631099,30,2026-05-03,1,583,7,7,2,1378.8109,1378.8109,-429.8086,0.0000,-31.172412,196.9730,196.9730,1.0000,0,1,21,1844293,A168_HF9F_20260827_0900,2026-08-27 09:00:00,185
114631099|31|8,8,114631099,31,2026-05-03,1,583,5,5,2,591.9545,0.0000,0.0000,0.0000,,118.3909,118.3909,1.0000,5,1,10,1844294,A168_HF9F_20260827_0900,2026-08-27 09:00:00,185
114631099|32|8,8,114631099,32,2026-05-03,1,583,8,8,2,281.0010,0.0000,0.0000,0.0000,,35.1251,35.1251,1.0000,8,1,28,1844295,A168_HF9F_20260827_0900,2026-08-27 09:00:00,185
114631099|33|8,8,114631099,33,2026-05-03,1,583,13,13,2,859.3953,859.3953,-639.6397,0.0000,-74.429040,66.1073,66.1073,1.0000,0,1,78,1844296,A168_HF9F_20260827_0900,2026-08-27 09:00:00,185
114631099|34|8,8,114631099,34,2026-05-03,1,583,14,16,4,1072.9248,1072.9248,-27.4523,0.0000,-2.558642,67.0578,76.6375,1.1429,0,1,91,1844297,A168_HF9F_20260827_0900,2026-08-27 09:00:00,185
114631099|35|8,8,114631099,35,2026-05-03,1,1385,10,11,3,145.5486,145.5486,50.0709,0.0000,34.401517,13.2317,14.5549,1.1000,0,1,45,1844298,A168_HF9F_20260827_0900,2026-08-27 09:00:00,185
114631099|36|8,8,114631099,36,2026-05-03,1,1385,12,13,3,660.4780,10.5031,10.5031,0.0000,100.000000,50.8060,55.0398,1.0833,12,1,66,1844299,A168_HF9F_20260827_0900,2026-08-27 09:00:00,185
114631099|37|8,8,114631099,37,2026-05-03,1,1385,16,20,5,1469.5141,1269.5141,113.3361,0.0000,8.927519,73.4757,91.8446,1.2500,1,1,120,1844300,A168_HF9F_20260827_0900,2026-08-27 09:00:00,185
114631099|38|8,8,114631099,38,2026-05-03,1,1385,11,12,3,1514.6725,1514.6725,1379.1267,0.0000,91.051142,126.2227,137.6975,1.0909,0,1,55,1844301,A168_HF9F_20260827_0900,2026-08-27 09:00:00,185
114631099|39|8,8,114631099,39,2026-05-03,1,1385,7,7,2,7954.0593,7954.0593,7710.3245,0.0000,96.935719,1136.2942,1136.2942,1.0000,0,1,21,1844302,A168_HF9F_20260827_0900,2026-08-27 09:00:00,185
114631099|4|8,8,114631099,4,2026-05-03,1,1382,2,2,1,242.6805,242.6805,242.6805,0.0000,100.000000,121.3402,121.3402,1.0000,0,1,1,1844303,A168_HF9F_20260827_0900,2026-08-27 09:00:00,185
114631099|40|8,8,114631099,40,2026-05-03,1,1385,9,10,3,258.8683,258.8683,-140.1719,0.0000,-54.147952,25.8868,28.7631,1.1111,0,1,36,1844304,A168_HF9F_20260827_0900,2026-08-27 09:00:00,185
114631099|41|8,8,114631099,41,2026-05-03,1,1385,8,9,3,347.9334,347.9334,299.5310,0.0000,86.088581,38.6593,43.4917,1.1250,0,1,28,1844305,A168_HF9F_20260827_0900,2026-08-27 09:00:00,185
114631099|42|8,8,114631099,42,2026-05-03,1,1385,8,9,3,415.3946,415.3946,291.3698,1.1763,70.142898,46.1550,51.9243,1.1250,0,1,28,1844306,A168_HF9F_20260827_0900,2026-08-27 09:00:00,185
114631099|43|8,8,114631099,43,2026-05-03,1,1385,6,8,4,94.9602,94.9602,25.5516,0.0000,26.907647,11.8700,15.8267,1.3333,0,1,15,1844307,A168_HF9F_20260827_0900,2026-08-27 09:00:00,185
114631099|44|8,8,114631099,44,2026-05-03,1,1385,8,9,3,831.5267,2.1006,2.1006,0.0000,100.000000,92.3919,103.9408,1.1250,8,1,28,1844308,A168_HF9F_20260827_0900,2026-08-27 09:00:00,185
114631099|45|8,8,114631099,45,2026-05-03,1,1385,9,11,5,1378.4168,1378.4168,-1149.2317,0.6823,-83.373303,125.3106,153.1574,1.2222,0,1,36,1844309,A168_HF9F_20260827_0900,2026-08-27 09:00:00,185
114631099|46|8,8,114631099,46,2026-05-03,1,1385,9,11,4,1852.5453,1852.5453,1402.2573,0.0000,75.693549,168.4132,205.8384,1.2222,0,1,36,1844310,A168_HF9F_20260827_0900,2026-08-27 09:00:00,185
114631099|47|8,8,114631099,47,2026-05-03,1,1385,6,8,4,55.5233,55.5233,-44.0323,0.0000,-79.304185,6.9404,9.2539,1.3333,0,1,15,1844311,A168_HF9F_20260827_0900,2026-08-27 09:00:00,185
114631099|48|8,8,114631099,48,2026-05-03,1,1385,4,4,2,480.0533,480.0533,439.0912,0.0000,91.467180,120.0133,120.0133,1.0000,0,1,6,1844312,A168_HF9F_20260827_0900,2026-08-27 09:00:00,185
114631099|49|8,8,114631099,49,2026-05-03,1,1385,5,6,2,1366.8561,1366.8561,1366.8561,0.0000,100.000000,227.8094,273.3712,1.2000,0,1,10,1844313,A168_HF9F_20260827_0900,2026-08-27 09:00:00,185
114631099|5|8,8,114631099,5,2026-05-03,1,1382,1,1,1,195.4081,195.4081,195.4081,0.0000,100.000000,195.4081,195.4081,1.0000,0,0,0,1844314,A168_HF9F_20260827_0900,2026-08-27 09:00:00,185
114631099|6|8,8,114631099,6,2026-05-03,1,583,1,1,1,12.9729,12.9729,12.9729,0.0000,100.000000,12.9729,12.9729,1.0000,0,0,0,1844315,A168_HF9F_20260827_0900,2026-08-27 09:00:00,185
114631099|7|8,8,114631099,7,2026-05-03,1,583,3,3,2,280.7130,280.7130,270.3347,0.0000,96.302883,93.5710,93.5710,1.0000,0,1,3,1844316,A168_HF9F_20260827_0900,2026-08-27 09:00:00,185
114631099|8|8,8,114631099,8,2026-05-03,1,583,2,2,1,15.6922,15.6922,15.6922,0.0000,100.000000,7.8461,7.8461,1.0000,0,1,1,1844317,A168_HF9F_20260827_0900,2026-08-27 09:00:00,185
114631099|9|8,8,114631099,9,2026-05-03,1,583,4,5,3,319.4184,319.4184,310.9838,1.6805,97.359382,63.8837,79.8546,1.2500,0,1,6,1844318,A168_HF9F_20260827_0900,2026-08-27 09:00:00,185
114631125|1|8,8,114631125,1,2026-05-03,1,1385,1,1,1,2.1006,2.1006,-2.1006,0.0000,-100.000000,2.1006,2.1006,1.0000,0,0,0,1844319,A168_HF9F_20260827_0900,2026-08-27 09:00:00,185
114631125|10|8,8,114631125,10,2026-05-03,1,1385,4,4,2,326.2854,326.2854,321.7796,0.8402,98.619053,81.5713,81.5713,1.0000,0,1,6,1844320,A168_HF9F_20260827_0900,2026-08-27 09:00:00,185
114631125|11|8,8,114631125,11,2026-05-03,1,1385,2,2,1,15.4616,0.0000,0.0000,0.0000,,7.7308,7.7308,1.0000,2,1,1,1844321,A168_HF9F_20260827_0900,2026-08-27 09:00:00,185
114631125|12|8,8,114631125,12,2026-05-03,1,1385,2,2,2,17.3343,17.3343,-14.4195,0.0000,-83.184686,8.6672,8.6672,1.0000,0,1,1,1844322,A168_HF9F_20260827_0900,2026-08-27 09:00:00,185
114631125|13|8,8,114631125,13,2026-05-03,1,1385,5,5,1,128.3326,128.3326,128.3326,0.0000,100.000000,25.6665,25.6665,1.0000,0,1,10,1844323,A168_HF9F_20260827_0900,2026-08-27 09:00:00,185
114631125|14|8,8,114631125,14,2026-05-03,1,1385,9,9,2,2160.6357,2160.6357,2014.5279,0.0000,93.237738,240.0706,240.0706,1.0000,0,1,36,1844324,A168_HF9F_20260827_0900,2026-08-27 09:00:00,185
114631125|15|8,8,114631125,15,2026-05-03,1,1385,14,14,2,6357.0257,6357.0257,-5960.4782,0.0689,-93.762060,454.0733,454.0733,1.0000,0,1,91,1844325,A168_HF9F_20260827_0900,2026-08-27 09:00:00,185
114631125|16|8,8,114631125,16,2026-05-03,1,1385,12,13,3,1159.8918,1159.8918,-975.0866,0.0000,-84.067035,89.2224,96.6576,1.0833,0,1,66,1844326,A168_HF9F_20260827_0900,2026-08-27 09:00:00,185
114631125|17|8,8,114631125,17,2026-05-03,1,1382,13,17,6,3829.1455,3829.1455,-2967.9796,0.0000,-77.510235,225.2439,294.5497,1.3077,0,1,78,1844327,A168_HF9F_20260827_0900,2026-08-27 09:00:00,185
114631125|18|8,8,114631125,18,2026-05-03,1,1382,12,20,10,3443.9111,548.4623,-67.1328,0.0000,-12.240185,172.1956,286.9926,1.6667,12,1,66,1844328,A168_HF9F_20260827_0900,2026-08-27 09:00:00,185
114631125|19|8,8,114631125,19,2026-05-03,1,1382,8,13,7,575.4665,575.4665,467.5815,0.0286,81.252603,44.2667,71.9333,1.6250,0,1,28,1844329,A168_HF9F_20260827_0900,2026-08-27 09:00:00,185
114631125|2|8,8,114631125,2,2026-05-03,1,1385,6,6,2,105.1872,0.0000,0.0000,0.0000,,17.5312,17.5312,1.0000,6,1,15,1844330,A168_HF9F_20260827_0900,2026-08-27 09:00:00,185
114631125|20|8,8,114631125,20,2026-05-03,1,1382,10,10,2,1450.2278,1450.2278,1244.6338,0.0218,85.823328,145.0228,145.0228,1.0000,0,1,45,1844331,A168_HF9F_20260827_0900,2026-08-27 09:00:00,185
114631125|21|8,8,114631125,21,2026-05-03,1,1382,18,21,5,5303.5098,5295.1073,-4641.1035,0.0336,-87.648904,252.5481,294.6394,1.1667,2,1,153,1844332,A168_HF9F_20260827_0900,2026-08-27 09:00:00,185
114631125|22|8,8,114631125,22,2026-05-03,1,1382,17,20,4,6609.5380,6609.5380,6188.5340,0.0655,93.630355,330.4769,388.7964,1.1765,0,1,136,1844333,A168_HF9F_20260827_0900,2026-08-27 09:00:00,185
114631125|23|8,8,114631125,23,2026-05-03,1,1382,17,22,6,3827.8851,3827.8851,3707.0259,0.2907,96.842664,173.9948,225.1697,1.2941,0,1,136,1844334,A168_HF9F_20260827_0900,2026-08-27 09:00:00,185
114631125|24|8,8,114631125,24,2026-05-03,1,1382,14,15,4,796.7141,796.7141,-106.1683,0.0000,-13.325772,53.1143,56.9082,1.0714,0,1,91,1844335,A168_HF9F_20260827_0900,2026-08-27 09:00:00,185
114631125|25|8,8,114631125,25,2026-05-03,1,1382,8,8,2,734.9567,734.9567,548.3582,0.0000,74.610945,91.8696,91.8696,1.0000,0,1,28,1844336,A168_HF9F_20260827_0900,2026-08-27 09:00:00,185
114631125|26|8,8,114631125,26,2026-05-03,1,1382,9,15,7,2646.1698,2646.1698,-2200.3203,0.0000,-83.151138,176.4113,294.0189,1.6667,0,1,36,1844337,A168_HF9F_20260827_0900,2026-08-27 09:00:00,185
114631125|27|8,8,114631125,27,2026-05-03,1,1382,7,8,4,99.8506,99.8506,-59.8306,0.0000,-59.920131,12.4813,14.2644,1.1429,0,1,21,1844338,A168_HF9F_20260827_0900,2026-08-27 09:00:00,185
114631125|28|8,8,114631125,28,2026-05-03,1,1382,13,18,7,3892.2332,111.3282,32.7668,0.0000,29.432586,216.2352,299.4026,1.3846,15,1,78,1844339,A168_HF9F_20260827_0900,2026-08-27 09:00:00,185
114631125|29|8,8,114631125,29,2026-05-03,1,1382,10,15,7,3582.8394,3582.8394,3494.6134,0.5041,97.537539,238.8560,358.2839,1.5000,0,1,45,1844340,A168_HF9F_20260827_0900,2026-08-27 09:00:00,185
114631125|3|8,8,114631125,3,2026-05-03,1,1385,2,2,1,25.5607,25.5607,25.5607,0.0000,100.000000,12.7803,12.7803,1.0000,0,1,1,1844341,A168_HF9F_20260827_0900,2026-08-27 09:00:00,185
114631125|30|8,8,114631125,30,2026-05-03,1,1382,14,15,3,718.3728,718.3728,-328.1023,0.0000,-45.672984,47.8915,51.3123,1.0714,0,1,91,1844342,A168_HF9F_20260827_0900,2026-08-27 09:00:00,185
114631125|31|8,8,114631125,31,2026-05-03,1,1382,13,14,3,549.3773,549.3773,273.1316,1.6805,49.716572,39.2412,42.2598,1.0769,0,1,78,1844343,A168_HF9F_20260827_0900,2026-08-27 09:00:00,185
114631125|32|8,8,114631125,32,2026-05-03,1,1382,9,10,3,1063.8031,1063.8031,-725.8749,0.0672,-68.233945,106.3803,118.2003,1.1111,0,1,36,1844344,A168_HF9F_20260827_0900,2026-08-27 09:00:00,185
114631125|33|8,8,114631125,33,2026-05-03,1,1382,9,10,3,380.6112,380.6112,-329.8867,0.0000,-86.672881,38.0611,42.2901,1.1111,0,1,36,1844345,A168_HF9F_20260827_0900,2026-08-27 09:00:00,185
114631125|34|8,8,114631125,34,2026-05-03,1,1382,12,13,3,7347.0595,8.7291,-69.8324,0.0000,-800.000000,565.1584,612.2550,1.0833,12,1,66,1844346,A168_HF9F_20260827_0900,2026-08-27 09:00:00,185
114631125|35|8,8,114631125,35,2026-05-03,1,1382,12,12,2,1530.8782,1530.8782,1180.9590,1.6805,77.142582,127.5732,127.5732,1.0000,0,1,66,1844347,A168_HF9F_20260827_0900,2026-08-27 09:00:00,185
114631125|36|8,8,114631125,36,2026-05-03,1,1382,8,8,2,495.2586,495.2586,-94.2472,0.0000,-19.029892,61.9073,61.9073,1.0000,0,1,28,1844348,A168_HF9F_20260827_0900,2026-08-27 09:00:00,185
114631125|37|8,8,114631125,37,2026-05-03,1,1382,13,16,5,4932.9929,4932.9929,4680.9185,0.0773,94.890032,308.3121,379.4610,1.2308,0,1,78,1844349,A168_HF9F_20260827_0900,2026-08-27 09:00:00,185
114631125|38|8,8,114631125,38,2026-05-03,1,1382,14,16,5,1552.4949,1552.4949,-1247.1965,0.0000,-80.334979,97.0309,110.8925,1.1429,0,1,91,1844350,A168_HF9F_20260827_0900,2026-08-27 09:00:00,185
114631125|39|8,8,114631125,39,2026-05-03,1,1382,9,13,6,1879.0493,1879.0493,-427.0525,0.0000,-22.727050,144.5423,208.7833,1.4444,0,1,36,1844351,A168_HF9F_20260827_0900,2026-08-27 09:00:00,185
114631125|4|8,8,114631125,4,2026-05-03,1,1385,1,1,1,14.4113,14.4113,-14.4113,0.0000,-100.000000,14.4113,14.4113,1.0000,0,0,0,1844352,A168_HF9F_20260827_0900,2026-08-27 09:00:00,185
114631125|40|8,8,114631125,40,2026-05-03,1,1382,11,19,8,2193.9760,2193.9760,1077.0408,0.0000,49.090817,115.4724,199.4524,1.7273,0,1,55,1844353,A168_HF9F_20260827_0900,2026-08-27 09:00:00,185
114631125|41|8,8,114631125,41,2026-05-03,1,1382,12,18,8,1227.9611,1227.9611,793.2576,0.0000,64.599573,68.2201,102.3301,1.5000,0,1,66,1844354,A168_HF9F_20260827_0900,2026-08-27 09:00:00,185
114631125|42|8,8,114631125,42,2026-05-03,1,1382,5,9,6,133.2257,133.2257,49.5182,0.0000,37.168692,14.8029,26.6451,1.8000,0,1,10,1844355,A168_HF9F_20260827_0900,2026-08-27 09:00:00,185
114631125|43|8,8,114631125,43,2026-05-03,1,1382,4,10,8,105.2525,105.2525,86.7670,0.0000,82.437036,10.5252,26.3131,2.5000,0,1,6,1844356,A168_HF9F_20260827_0900,2026-08-27 09:00:00,185
114631125|44|8,8,114631125,44,2026-05-03,1,1382,7,14,8,2046.5418,489.7985,-173.6317,0.0000,-35.449613,146.1816,292.3631,2.0000,1,1,21,1844357,A168_HF9F_20260827_0900,2026-08-27 09:00:00,185
114631125|5|8,8,114631125,5,2026-05-03,1,1385,3,3,2,66.9268,66.9268,-35.4784,0.3361,-53.010788,22.3089,22.3089,1.0000,0,1,3,1844358,A168_HF9F_20260827_0900,2026-08-27 09:00:00,185
114631125|6|8,8,114631125,6,2026-05-03,1,1385,7,8,2,2768.7635,2768.7635,2768.7635,0.4201,100.000000,346.0954,395.5376,1.1429,0,1,21,1844359,A168_HF9F_20260827_0900,2026-08-27 09:00:00,185
114631125|7|8,8,114631125,7,2026-05-03,1,1385,2,2,1,15.6717,15.6717,15.6717,0.0000,100.000000,7.8358,7.8358,1.0000,0,1,1,1844360,A168_HF9F_20260827_0900,2026-08-27 09:00:00,185
114631125|8|8,8,114631125,8,2026-05-03,1,1385,4,4,2,84.1526,84.1526,-66.9261,0.5041,-79.529415,21.0381,21.0381,1.0000,0,1,6,1844361,A168_HF9F_20260827_0900,2026-08-27 09:00:00,185
114631125|9|8,8,114631125,9,2026-05-03,1,1385,4,4,3,38.7693,38.7693,-3.4038,0.0168,-8.779534,9.6923,9.6923,1.0000,0,1,6,1844362,A168_HF9F_20260827_0900,2026-08-27 09:00:00,185
114631143|1|8,8,114631143,1,2026-05-03,1,1382,1,1,1,2.5946,2.5946,2.5946,0.0000,100.000000,2.5946,2.5946,1.0000,0,0,0,1844363,A168_HF9F_20260827_0900,2026-08-27 09:00:00,185
114631143|10|8,8,114631143,10,2026-05-03,1,583,10,11,3,4914.9399,4914.9399,1787.2449,0.0000,36.363514,446.8127,491.4940,1.1000,0,1,45,1844364,A168_HF9F_20260827_0900,2026-08-27 09:00:00,185
114631143|11|8,8,114631143,11,2026-05-03,1,583,11,12,3,4883.4743,5.1891,-41.5132,0.0000,-800.000000,406.9562,443.9522,1.0909,11,1,55,1844365,A168_HF9F_20260827_0900,2026-08-27 09:00:00,185
114631143|12|8,8,114631143,12,2026-05-03,1,583,13,17,6,5096.3780,5096.3780,-2864.5601,0.0000,-56.207763,299.7869,392.0291,1.3077,0,1,78,1844366,A168_HF9F_20260827_0900,2026-08-27 09:00:00,185
114631143|13|8,8,114631143,13,2026-05-03,1,583,9,10,3,666.1016,2.5946,-20.7566,0.0000,-800.000000,66.6102,74.0113,1.1111,9,1,36,1844367,A168_HF9F_20260827_0900,2026-08-27 09:00:00,185
114631143|14|8,8,114631143,14,2026-05-03,1,583,8,8,2,460.9817,460.9817,-179.4107,0.0000,-38.919262,57.6227,57.6227,1.0000,0,1,28,1844368,A168_HF9F_20260827_0900,2026-08-27 09:00:00,185
114631143|15|8,8,114631143,15,2026-05-03,1,583,6,7,2,258.1120,258.1120,-240.1470,0.0000,-93.039837,36.8731,43.0187,1.1667,0,1,15,1844369,A168_HF9F_20260827_0900,2026-08-27 09:00:00,185
114631143|16|8,8,114631143,16,2026-05-03,1,583,7,8,3,389.9562,389.9562,-339.8585,0.0000,-87.152996,48.7445,55.7080,1.1429,0,1,21,1844370,A168_HF9F_20260827_0900,2026-08-27 09:00:00,185
114631143|17|8,8,114631143,17,2026-05-03,1,583,23,35,9,4171.4972,4171.4972,-2833.2215,0.0689,-67.918575,119.1856,181.3694,1.5217,0,1,253,1844371,A168_HF9F_20260827_0900,2026-08-27 09:00:00,185
114631143|18|8,8,114631143,18,2026-05-03,1,583,17,22,6,3093.2283,3093.2283,1004.6900,0.0000,32.480306,140.6013,181.9546,1.2941,0,1,136,1844372,A168_HF9F_20260827_0900,2026-08-27 09:00:00,185
114631143|2|8,8,114631143,2,2026-05-03,1,1382,2,2,1,70.9940,70.9940,70.9940,0.0000,100.000000,35.4970,35.4970,1.0000,0,1,1,1844373,A168_HF9F_20260827_0900,2026-08-27 09:00:00,185
114631143|3|8,8,114631143,3,2026-05-03,1,583,2,2,2,13.0977,13.0977,8.0383,0.0000,61.371637,6.5488,6.5488,1.0000,0,1,1,1844374,A168_HF9F_20260827_0900,2026-08-27 09:00:00,185
114631143|4|8,8,114631143,4,2026-05-03,1,583,3,3,2,78.7108,78.7108,48.1110,0.0000,61.123683,26.2369,26.2369,1.0000,0,1,3,1844375,A168_HF9F_20260827_0900,2026-08-27 09:00:00,185
114631143|5|8,8,114631143,5,2026-05-03,1,583,2,2,1,20.8814,20.8814,20.8814,0.0000,100.000000,10.4407,10.4407,1.0000,0,1,1,1844376,A168_HF9F_20260827_0900,2026-08-27 09:00:00,185
114631143|6|8,8,114631143,6,2026-05-03,1,583,5,5,3,97.5629,97.5629,92.3738,0.4134,94.681233,19.5126,19.5126,1.0000,0,1,10,1844377,A168_HF9F_20260827_0900,2026-08-27 09:00:00,185
114631143|7|8,8,114631143,7,2026-05-03,1,583,5,9,7,118.7586,43.0663,43.0663,0.3445,100.000000,13.1954,23.7517,1.8000,4,1,10,1844378,A168_HF9F_20260827_0900,2026-08-27 09:00:00,185
114631143|8|8,8,114631143,8,2026-05-03,1,583,2,2,2,15.1891,15.1891,4.8109,0.0000,31.672987,7.5946,7.5946,1.0000,0,1,1,1844379,A168_HF9F_20260827_0900,2026-08-27 09:00:00,185
114631143|9|8,8,114631143,9,2026-05-03,1,583,3,4,3,193.4279,193.4279,172.6713,0.0000,89.269086,48.3570,64.4760,1.3333,0,1,3,1844380,A168_HF9F_20260827_0900,2026-08-27 09:00:00,185
1226527|1|901,901,1226527,1,2026-05-03,1,-1,1,1,1,12.9729,12.9729,12.9729,0.0000,100.000000,12.9729,12.9729,1.0000,0,0,0,1844381,A168_HF9F_20260827_0900,2026-08-27 09:00:00,185
1226527|10|901,901,1226527,10,2026-05-03,1,-1,13,22,10,6397.6870,6397.6870,-5132.6123,0.0336,-80.226062,290.8040,492.1298,1.6923,0,1,78,1844382,A168_HF9F_20260827_0900,2026-08-27 09:00:00,185
1226527|11|901,901,1226527,11,2026-05-03,1,-1,17,21,6,1236.9597,1236.9597,42.3851,0.0672,3.426557,58.9028,72.7623,1.2353,0,1,136,1844383,A168_HF9F_20260827_0900,2026-08-27 09:00:00,185
1226527|12|901,901,1226527,12,2026-05-03,1,-1,15,22,5,1458.3145,1458.3145,876.7900,0.0000,60.123523,66.2870,97.2210,1.4667,0,1,105,1844384,A168_HF9F_20260827_0900,2026-08-27 09:00:00,185
1226527|13|901,901,1226527,13,2026-05-03,1,-1,17,26,6,830.3941,830.3941,-573.2416,0.2756,-69.032474,31.9382,48.8467,1.5294,0,1,136,1844385,A168_HF9F_20260827_0900,2026-08-27 09:00:00,185
1226527|14|901,901,1226527,14,2026-05-03,1,-1,12,18,5,630.6889,630.6889,-400.4312,0.0000,-63.491083,35.0383,52.5574,1.5000,0,1,66,1844386,A168_HF9F_20260827_0900,2026-08-27 09:00:00,185
1226527|15|901,901,1226527,15,2026-05-03,1,-1,15,20,5,1615.8895,1615.8895,-1456.7001,2.7562,-90.148500,80.7945,107.7260,1.3333,0,1,105,1844387,A168_HF9F_20260827_0900,2026-08-27 09:00:00,185
1226527|16|901,901,1226527,16,2026-05-03,1,-1,41,47,6,14437.3191,14437.3191,10584.2182,1.8588,73.311521,307.1770,352.1297,1.1463,0,1,820,1844388,A168_HF9F_20260827_0900,2026-08-27 09:00:00,185
1226527|17|901,901,1226527,17,2026-05-03,1,-1,15,27,7,10193.9876,116.7496,-515.0094,0.0000,-441.123080,377.5551,679.5992,1.8000,16,1,105,1844389,A168_HF9F_20260827_0900,2026-08-27 09:00:00,185
1226527|18|901,901,1226527,18,2026-05-03,1,-1,15,30,7,1303.2368,1299.0355,-679.3695,1.1025,-52.297996,43.4412,86.8825,2.0000,1,1,105,1844390,A168_HF9F_20260827_0900,2026-08-27 09:00:00,185
1226527|19|901,901,1226527,19,2026-05-03,1,-1,10,17,5,753.2012,753.2012,205.5091,0.0000,27.284748,44.3060,75.3201,1.7000,0,1,45,1844391,A168_HF9F_20260827_0900,2026-08-27 09:00:00,185
1226527|2|901,901,1226527,2,2026-05-03,1,-1,2,3,3,66.9400,1.2973,1.2973,0.0000,100.000000,22.3133,33.4700,1.5000,2,1,1,1844392,A168_HF9F_20260827_0900,2026-08-27 09:00:00,185
1226527|20|901,901,1226527,20,2026-05-03,1,-1,15,23,5,872.6992,872.6992,-614.0398,1.1025,-70.360986,37.9434,58.1799,1.5333,0,1,105,1844393,A168_HF9F_20260827_0900,2026-08-27 09:00:00,185
1226527|21|901,901,1226527,21,2026-05-03,1,-1,18,32,8,1576.1422,1576.1422,464.7278,1.1025,29.485144,49.2544,87.5635,1.7778,0,1,153,1844394,A168_HF9F_20260827_0900,2026-08-27 09:00:00,185
1226527|22|901,901,1226527,22,2026-05-03,1,-1,16,24,5,493.1547,480.5510,-70.3563,1.3781,-14.640755,20.5481,30.8222,1.5000,1,1,120,1844395,A168_HF9F_20260827_0900,2026-08-27 09:00:00,185
1226527|23|901,901,1226527,23,2026-05-03,1,-1,12,19,5,672.1735,659.5698,447.0434,0.8269,67.778022,35.3776,56.0145,1.5833,1,1,66,1844396,A168_HF9F_20260827_0900,2026-08-27 09:00:00,185
1226527|24|901,901,1226527,24,2026-05-03,1,-1,14,20,5,1276.3717,1255.3655,1112.9435,1.9294,88.654937,63.8186,91.1694,1.4286,1,1,91,1844397,A168_HF9F_20260827_0900,2026-08-27 09:00:00,185
1226527|25|901,901,1226527,25,2026-05-03,1,-1,8,13,5,572.6446,547.4372,-390.8782,0.8269,-71.401467,44.0496,71.5806,1.6250,1,1,28,1844398,A168_HF9F_20260827_0900,2026-08-27 09:00:00,185
1226527|26|901,901,1226527,26,2026-05-03,1,-1,11,20,5,657.3625,550.2236,-484.7706,0.6891,-88.104287,32.8681,59.7602,1.8182,3,1,55,1844399,A168_HF9F_20260827_0900,2026-08-27 09:00:00,185
1226527|27|901,901,1226527,27,2026-05-03,1,-1,13,19,6,510.7986,489.7924,355.1137,0.0840,72.502899,26.8841,39.2922,1.4615,1,1,78,1844400,A168_HF9F_20260827_0900,2026-08-27 09:00:00,185
1226527|28|901,901,1226527,28,2026-05-03,1,-1,10,22,8,316.0336,295.0274,-96.3988,0.2756,-32.674521,14.3652,31.6034,2.2000,3,1,45,1844401,A168_HF9F_20260827_0900,2026-08-27 09:00:00,185
1226527|29|901,901,1226527,29,2026-05-03,1,-1,11,23,8,403.6327,378.4253,159.9820,0.0000,42.275710,17.5492,36.6939,2.0909,3,1,55,1844402,A168_HF9F_20260827_0900,2026-08-27 09:00:00,185
1226527|3|901,901,1226527,3,2026-05-03,1,-1,6,8,3,4231.5638,4223.1613,3866.7546,0.0000,91.560664,528.9455,705.2606,1.3333,1,1,15,1844403,A168_HF9F_20260827_0900,2026-08-27 09:00:00,185
1226527|30|901,901,1226527,30,2026-05-03,1,-1,10,19,8,313.8246,301.2209,-184.0593,0.5512,-61.104436,16.5171,31.3825,1.9000,1,1,45,1844404,A168_HF9F_20260827_0900,2026-08-27 09:00:00,185
1226527|31|901,901,1226527,31,2026-05-03,1,-1,15,25,5,460.1569,422.3458,-270.9535,0.0000,-64.154423,18.4063,30.6771,1.6667,3,1,105,1844405,A168_HF9F_20260827_0900,2026-08-27 09:00:00,185
1226527|32|901,901,1226527,32,2026-05-03,1,-1,22,29,6,5371.4228,5354.6179,5125.8040,0.5512,95.726794,185.2215,244.1556,1.3182,1,1,231,1844406,A168_HF9F_20260827_0900,2026-08-27 09:00:00,185
1226527|33|901,901,1226527,33,2026-05-03,1,-1,9,15,7,385.2354,21.0062,-16.8050,0.0000,-80.000000,25.6824,42.8039,1.6667,10,1,36,1844407,A168_HF9F_20260827_0900,2026-08-27 09:00:00,185
1226527|34|901,901,1226527,34,2026-05-03,1,-1,12,16,6,485.4816,485.4816,116.5214,1.4755,24.001199,30.3426,40.4568,1.3333,0,1,66,1844408,A168_HF9F_20260827_0900,2026-08-27 09:00:00,185
1226527|35|901,901,1226527,35,2026-05-03,1,-1,10,16,6,293.3895,276.5845,52.4423,0.2756,18.960668,18.3368,29.3389,1.6000,1,1,45,1844409,A168_HF9F_20260827_0900,2026-08-27 09:00:00,185
1226527|36|901,901,1226527,36,2026-05-03,1,-1,21,27,6,3373.5897,3347.6440,48.5692,1.8485,1.450848,124.9478,160.6471,1.2857,1,1,210,1844410,A168_HF9F_20260827_0900,2026-08-27 09:00:00,185
1226527|37|901,901,1226527,37,2026-05-03,1,-1,28,40,8,5414.4772,5375.9278,1984.9196,0.7226,36.922363,135.3619,193.3742,1.4286,2,1,378,1844411,A168_HF9F_20260827_0900,2026-08-27 09:00:00,185
1226527|38|901,901,1226527,38,2026-05-03,1,-1,26,33,7,1691.6283,1691.6283,921.6269,0.5546,54.481644,51.2615,65.0626,1.2692,0,1,325,1844412,A168_HF9F_20260827_0900,2026-08-27 09:00:00,185
1226527|39|901,901,1226527,39,2026-05-03,1,-1,9,14,8,543.8140,543.8140,-115.6831,0.0000,-21.272557,38.8439,60.4238,1.5556,0,1,36,1844413,A168_HF9F_20260827_0900,2026-08-27 09:00:00,185
1226527|4|901,901,1226527,4,2026-05-03,1,-1,6,8,3,509.9163,505.7150,-443.4584,0.0000,-87.689380,63.7395,84.9860,1.3333,1,1,15,1844414,A168_HF9F_20260827_0900,2026-08-27 09:00:00,185
1226527|40|901,901,1226527,40,2026-05-03,1,-1,10,10,2,1016.4253,1016.4253,-264.9527,0.0000,-26.067110,101.6425,101.6425,1.0000,0,1,45,1844415,A168_HF9F_20260827_0900,2026-08-27 09:00:00,185
1226527|41|901,901,1226527,41,2026-05-03,1,-1,7,11,6,410.3433,410.3433,217.5987,0.0000,53.028459,37.3039,58.6205,1.5714,0,1,21,1844416,A168_HF9F_20260827_0900,2026-08-27 09:00:00,185
1226527|42|901,901,1226527,42,2026-05-03,1,-1,4,4,2,646.7075,646.7075,586.7075,0.0000,90.722235,161.6769,161.6769,1.0000,0,1,6,1844417,A168_HF9F_20260827_0900,2026-08-27 09:00:00,185
1226527|43|901,901,1226527,43,2026-05-03,1,-1,6,6,2,360.8951,360.8951,-215.0999,0.0000,-59.601762,60.1492,60.1492,1.0000,0,1,15,1844418,A168_HF9F_20260827_0900,2026-08-27 09:00:00,185
1226527|44|901,901,1226527,44,2026-05-03,1,-1,15,18,5,2155.5373,2155.5373,907.6338,0.0000,42.107077,119.7521,143.7025,1.2000,0,1,105,1844419,A168_HF9F_20260827_0900,2026-08-27 09:00:00,185
1226527|45|901,901,1226527,45,2026-05-03,1,-1,9,18,8,1368.4515,1368.4515,-934.8713,2.3695,-68.315999,76.0251,152.0502,2.0000,0,1,36,1844420,A168_HF9F_20260827_0900,2026-08-27 09:00:00,185
1226527|46|901,901,1226527,46,2026-05-03,1,-1,10,21,8,1818.2398,1818.2398,431.8279,2.3695,23.749775,86.5828,181.8240,2.1000,0,1,45,1844421,A168_HF9F_20260827_0900,2026-08-27 09:00:00,185
1226527|47|901,901,1226527,47,2026-05-03,1,-1,8,11,5,874.2304,874.2304,722.4479,0.0000,82.638161,79.4755,109.2788,1.3750,0,1,28,1844422,A168_HF9F_20260827_0900,2026-08-27 09:00:00,185
1226527|48|901,901,1226527,48,2026-05-03,1,-1,4,4,2,452.9908,452.9908,-316.7758,0.0000,-69.929847,113.2477,113.2477,1.0000,0,1,6,1844423,A168_HF9F_20260827_0900,2026-08-27 09:00:00,185
1226527|49|901,901,1226527,49,2026-05-03,1,-1,4,4,2,101.5519,101.5519,-15.2074,0.1378,-14.974971,25.3880,25.3880,1.0000,0,1,6,1844424,A168_HF9F_20260827_0900,2026-08-27 09:00:00,185
1226527|5|901,901,1226527,5,2026-05-03,1,-1,11,13,3,608.4091,604.2079,524.0981,0.0000,86.741353,46.8007,55.3099,1.1818,2,1,55,1844425,A168_HF9F_20260827_0900,2026-08-27 09:00:00,185
1226527|50|901,901,1226527,50,2026-05-03,1,-1,3,3,2,181.6201,181.6201,131.0259,0.0000,72.142857,60.5400,60.5400,1.0000,0,1,3,1844426,A168_HF9F_20260827_0900,2026-08-27 09:00:00,185
1226527|51|901,901,1226527,51,2026-05-03,1,-1,4,4,1,259.4572,259.4572,-246.4844,0.0000,-95.000000,64.8643,64.8643,1.0000,0,1,6,1844427,A168_HF9F_20260827_0900,2026-08-27 09:00:00,185
1226527|52|901,901,1226527,52,2026-05-03,1,-1,2,2,2,51.8914,51.8914,1.2973,0.0000,2.500000,25.9457,25.9457,1.0000,0,1,1,1844428,A168_HF9F_20260827_0900,2026-08-27 09:00:00,185
1226527|53|901,901,1226527,53,2026-05-03,1,-1,6,6,2,264.4642,264.4642,71.7197,0.0000,27.118860,44.0774,44.0774,1.0000,0,1,15,1844429,A168_HF9F_20260827_0900,2026-08-27 09:00:00,185
1226527|54|901,901,1226527,54,2026-05-03,1,-1,25,31,5,2667.5475,25.7014,-129.9888,0.0000,-505.765671,86.0499,106.7019,1.2400,26,1,300,1844430,A168_HF9F_20260827_0900,2026-08-27 09:00:00,185
1226527|6|901,901,1226527,6,2026-05-03,1,-1,7,7,2,105.5380,105.5380,-62.7873,0.0000,-59.492606,15.0769,15.0769,1.0000,0,1,21,1844431,A168_HF9F_20260827_0900,2026-08-27 09:00:00,185
1226527|7|901,901,1226527,7,2026-05-03,1,-1,4,6,4,80.1296,80.1296,-69.7513,0.0000,-87.048124,13.3549,20.0324,1.5000,0,1,6,1844432,A168_HF9F_20260827_0900,2026-08-27 09:00:00,185
1226527|8|901,901,1226527,8,2026-05-03,1,-1,8,10,4,186.8217,186.8217,86.2377,0.0000,46.160405,18.6822,23.3527,1.2500,0,1,28,1844433,A168_HF9F_20260827_0900,2026-08-27 09:00:00,185
1226527|9|901,901,1226527,9,2026-05-03,1,-1,8,9,3,561.1617,561.1617,409.3792,0.0000,72.952095,62.3513,70.1452,1.1250,0,1,28,1844434,A168_HF9F_20260827_0900,2026-08-27 09:00:00,185
1226566|10|901,901,1226566,10,2026-05-03,1,-1,24,31,6,3039.9488,3039.9488,-1947.3243,0.2101,-64.057798,98.0629,126.6645,1.2917,0,1,276,1844435,A168_HF9F_20260827_0900,2026-08-27 09:00:00,185
1226566|11|901,901,1226566,11,2026-05-03,1,-1,35,40,6,3118.4228,3118.4228,1980.7700,0.2033,63.518327,77.9606,89.0978,1.1429,0,1,595,1844436,A168_HF9F_20260827_0900,2026-08-27 09:00:00,185
1226566|12|901,901,1226566,12,2026-05-03,1,-1,8,10,4,1699.6534,1699.6534,1403.7941,0.0000,82.592964,169.9653,212.4567,1.2500,0,1,28,1844437,A168_HF9F_20260827_0900,2026-08-27 09:00:00,185
1226566|13|901,901,1226566,13,2026-05-03,1,-1,2,2,2,64.8643,64.8643,-36.3240,0.0000,-56.000000,32.4322,32.4322,1.0000,0,1,1,1844438,A168_HF9F_20260827_0900,2026-08-27 09:00:00,185
1226566|14|901,901,1226566,14,2026-05-03,1,-1,5,5,2,363.0753,363.0753,181.4553,0.0000,49.977307,72.6151,72.6151,1.0000,0,1,10,1844439,A168_HF9F_20260827_0900,2026-08-27 09:00:00,185
1226566|15|901,901,1226566,15,2026-05-03,1,-1,7,7,2,162.7690,162.7690,-99.7504,0.0000,-61.283412,23.2527,23.2527,1.0000,0,1,21,1844440,A168_HF9F_20260827_0900,2026-08-27 09:00:00,185
1226566|16|901,901,1226566,16,2026-05-03,1,-1,23,31,6,847.1423,847.1423,412.9491,0.6033,48.746125,27.3272,36.8323,1.3478,0,1,253,1844441,A168_HF9F_20260827_0900,2026-08-27 09:00:00,185
1226566|17|901,901,1226566,17,2026-05-03,1,-1,20,26,7,3555.0118,108.4781,-693.2447,0.0000,-639.064344,136.7312,177.7506,1.3000,20,1,190,1844442,A168_HF9F_20260827_0900,2026-08-27 09:00:00,185
1226566|18|901,901,1226566,18,2026-05-03,1,-1,21,23,4,1517.2786,1517.2786,516.6943,0.5512,34.054018,65.9686,72.2514,1.0952,0,1,210,1844443,A168_HF9F_20260827_0900,2026-08-27 09:00:00,185
1226566|19|901,901,1226566,19,2026-05-03,1,-1,22,27,5,2385.8766,2385.8766,591.6937,1.1697,24.799847,88.3658,108.4489,1.2273,0,1,231,1844444,A168_HF9F_20260827_0900,2026-08-27 09:00:00,185
1226566|2|901,901,1226566,2,2026-05-03,1,-1,3,6,5,814.0208,814.0208,-250.9934,4.7264,-30.833778,135.6701,271.3403,2.0000,0,1,3,1844445,A168_HF9F_20260827_0900,2026-08-27 09:00:00,185
1226566|20|901,901,1226566,20,2026-05-03,1,-1,27,36,8,2032.6944,2032.6944,388.1824,0.0672,19.096937,56.4637,75.2850,1.3333,0,1,351,1844446,A168_HF9F_20260827_0900,2026-08-27 09:00:00,185
1226566|21|901,901,1226566,21,2026-05-03,1,-1,10,10,2,942.4002,942.4002,755.3414,2.0200,80.150809,94.2400,94.2400,1.0000,0,1,45,1844447,A168_HF9F_20260827_0900,2026-08-27 09:00:00,185
1226566|22|901,901,1226566,22,2026-05-03,1,-1,4,4,2,170.7478,170.7478,10.8722,0.0000,6.367426,42.6870,42.6870,1.0000,0,1,6,1844448,A168_HF9F_20260827_0900,2026-08-27 09:00:00,185
1226566|23|901,901,1226566,23,2026-05-03,1,-1,5,5,2,207.1966,207.1966,130.0978,0.0000,62.789511,41.4393,41.4393,1.0000,0,1,10,1844449,A168_HF9F_20260827_0900,2026-08-27 09:00:00,185
1226566|24|901,901,1226566,24,2026-05-03,1,-1,8,9,3,458.6272,458.6272,16.2883,0.0000,3.551526,50.9586,57.3284,1.1250,0,1,28,1844450,A168_HF9F_20260827_0900,2026-08-27 09:00:00,185
1226566|25|901,901,1226566,25,2026-05-03,1,-1,4,4,2,305.0732,0.0000,0.0000,0.0000,,76.2683,76.2683,1.0000,4,1,6,1844451,A168_HF9F_20260827_0900,2026-08-27 09:00:00,185
1226566|26|901,901,1226566,26,2026-05-03,1,-1,4,4,2,147.6030,147.6030,74.0170,0.0000,50.146019,36.9008,36.9008,1.0000,0,1,6,1844452,A168_HF9F_20260827_0900,2026-08-27 09:00:00,185
1226566|27|901,901,1226566,27,2026-05-03,1,-1,7,12,5,1004.8046,1004.8046,754.0388,0.0000,75.043331,83.7337,143.5435,1.7143,0,1,21,1844453,A168_HF9F_20260827_0900,2026-08-27 09:00:00,185
1226566|28|901,901,1226566,28,2026-05-03,1,-1,9,12,5,387.3904,387.3904,-33.0279,0.0000,-8.525742,32.2825,43.0434,1.3333,0,1,36,1844454,A168_HF9F_20260827_0900,2026-08-27 09:00:00,185
1226566|29|901,901,1226566,29,2026-05-03,1,-1,7,10,5,175.0526,175.0526,-64.8487,0.2205,-37.045252,17.5053,25.0075,1.4286,0,1,21,1844455,A168_HF9F_20260827_0900,2026-08-27 09:00:00,185
1226566|3|901,901,1226566,3,2026-05-03,1,-1,11,15,5,1116.8710,1116.8710,-848.6616,4.7264,-75.985640,74.4581,101.5337,1.3636,0,1,55,1844456,A168_HF9F_20260827_0900,2026-08-27 09:00:00,185
1226566|30|901,901,1226566,30,2026-05-03,1,-1,10,12,4,681.5014,681.5014,445.3794,0.0000,65.352684,56.7918,68.1501,1.2000,0,1,45,1844457,A168_HF9F_20260827_0900,2026-08-27 09:00:00,185
1226566|31|901,901,1226566,31,2026-05-03,1,-1,8,8,2,397.8228,397.8228,-310.3228,0.0000,-78.005277,49.7278,49.7278,1.0000,0,1,28,1844458,A168_HF9F_20260827_0900,2026-08-27 09:00:00,185
1226566|32|901,901,1226566,32,2026-05-03,1,-1,18,18,3,835.0196,835.0196,-507.6821,0.0000,-60.798818,46.3900,46.3900,1.0000,0,1,153,1844459,A168_HF9F_20260827_0900,2026-08-27 09:00:00,185
1226566|33|901,901,1226566,33,2026-05-03,1,-1,11,11,2,717.3985,717.3985,-159.9028,0.0000,-22.289261,65.2180,65.2180,1.0000,0,1,55,1844460,A168_HF9F_20260827_0900,2026-08-27 09:00:00,185
1226566|34|901,901,1226566,34,2026-05-03,1,-1,14,14,2,7399.8096,7399.8096,-4957.2391,0.0000,-66.991441,528.5578,528.5578,1.0000,0,1,91,1844461,A168_HF9F_20260827_0900,2026-08-27 09:00:00,185
1226566|35|901,901,1226566,35,2026-05-03,1,-1,19,24,5,2307.5362,2307.5362,56.2030,0.3307,2.435629,96.1473,121.4493,1.2632,0,1,171,1844462,A168_HF9F_20260827_0900,2026-08-27 09:00:00,185
1226566|36|901,901,1226566,36,2026-05-03,1,-1,2,2,2,72.8976,72.8976,30.8852,0.0000,42.367965,36.4488,36.4488,1.0000,0,1,1,1844463,A168_HF9F_20260827_0900,2026-08-27 09:00:00,185
1226566|37|901,901,1226566,37,2026-05-03,1,-1,5,5,1,174.9891,0.0000,0.0000,0.0000,,34.9978,34.9978,1.0000,5,1,10,1844464,A168_HF9F_20260827_0900,2026-08-27 09:00:00,185
1226566|38|901,901,1226566,38,2026-05-03,1,-1,3,3,2,53.9921,53.9921,49.7908,0.0000,92.218783,17.9974,17.9974,1.0000,0,1,3,1844465,A168_HF9F_20260827_0900,2026-08-27 09:00:00,185
1226566|39|901,901,1226566,39,2026-05-03,1,-1,5,5,2,613.7784,613.7784,-237.0534,0.0000,-38.621978,122.7557,122.7557,1.0000,0,1,10,1844466,A168_HF9F_20260827_0900,2026-08-27 09:00:00,185
1226566|4|901,901,1226566,4,2026-05-03,1,-1,14,17,5,1183.5662,1183.5662,1107.0361,5.8397,93.533945,69.6215,84.5404,1.2143,0,1,91,1844467,A168_HF9F_20260827_0900,2026-08-27 09:00:00,185
1226566|40|901,901,1226566,40,2026-05-03,1,-1,5,5,2,1442.6914,0.0000,0.0000,0.0000,,288.5383,288.5383,1.0000,5,1,10,1844468,A168_HF9F_20260827_0900,2026-08-27 09:00:00,185
1226566|41|901,901,1226566,41,2026-05-03,1,-1,3,3,2,1811.0903,1811.0903,351.6330,0.0000,19.415545,603.6968,603.6968,1.0000,0,1,3,1844469,A168_HF9F_20260827_0900,2026-08-27 09:00:00,185
1226566|42|901,901,1226566,42,2026-05-03,1,-1,3,3,2,740.1069,740.1069,459.8931,0.0000,62.138740,246.7023,246.7023,1.0000,0,1,3,1844470,A168_HF9F_20260827_0900,2026-08-27 09:00:00,185
1226566|43|901,901,1226566,43,2026-05-03,1,-1,10,12,3,1131.4369,1115.8695,-239.1008,0.0000,-21.427311,94.2864,113.1437,1.2000,1,1,45,1844471,A168_HF9F_20260827_0900,2026-08-27 09:00:00,185
1226566|44|901,901,1226566,44,2026-05-03,1,-1,6,9,5,815.4172,815.4172,-707.0586,0.0000,-86.711274,90.6019,135.9029,1.5000,0,1,15,1844472,A168_HF9F_20260827_0900,2026-08-27 09:00:00,185
1226566|45|901,901,1226566,45,2026-05-03,1,-1,11,19,8,1309.0118,1309.0118,-958.8201,1.6133,-73.247627,68.8954,119.0011,1.7273,0,1,55,1844473,A168_HF9F_20260827_0900,2026-08-27 09:00:00,185
1226566|46|901,901,1226566,46,2026-05-03,1,-1,15,24,8,1518.7227,1518.7227,301.1038,1.1259,19.826121,63.2801,101.2482,1.6000,0,1,105,1844474,A168_HF9F_20260827_0900,2026-08-27 09:00:00,185
1226566|47|901,901,1226566,47,2026-05-03,1,-1,7,7,2,1672.4706,1672.4706,-1543.3123,0.0000,-92.277397,238.9244,238.9244,1.0000,0,1,21,1844475,A168_HF9F_20260827_0900,2026-08-27 09:00:00,185
1226566|48|901,901,1226566,48,2026-05-03,1,-1,14,20,6,1831.4992,1831.4992,141.5585,0.3307,7.729104,91.5750,130.8214,1.4286,0,1,91,1844476,A168_HF9F_20260827_0900,2026-08-27 09:00:00,185
1226566|49|901,901,1226566,49,2026-05-03,1,-1,11,15,6,1314.5872,1314.5872,641.9976,0.0000,48.836439,87.6391,119.5079,1.3636,0,1,55,1844477,A168_HF9F_20260827_0900,2026-08-27 09:00:00,185
1226566|5|901,901,1226566,5,2026-05-03,1,-1,7,10,5,672.3889,672.3889,345.9035,0.0000,51.443963,67.2389,96.0556,1.4286,0,1,21,1844478,A168_HF9F_20260827_0900,2026-08-27 09:00:00,185
1226566|50|901,901,1226566,50,2026-05-03,1,-1,5,5,2,659.8756,659.8756,-452.3098,0.0000,-68.544710,131.9751,131.9751,1.0000,0,1,10,1844479,A168_HF9F_20260827_0900,2026-08-27 09:00:00,185
1226566|51|901,901,1226566,51,2026-05-03,1,-1,7,9,4,1127.2836,1127.2836,-841.7751,0.0000,-74.672879,125.2537,161.0405,1.2857,0,1,21,1844480,A168_HF9F_20260827_0900,2026-08-27 09:00:00,185
1226566|52|901,901,1226566,52,2026-05-03,1,-1,21,28,5,2385.2504,2385.2504,-2197.6817,0.1891,-92.136313,85.1875,113.5834,1.3333,0,1,210,1844481,A168_HF9F_20260827_0900,2026-08-27 09:00:00,185
1226566|53|901,901,1226566,53,2026-05-03,1,-1,18,25,6,3123.5230,3123.5230,-1719.9381,0.0000,-55.064043,124.9409,173.5291,1.3889,0,1,153,1844482,A168_HF9F_20260827_0900,2026-08-27 09:00:00,185
1226566|54|901,901,1226566,54,2026-05-03,1,-1,29,32,5,3831.8110,3831.8110,-2669.4426,0.3361,-69.665301,119.7441,132.1314,1.1034,0,1,406,1844483,A168_HF9F_20260827_0900,2026-08-27 09:00:00,185
1226566|6|901,901,1226566,6,2026-05-03,1,-1,7,8,3,722.2249,722.2249,-514.7313,0.0000,-71.270226,90.2781,103.1750,1.1429,0,1,21,1844484,A168_HF9F_20260827_0900,2026-08-27 09:00:00,185
1226566|7|901,901,1226566,7,2026-05-03,1,-1,4,5,3,1459.3047,1459.3047,-977.8199,0.8402,-67.005877,291.8609,364.8262,1.2500,0,1,6,1844485,A168_HF9F_20260827_0900,2026-08-27 09:00:00,185
1226566|8|901,901,1226566,8,2026-05-03,1,-1,17,17,2,1116.2073,1116.2073,-553.6669,0.0000,-49.602514,65.6593,65.6593,1.0000,0,1,136,1844486,A168_HF9F_20260827_0900,2026-08-27 09:00:00,185
1226566|9|901,901,1226566,9,2026-05-03,1,-1,17,18,2,2723.8204,2723.8204,-2584.3945,0.1680,-94.881237,151.3234,160.2247,1.0588,0,1,136,1844487,A168_HF9F_20260827_0900,2026-08-27 09:00:00,185
1226608|1|901,901,1226608,1,2026-05-03,1,-1,3,3,2,863.8483,863.8483,-656.8076,0.0000,-76.032743,287.9494,287.9494,1.0000,0,1,3,1844488,A168_HF9F_20260827_0900,2026-08-27 09:00:00,185
1226608|10|901,901,1226608,10,2026-05-03,1,-1,29,46,9,3807.4176,3786.4114,-1556.7917,0.8289,-41.115228,82.7699,131.2903,1.5862,1,1,406,1844489,A168_HF9F_20260827_0900,2026-08-27 09:00:00,185
1226608|11|901,901,1226608,11,2026-05-03,1,-1,24,42,8,2134.4307,172.0129,-584.3633,0.0000,-339.720593,50.8198,88.9346,1.7500,24,1,276,1844490,A168_HF9F_20260827_0900,2026-08-27 09:00:00,185
1226608|12|901,901,1226608,12,2026-05-03,1,-1,27,46,8,3150.4616,3116.8517,-227.8006,1.2600,-7.308678,68.4883,116.6838,1.7037,1,1,351,1844491,A168_HF9F_20260827_0900,2026-08-27 09:00:00,185
1226608|13|901,901,1226608,13,2026-05-03,1,-1,19,25,4,1488.1708,1488.1708,-1267.9491,0.0000,-85.201854,59.5268,78.3248,1.3158,0,1,171,1844492,A168_HF9F_20260827_0900,2026-08-27 09:00:00,185
1226608|14|901,901,1226608,14,2026-05-03,1,-1,25,43,8,2561.8829,2561.8829,-1685.5489,1.1343,-65.793361,59.5787,102.4753,1.7200,0,1,300,1844493,A168_HF9F_20260827_0900,2026-08-27 09:00:00,185
1226608|15|901,901,1226608,15,2026-05-03,1,-1,37,53,6,2750.2070,2750.2070,-2132.0694,2.0217,-77.523960,51.8907,74.3299,1.4324,0,1,666,1844494,A168_HF9F_20260827_0900,2026-08-27 09:00:00,185
1226608|16|901,901,1226608,16,2026-05-03,1,-1,41,64,8,2901.3877,2901.3877,335.4631,3.1703,11.562162,45.3342,70.7656,1.5610,0,1,820,1844495,A168_HF9F_20260827_0900,2026-08-27 09:00:00,185
1226608|17|901,901,1226608,17,2026-05-03,1,-1,28,50,7,4261.9075,4261.9075,2738.2317,0.9970,64.248971,85.2382,152.2110,1.7857,0,1,378,1844496,A168_HF9F_20260827_0900,2026-08-27 09:00:00,185
1226608|18|901,901,1226608,18,2026-05-03,1,-1,23,38,6,1739.3518,1739.3518,-1294.6987,1.1025,-74.435704,45.7724,75.6240,1.6522,0,1,253,1844497,A168_HF9F_20260827_0900,2026-08-27 09:00:00,185
1226608|19|901,901,1226608,19,2026-05-03,1,-1,33,50,7,2078.3482,2078.3482,-1382.2633,1.1105,-66.507782,41.5670,62.9802,1.5152,0,1,528,1844498,A168_HF9F_20260827_0900,2026-08-27 09:00:00,185
1226608|2|901,901,1226608,2,2026-05-03,1,-1,3,3,2,634.4397,634.4397,-340.5603,0.0000,-53.678917,211.4799,211.4799,1.0000,0,1,3,1844499,A168_HF9F_20260827_0900,2026-08-27 09:00:00,185
1226608|20|901,901,1226608,20,2026-05-03,1,-1,30,51,7,2107.8238,2107.8238,988.4735,0.8348,46.895452,41.3299,70.2608,1.7000,0,1,435,1844500,A168_HF9F_20260827_0900,2026-08-27 09:00:00,185
1226608|21|901,901,1226608,21,2026-05-03,1,-1,28,41,8,1896.2295,1896.2295,1339.6114,1.2672,70.646058,46.2495,67.7225,1.4643,0,1,378,1844501,A168_HF9F_20260827_0900,2026-08-27 09:00:00,185
1226608|22|901,901,1226608,22,2026-05-03,1,-1,15,32,8,984.3481,119.0070,-53.0403,0.1378,-44.569020,30.7609,65.6232,2.1333,12,1,105,1844502,A168_HF9F_20260827_0900,2026-08-27 09:00:00,185
1226608|23|901,901,1226608,23,2026-05-03,1,-1,10,25,8,1010.8011,1010.8011,613.5555,0.6891,60.699925,40.4320,101.0801,2.5000,0,1,45,1844503,A168_HF9F_20260827_0900,2026-08-27 09:00:00,185
1226608|24|901,901,1226608,24,2026-05-03,1,-1,15,23,8,1131.6097,1131.6097,-563.4500,0.6202,-49.791905,49.2004,75.4406,1.5333,0,1,105,1844504,A168_HF9F_20260827_0900,2026-08-27 09:00:00,185
1226608|25|901,901,1226608,25,2026-05-03,1,-1,15,33,8,1674.2964,1438.3184,-1131.9368,0.6025,-78.698625,50.7363,111.6198,2.2000,0,1,105,1844505,A168_HF9F_20260827_0900,2026-08-27 09:00:00,185
1226608|26|901,901,1226608,26,2026-05-03,1,-1,22,36,8,1247.9639,66.7757,-182.5551,0.1378,-273.385611,34.6657,56.7256,1.6364,22,1,231,1844506,A168_HF9F_20260827_0900,2026-08-27 09:00:00,185
1226608|27|901,901,1226608,27,2026-05-03,1,-1,25,44,8,1955.7830,1930.5756,998.5231,0.9386,51.721525,44.4496,78.2313,1.7600,1,1,300,1844507,A168_HF9F_20260827_0900,2026-08-27 09:00:00,185
1226608|28|901,901,1226608,28,2026-05-03,1,-1,22,39,8,2489.4188,2489.4188,-524.1563,1.1327,-21.055369,63.8313,113.1554,1.7727,0,1,231,1844508,A168_HF9F_20260827_0900,2026-08-27 09:00:00,185
1226608|29|901,901,1226608,29,2026-05-03,1,-1,15,31,8,1631.2203,137.6849,-81.0647,0.2756,-58.876977,52.6200,108.7480,2.0667,14,1,105,1844509,A168_HF9F_20260827_0900,2026-08-27 09:00:00,185
1226608|3|901,901,1226608,3,2026-05-03,1,-1,5,6,3,3706.2237,3706.2237,-1894.5642,0.0000,-51.118452,617.7040,741.2447,1.2000,0,1,10,1844510,A168_HF9F_20260827_0900,2026-08-27 09:00:00,185
1226608|30|901,901,1226608,30,2026-05-03,1,-1,9,21,8,593.9464,593.9464,173.9585,1.0252,29.288596,28.2832,65.9940,2.3333,0,1,36,1844511,A168_HF9F_20260827_0900,2026-08-27 09:00:00,185
1226608|31|901,901,1226608,31,2026-05-03,1,-1,18,38,8,1240.8499,1203.0388,-112.1453,1.7663,-9.321836,32.6539,68.9361,2.1111,2,1,153,1844512,A168_HF9F_20260827_0900,2026-08-27 09:00:00,185
1226608|32|901,901,1226608,32,2026-05-03,1,-1,21,44,8,774.5021,757.0440,-614.1124,1.2705,-81.119778,17.6023,36.8811,2.0952,1,1,210,1844513,A168_HF9F_20260827_0900,2026-08-27 09:00:00,185
1226608|33|901,901,1226608,33,2026-05-03,1,-1,18,37,8,1084.6203,1084.6203,-363.8465,0.8537,-33.545985,29.3141,60.2567,2.0556,0,1,153,1844514,A168_HF9F_20260827_0900,2026-08-27 09:00:00,185
1226608|34|901,901,1226608,34,2026-05-03,1,-1,15,21,4,759.7684,48.8727,-313.4620,0.1378,-641.385025,36.1794,50.6512,1.4000,14,1,105,1844515,A168_HF9F_20260827_0900,2026-08-27 09:00:00,185
1226608|35|901,901,1226608,35,2026-05-03,1,-1,30,48,8,1914.1503,1893.1441,1064.1309,1.0000,56.209713,39.8781,63.8050,1.6000,1,1,435,1844516,A168_HF9F_20260827_0900,2026-08-27 09:00:00,185
1226608|36|901,901,1226608,36,2026-05-03,1,-1,13,17,4,4206.8395,50.5441,-82.9582,0.0840,-164.130303,247.4611,323.6030,1.3077,13,1,78,1844517,A168_HF9F_20260827_0900,2026-08-27 09:00:00,185
1226608|37|901,901,1226608,37,2026-05-03,1,-1,14,18,4,4196.5565,4196.5565,3888.1855,0.2521,92.651809,233.1420,299.7540,1.2857,0,1,91,1844518,A168_HF9F_20260827_0900,2026-08-27 09:00:00,185
1226608|38|901,901,1226608,38,2026-05-03,1,-1,15,21,5,510.3129,510.3129,146.4365,0.0000,28.695435,24.3006,34.0209,1.4000,0,1,105,1844519,A168_HF9F_20260827_0900,2026-08-27 09:00:00,185
1226608|39|901,901,1226608,39,2026-05-03,1,-1,13,18,6,20863.3250,20863.3250,-19376.9502,0.0000,-92.875657,1159.0736,1604.8712,1.3846,0,1,78,1844520,A168_HF9F_20260827_0900,2026-08-27 09:00:00,185
1226608|4|901,901,1226608,4,2026-05-03,1,-1,12,19,7,4408.0398,4408.0398,-812.4130,0.0000,-18.430256,232.0021,367.3366,1.5833,0,1,66,1844521,A168_HF9F_20260827_0900,2026-08-27 09:00:00,185
1226608|40|901,901,1226608,40,2026-05-03,1,-1,27,45,8,8064.4261,7975.2122,7319.3735,1.1259,91.776536,179.2095,298.6824,1.6667,2,1,351,1844522,A168_HF9F_20260827_0900,2026-08-27 09:00:00,185
1226608|41|901,901,1226608,41,2026-05-03,1,-1,17,25,6,602.6476,596.9395,216.3715,0.4726,36.246809,24.1059,35.4499,1.4706,1,1,136,1844523,A168_HF9F_20260827_0900,2026-08-27 09:00:00,185
1226608|42|901,901,1226608,42,2026-05-03,1,-1,14,22,6,319.5672,319.5672,262.4866,0.5672,82.138158,14.5258,22.8262,1.5714,0,1,91,1844524,A168_HF9F_20260827_0900,2026-08-27 09:00:00,185
1226608|43|901,901,1226608,43,2026-05-03,1,-1,11,19,6,260.9293,260.9293,131.7102,0.0000,50.477361,13.7331,23.7208,1.7273,0,1,55,1844525,A168_HF9F_20260827_0900,2026-08-27 09:00:00,185
1226608|44|901,901,1226608,44,2026-05-03,1,-1,28,40,7,2134.5700,2134.5700,-175.7817,5.8397,-8.234993,53.3642,76.2346,1.4286,0,1,378,1844526,A168_HF9F_20260827_0900,2026-08-27 09:00:00,185
1226608|45|901,901,1226608,45,2026-05-03,1,-1,47,72,6,4158.2378,4158.2378,3919.4246,1.0419,94.256866,57.7533,88.4731,1.5319,0,1,1081,1844527,A168_HF9F_20260827_0900,2026-08-27 09:00:00,185
1226608|46|901,901,1226608,46,2026-05-03,1,-1,13,21,7,612.5072,612.5072,65.6431,0.0000,10.717113,29.1670,47.1159,1.6154,0,1,78,1844528,A168_HF9F_20260827_0900,2026-08-27 09:00:00,185
1226608|47|901,901,1226608,47,2026-05-03,1,-1,13,21,7,583.5854,14.4433,10.6622,0.0000,73.820963,27.7898,44.8912,1.6154,13,1,78,1844529,A168_HF9F_20260827_0900,2026-08-27 09:00:00,185
1226608|48|901,901,1226608,48,2026-05-03,1,-1,10,15,5,513.2354,513.2354,-72.1587,0.0000,-14.059567,34.2157,51.3235,1.5000,0,1,45,1844530,A168_HF9F_20260827_0900,2026-08-27 09:00:00,185
1226608|49|901,901,1226608,49,2026-05-03,1,-1,13,17,6,573.3238,573.3238,-61.5386,0.0000,-10.733653,33.7249,44.1018,1.3077,0,1,78,1844531,A168_HF9F_20260827_0900,2026-08-27 09:00:00,185
1226608|5|901,901,1226608,5,2026-05-03,1,-1,25,29,5,2071.1874,21.0062,-73.5217,0.0000,-350.000000,71.4203,82.8475,1.1600,25,1,300,1844532,A168_HF9F_20260827_0900,2026-08-27 09:00:00,185
1226608|50|901,901,1226608,50,2026-05-03,1,-1,9,12,5,423.9085,423.9085,159.1373,0.0000,37.540484,35.3257,47.1009,1.3333,0,1,36,1844533,A168_HF9F_20260827_0900,2026-08-27 09:00:00,185
1226608|51|901,901,1226608,51,2026-05-03,1,-1,4,9,6,212.3972,212.3972,75.7930,0.0000,35.684545,23.5997,53.0993,2.2500,0,1,6,1844534,A168_HF9F_20260827_0900,2026-08-27 09:00:00,185
1226608|52|901,901,1226608,52,2026-05-03,1,-1,5,13,6,262.0518,262.0518,-152.8203,0.0000,-58.316832,20.1578,52.4104,2.6000,0,1,10,1844535,A168_HF9F_20260827_0900,2026-08-27 09:00:00,185
1226608|53|901,901,1226608,53,2026-05-03,1,-1,5,9,6,285.4135,285.4135,174.1064,0.0000,61.001445,31.7126,57.0827,1.8000,0,1,10,1844536,A168_HF9F_20260827_0900,2026-08-27 09:00:00,185
1226608|6|901,901,1226608,6,2026-05-03,1,-1,26,35,8,1500.9003,1500.9003,340.4592,0.5714,22.683667,42.8829,57.7269,1.3462,0,1,325,1844537,A168_HF9F_20260827_0900,2026-08-27 09:00:00,185
1226608|7|901,901,1226608,7,2026-05-03,1,-1,38,49,7,1823.4784,1673.1557,-142.5093,1.3613,-8.517397,37.2138,47.9863,1.2895,0,1,703,1844538,A168_HF9F_20260827_0900,2026-08-27 09:00:00,185
1226608|8|901,901,1226608,8,2026-05-03,1,-1,60,90,9,4671.4116,4650.4054,1941.8632,6.6426,41.756860,51.9046,77.8569,1.5000,1,1,1770,1844539,A168_HF9F_20260827_0900,2026-08-27 09:00:00,185
1226608|9|901,901,1226608,9,2026-05-03,1,-1,25,45,8,2181.5118,2150.1273,885.3328,0.6756,41.175832,48.4780,87.2605,1.8000,3,1,300,1844540,A168_HF9F_20260827_0900,2026-08-27 09:00:00,185
1226649|10|901,901,1226649,10,2026-05-03,1,-1,12,16,5,427.4744,427.4744,287.1896,0.0000,67.182880,26.7172,35.6229,1.3333,0,1,66,1844541,A168_HF9F_20260827_0900,2026-08-27 09:00:00,185
1226649|11|901,901,1226649,11,2026-05-03,1,-1,18,22,5,725.7609,725.7609,-282.5823,0.0840,-38.936004,32.9891,40.3200,1.2222,0,1,153,1844542,A168_HF9F_20260827_0900,2026-08-27 09:00:00,185
1226649|12|901,901,1226649,12,2026-05-03,1,-1,12,23,6,2383.3419,2378.1528,2087.6066,0.0000,87.782693,103.6236,198.6118,1.9167,1,1,66,1844543,A168_HF9F_20260827_0900,2026-08-27 09:00:00,185
1226649|13|901,901,1226649,13,2026-05-03,1,-1,9,10,3,1107.4435,1107.4435,955.2571,0.0000,86.257870,110.7443,123.0493,1.1111,0,1,36,1844544,A168_HF9F_20260827_0900,2026-08-27 09:00:00,185
1226649|14|901,901,1226649,14,2026-05-03,1,-1,6,8,4,509.7821,509.7821,-458.9471,0.0000,-90.028093,63.7228,84.9637,1.3333,0,1,15,1844545,A168_HF9F_20260827_0900,2026-08-27 09:00:00,185
1226649|15|901,901,1226649,15,2026-05-03,1,-1,17,25,8,1657.6577,1653.4564,-513.9755,0.0000,-31.084912,66.3063,97.5093,1.4706,1,1,136,1844546,A168_HF9F_20260827_0900,2026-08-27 09:00:00,185
1226649|16|901,901,1226649,16,2026-05-03,1,-1,30,45,8,4528.0980,4517.7197,3811.7090,0.0000,84.372411,100.6244,150.9366,1.5000,1,1,435,1844547,A168_HF9F_20260827_0900,2026-08-27 09:00:00,185
1226649|17|901,901,1226649,17,2026-05-03,1,-1,12,20,8,397.2848,397.2848,-25.3812,0.0000,-6.388676,19.8642,33.1071,1.6667,0,1,66,1844548,A168_HF9F_20260827_0900,2026-08-27 09:00:00,185
1226649|18|901,901,1226649,18,2026-05-03,1,-1,8,12,5,329.8371,329.8371,60.2621,0.0000,18.270249,27.4864,41.2296,1.5000,0,1,28,1844549,A168_HF9F_20260827_0900,2026-08-27 09:00:00,185
1226649|19|901,901,1226649,19,2026-05-03,1,-1,11,20,8,536.6118,536.6118,419.7484,0.0000,78.221979,26.8306,48.7829,1.8182,0,1,55,1844550,A168_HF9F_20260827_0900,2026-08-27 09:00:00,185
1226649|2|901,901,1226649,2,2026-05-03,1,-1,8,12,5,395.9518,395.9518,351.8388,0.0000,88.858994,32.9960,49.4940,1.5000,0,1,28,1844551,A168_HF9F_20260827_0900,2026-08-27 09:00:00,185
1226649|20|901,901,1226649,20,2026-05-03,1,-1,14,23,8,600.0595,600.0595,-503.8345,0.0000,-83.964088,26.0895,42.8614,1.6429,0,1,91,1844552,A168_HF9F_20260827_0900,2026-08-27 09:00:00,185
1226649|21|901,901,1226649,21,2026-05-03,1,-1,19,26,7,981.8478,981.8478,-549.0324,0.0000,-55.918278,37.7634,51.6762,1.3684,0,1,171,1844553,A168_HF9F_20260827_0900,2026-08-27 09:00:00,185
1226649|22|901,901,1226649,22,2026-05-03,1,-1,17,26,6,4026.3563,33.2355,-79.0747,0.0000,-237.922473,154.8599,236.8445,1.5294,18,1,136,1844554,A168_HF9F_20260827_0900,2026-08-27 09:00:00,185
1226649|23|901,901,1226649,23,2026-05-03,1,-1,20,34,10,5973.7092,5973.7092,4052.3282,39.2807,67.836047,175.6973,298.6855,1.7000,0,1,190,1844555,A168_HF9F_20260827_0900,2026-08-27 09:00:00,185
1226649|24|901,901,1226649,24,2026-05-03,1,-1,22,35,10,11547.6014,4564.3612,4167.5470,31.4246,91.306249,329.9315,524.8910,1.5909,1,1,231,1844556,A168_HF9F_20260827_0900,2026-08-27 09:00:00,185
1226649|25|901,901,1226649,25,2026-05-03,1,-1,15,22,7,816.0973,816.0973,93.7652,2.3568,11.489465,37.0953,54.4065,1.4667,0,1,105,1844557,A168_HF9F_20260827_0900,2026-08-27 09:00:00,185
1226649|26|901,901,1226649,26,2026-05-03,1,-1,18,22,6,2377.7486,2377.7486,-837.4580,11.7842,-35.220627,108.0795,132.0971,1.2222,0,1,153,1844558,A168_HF9F_20260827_0900,2026-08-27 09:00:00,185
1226649|27|901,901,1226649,27,2026-05-03,1,-1,17,23,6,2735.8348,2735.8348,1291.6911,15.7123,47.213781,118.9493,160.9315,1.3529,0,1,136,1844559,A168_HF9F_20260827_0900,2026-08-27 09:00:00,185
1226649|28|901,901,1226649,28,2026-05-03,1,-1,14,23,7,695.1488,59.8677,-72.4714,0.0000,-121.052632,30.2239,49.6535,1.6429,15,1,91,1844560,A168_HF9F_20260827_0900,2026-08-27 09:00:00,185
1226649|29|901,901,1226649,29,2026-05-03,1,-1,10,15,6,870.4557,862.0532,-706.5648,0.0000,-81.963018,58.0304,87.0456,1.5000,1,1,45,1844561,A168_HF9F_20260827_0900,2026-08-27 09:00:00,185
1226649|3|901,901,1226649,3,2026-05-03,1,-1,8,10,4,627.3609,3.1509,3.1509,0.0000,100.000000,62.7361,78.4201,1.2500,8,1,28,1844562,A168_HF9F_20260827_0900,2026-08-27 09:00:00,185
1226649|30|901,901,1226649,30,2026-05-03,1,-1,12,19,7,1233.1784,1224.7759,334.5288,0.0000,27.313471,64.9041,102.7649,1.5833,1,1,66,1844563,A168_HF9F_20260827_0900,2026-08-27 09:00:00,185
1226649|31|901,901,1226649,31,2026-05-03,1,-1,9,13,5,387.5186,379.1161,-260.0049,0.0000,-68.581852,29.8091,43.0576,1.4444,1,1,36,1844564,A168_HF9F_20260827_0900,2026-08-27 09:00:00,185
1226649|32|901,901,1226649,32,2026-05-03,1,-1,16,22,5,1373.3974,60.7383,-183.4173,0.0504,-301.979548,62.4272,85.8373,1.3750,17,1,120,1844565,A168_HF9F_20260827_0900,2026-08-27 09:00:00,185
1226649|33|901,901,1226649,33,2026-05-03,1,-1,19,24,5,563.4483,33.3603,-173.4778,0.0000,-520.012678,23.4770,29.6552,1.2632,20,1,171,1844566,A168_HF9F_20260827_0900,2026-08-27 09:00:00,185
1226649|34|901,901,1226649,34,2026-05-03,1,-1,21,38,6,923.0255,909.4338,595.9607,0.0000,65.530958,24.2901,43.9536,1.8095,2,1,210,1844567,A168_HF9F_20260827_0900,2026-08-27 09:00:00,185
1226649|35|901,901,1226649,35,2026-05-03,1,-1,25,33,6,2064.4387,2019.4626,-269.0564,0.0000,-13.323169,62.5587,82.5775,1.3200,3,1,300,1844568,A168_HF9F_20260827_0900,2026-08-27 09:00:00,185
1226649|36|901,901,1226649,36,2026-05-03,1,-1,13,15,3,493.5120,16.8050,-134.4397,0.0000,-800.000000,32.9008,37.9625,1.1538,13,1,78,1844569,A168_HF9F_20260827_0900,2026-08-27 09:00:00,185
1226649|37|901,901,1226649,37,2026-05-03,1,-1,16,20,5,3119.1405,3119.1405,-2639.1029,23.5684,-84.609941,155.9570,194.9463,1.2500,0,1,120,1844570,A168_HF9F_20260827_0900,2026-08-27 09:00:00,185
1226649|38|901,901,1226649,38,2026-05-03,1,-1,14,18,4,1941.0767,1932.6742,1532.7304,0.0000,79.306197,107.8376,138.6483,1.2857,1,1,91,1844571,A168_HF9F_20260827_0900,2026-08-27 09:00:00,185
1226649|39|901,901,1226649,39,2026-05-03,1,-1,8,8,3,704.8109,704.8109,-634.2582,0.0000,-89.989841,88.1014,88.1014,1.0000,0,1,28,1844572,A168_HF9F_20260827_0900,2026-08-27 09:00:00,185
1226649|4|901,901,1226649,4,2026-05-03,1,-1,8,13,6,189.3519,189.3519,56.5471,0.0000,29.863480,14.5655,23.6690,1.6250,0,1,28,1844573,A168_HF9F_20260827_0900,2026-08-27 09:00:00,185
1226649|40|901,901,1226649,40,2026-05-03,1,-1,20,24,5,1201.1535,1201.1535,172.3518,0.0000,14.348853,50.0481,60.0577,1.2000,0,1,190,1844574,A168_HF9F_20260827_0900,2026-08-27 09:00:00,185
1226649|41|901,901,1226649,41,2026-05-03,1,-1,31,39,6,871.1599,871.1599,182.8168,0.3781,20.985453,22.3374,28.1019,1.2581,0,1,465,1844575,A168_HF9F_20260827_0900,2026-08-27 09:00:00,185
1226649|42|901,901,1226649,42,2026-05-03,1,-1,12,15,4,340.9376,25.3665,-86.1764,0.0000,-339.724955,22.7292,28.4115,1.2500,12,1,66,1844576,A168_HF9F_20260827_0900,2026-08-27 09:00:00,185
1226649|43|901,901,1226649,43,2026-05-03,1,-1,14,15,3,427.7221,427.7221,177.2060,1.5124,41.430170,28.5148,30.5516,1.0714,0,1,91,1844577,A168_HF9F_20260827_0900,2026-08-27 09:00:00,185
1226649|44|901,901,1226649,44,2026-05-03,1,-1,14,16,4,597.7570,36.4488,-58.0791,0.0000,-159.344159,37.3598,42.6969,1.1429,14,1,91,1844578,A168_HF9F_20260827_0900,2026-08-27 09:00:00,185
1226649|45|901,901,1226649,45,2026-05-03,1,-1,19,22,6,976.2518,976.2518,-746.1739,1.4925,-76.432529,44.3751,51.3817,1.1579,0,1,171,1844579,A168_HF9F_20260827_0900,2026-08-27 09:00:00,185
1226649|46|901,901,1226649,46,2026-05-03,1,-1,12,15,5,436.1086,436.1086,342.6259,2.4378,78.564362,29.0739,36.3424,1.2500,0,1,66,1844580,A168_HF9F_20260827_0900,2026-08-27 09:00:00,185
1226649|47|901,901,1226649,47,2026-05-03,1,-1,10,16,6,1072.9115,1072.9115,-583.2108,0.9453,-54.357768,67.0570,107.2912,1.6000,0,1,45,1844581,A168_HF9F_20260827_0900,2026-08-27 09:00:00,185
1226649|48|901,901,1226649,48,2026-05-03,1,-1,18,28,6,1062.7041,1049.1125,-177.7408,3.6383,-16.942019,37.9537,59.0391,1.5556,2,1,153,1844582,A168_HF9F_20260827_0900,2026-08-27 09:00:00,185
1226649|49|901,901,1226649,49,2026-05-03,1,-1,13,28,8,589.1267,580.7242,-118.6552,1.3234,-20.432279,21.0402,45.3174,2.1538,1,1,78,1844583,A168_HF9F_20260827_0900,2026-08-27 09:00:00,185
1226649|5|901,901,1226649,5,2026-05-03,1,-1,6,7,3,187.7145,187.7145,110.4950,0.0000,58.863319,26.8164,31.2857,1.1667,0,1,15,1844584,A168_HF9F_20260827_0900,2026-08-27 09:00:00,185
1226649|50|901,901,1226649,50,2026-05-03,1,-1,12,21,7,507.0411,502.8398,269.6068,1.1343,53.616827,24.1448,42.2534,1.7500,1,1,66,1844585,A168_HF9F_20260827_0900,2026-08-27 09:00:00,185
1226649|51|901,901,1226649,51,2026-05-03,1,-1,13,21,5,818.0690,809.6665,260.9214,1.8906,32.225790,38.9557,62.9284,1.6154,1,1,78,1844586,A168_HF9F_20260827_0900,2026-08-27 09:00:00,185
1226649|6|901,901,1226649,6,2026-05-03,1,-1,7,10,5,185.8250,185.8250,34.7623,0.0000,18.707036,18.5825,26.5464,1.4286,0,1,21,1844587,A168_HF9F_20260827_0900,2026-08-27 09:00:00,185
1226649|7|901,901,1226649,7,2026-05-03,1,-1,5,7,4,103.4243,103.4243,-15.1001,0.0000,-14.600117,14.7749,20.6849,1.4000,0,1,10,1844588,A168_HF9F_20260827_0900,2026-08-27 09:00:00,185
1226649|8|901,901,1226649,8,2026-05-03,1,-1,6,6,2,173.7875,173.7875,-164.4754,0.0000,-94.641690,28.9646,28.9646,1.0000,0,1,15,1844589,A168_HF9F_20260827_0900,2026-08-27 09:00:00,185
1226649|9|901,901,1226649,9,2026-05-03,1,-1,27,34,8,2918.8268,2918.8268,2703.9625,0.7394,92.638676,85.8478,108.1047,1.2593,0,1,351,1844590,A168_HF9F_20260827_0900,2026-08-27 09:00:00,185
1226688|10|901,901,1226688,10,2026-05-03,1,-1,4,4,2,344.6092,0.0000,0.0000,0.0000,,86.1523,86.1523,1.0000,4,1,6,1844591,A168_HF9F_20260827_0900,2026-08-27 09:00:00,185
1226688|11|901,901,1226688,11,2026-05-03,1,-1,6,7,3,269.7814,269.7814,-28.5596,0.0000,-10.586184,38.5402,44.9636,1.1667,0,1,15,1844592,A168_HF9F_20260827_0900,2026-08-27 09:00:00,185
1226688|12|901,901,1226688,12,2026-05-03,1,-1,2,2,2,26.1953,26.1953,16.0765,0.0000,61.371637,13.0977,13.0977,1.0000,0,1,1,1844593,A168_HF9F_20260827_0900,2026-08-27 09:00:00,185
1226688|13|901,901,1226688,13,2026-05-03,1,-1,13,20,8,815.7302,815.7302,-560.2777,0.5472,-68.684192,40.7865,62.7485,1.5385,0,1,78,1844594,A168_HF9F_20260827_0900,2026-08-27 09:00:00,185
1226688|14|901,901,1226688,14,2026-05-03,1,-1,6,10,5,422.5771,422.5771,397.3696,0.5472,94.034831,42.2577,70.4295,1.6667,0,1,15,1844595,A168_HF9F_20260827_0900,2026-08-27 09:00:00,185
1226688|15|901,901,1226688,15,2026-05-03,1,-1,16,31,8,1690.6867,103.5202,-198.9691,0.0000,-192.203169,54.5383,105.6679,1.9375,16,1,120,1844596,A168_HF9F_20260827_0900,2026-08-27 09:00:00,185
1226688|16|901,901,1226688,16,2026-05-03,1,-1,21,35,8,2738.1603,2684.4834,-2492.7878,0.0000,-92.859124,78.2332,130.3886,1.6667,0,1,210,1844597,A168_HF9F_20260827_0900,2026-08-27 09:00:00,185
1226688|17|901,901,1226688,17,2026-05-03,1,-1,11,22,7,391.8439,391.8439,152.2696,0.0000,38.859758,17.8111,35.6222,2.0000,0,1,55,1844598,A168_HF9F_20260827_0900,2026-08-27 09:00:00,185
1226688|18|901,901,1226688,18,2026-05-03,1,-1,13,27,7,561.0903,535.8829,35.8835,0.0000,6.696146,20.7811,43.1608,2.0769,1,1,78,1844599,A168_HF9F_20260827_0900,2026-08-27 09:00:00,185
1226688|19|901,901,1226688,19,2026-05-03,1,-1,11,22,7,543.7804,522.7742,-181.2655,0.5882,-34.673764,24.7173,49.4346,2.0000,1,1,55,1844600,A168_HF9F_20260827_0900,2026-08-27 09:00:00,185
1226688|2|901,901,1226688,2,2026-05-03,1,-1,3,3,2,78.0921,0.0000,0.0000,0.0000,,26.0307,26.0307,1.0000,3,1,3,1844601,A168_HF9F_20260827_0900,2026-08-27 09:00:00,185
1226688|20|901,901,1226688,20,2026-05-03,1,-1,21,36,9,1366.5020,1353.8982,-978.8968,3.0249,-72.302096,37.9584,65.0715,1.7143,1,1,210,1844602,A168_HF9F_20260827_0900,2026-08-27 09:00:00,185
1226688|21|901,901,1226688,21,2026-05-03,1,-1,25,36,9,1607.2878,1603.8425,1328.1408,2.2351,82.809925,44.6469,64.2915,1.4400,1,1,300,1844603,A168_HF9F_20260827_0900,2026-08-27 09:00:00,185
1226688|22|901,901,1226688,22,2026-05-03,1,-1,11,13,4,1190.1630,1190.1630,1016.0741,1.5545,85.372688,91.5510,108.1966,1.1818,0,1,55,1844604,A168_HF9F_20260827_0900,2026-08-27 09:00:00,185
1226688|23|901,901,1226688,23,2026-05-03,1,-1,12,14,4,800.0285,800.0285,-638.1911,0.6957,-79.771049,57.1449,66.6690,1.1667,0,1,66,1844605,A168_HF9F_20260827_0900,2026-08-27 09:00:00,185
1226688|24|901,901,1226688,24,2026-05-03,1,-1,16,20,5,2088.2638,47.8240,24.4728,0.0000,51.172724,104.4132,130.5165,1.2500,16,1,120,1844606,A168_HF9F_20260827_0900,2026-08-27 09:00:00,185
1226688|25|901,901,1226688,25,2026-05-03,1,-1,14,17,5,805.9291,805.9291,670.3098,0.2736,83.172305,47.4076,57.5664,1.2143,0,1,91,1844607,A168_HF9F_20260827_0900,2026-08-27 09:00:00,185
1226688|26|901,901,1226688,26,2026-05-03,1,-1,6,6,3,276.6246,276.6246,-208.8777,0.2736,-75.509449,46.1041,46.1041,1.0000,0,1,15,1844608,A168_HF9F_20260827_0900,2026-08-27 09:00:00,185
1226688|27|901,901,1226688,27,2026-05-03,1,-1,4,4,2,124.6406,124.6406,99.4332,0.2736,79.775904,31.1602,31.1602,1.0000,0,1,6,1844609,A168_HF9F_20260827_0900,2026-08-27 09:00:00,185
1226688|28|901,901,1226688,28,2026-05-03,1,-1,7,7,1,5083.3190,0.0000,0.0000,0.0000,,726.1884,726.1884,1.0000,7,1,21,1844610,A168_HF9F_20260827_0900,2026-08-27 09:00:00,185
1226688|29|901,901,1226688,29,2026-05-03,1,-1,2,2,2,234.7596,234.7596,29.9492,0.0000,12.757380,117.3798,117.3798,1.0000,0,1,1,1844611,A168_HF9F_20260827_0900,2026-08-27 09:00:00,185
1226688|3|901,901,1226688,3,2026-05-03,1,-1,2,2,1,33.7649,0.0000,0.0000,0.0000,,16.8824,16.8824,1.0000,2,1,1,1844612,A168_HF9F_20260827_0900,2026-08-27 09:00:00,185
1226688|30|901,901,1226688,30,2026-05-03,1,-1,14,20,6,4860.3482,4835.1408,-4321.8932,1.8569,-89.385053,243.0174,347.1677,1.4286,1,1,91,1844613,A168_HF9F_20260827_0900,2026-08-27 09:00:00,185
1226688|31|901,901,1226688,31,2026-05-03,1,-1,9,12,5,1743.1392,1743.1392,-995.8262,1.6805,-57.128320,145.2616,193.6821,1.3333,0,1,36,1844614,A168_HF9F_20260827_0900,2026-08-27 09:00:00,185
1226688|32|901,901,1226688,32,2026-05-03,1,-1,4,8,5,89.7399,89.7399,14.5685,0.0000,16.234096,11.2175,22.4350,2.0000,0,1,6,1844615,A168_HF9F_20260827_0900,2026-08-27 09:00:00,185
1226688|33|901,901,1226688,33,2026-05-03,1,-1,6,9,5,90.3700,27.3081,-67.2198,0.0000,-246.153846,10.0411,15.0617,1.5000,5,1,15,1844616,A168_HF9F_20260827_0900,2026-08-27 09:00:00,185
1226688|34|901,901,1226688,34,2026-05-03,1,-1,6,9,5,91.4527,91.4527,36.0610,0.0000,39.431358,10.1614,15.2421,1.5000,0,1,15,1844617,A168_HF9F_20260827_0900,2026-08-27 09:00:00,185
1226688|35|901,901,1226688,35,2026-05-03,1,-1,10,19,8,4700.8654,4700.8654,4190.8258,0.0000,89.150090,247.4140,470.0865,1.9000,0,1,45,1844618,A168_HF9F_20260827_0900,2026-08-27 09:00:00,185
1226688|36|901,901,1226688,36,2026-05-03,1,-1,6,6,1,128.5503,128.5503,-128.5503,0.0000,-100.000000,21.4251,21.4251,1.0000,0,1,15,1844619,A168_HF9F_20260827_0900,2026-08-27 09:00:00,185
1226688|37|901,901,1226688,37,2026-05-03,1,-1,16,20,5,4288.7886,4288.7886,-3662.8655,3.5311,-85.405596,214.4394,268.0493,1.2500,0,1,120,1844620,A168_HF9F_20260827_0900,2026-08-27 09:00:00,185
1226688|38|901,901,1226688,38,2026-05-03,1,-1,21,28,6,1566.6459,1566.6459,1397.2322,6.8795,89.186217,55.9516,74.6022,1.3333,0,1,210,1844621,A168_HF9F_20260827_0900,2026-08-27 09:00:00,185
1226688|39|901,901,1226688,39,2026-05-03,1,-1,13,19,5,760.2183,760.2183,-104.2213,0.7394,-13.709386,40.0115,58.4783,1.4615,0,1,78,1844622,A168_HF9F_20260827_0900,2026-08-27 09:00:00,185
1226688|4|901,901,1226688,4,2026-05-03,1,-1,4,11,8,115.6891,111.4878,27.1531,0.0000,24.355201,10.5172,28.9223,2.7500,1,1,6,1844623,A168_HF9F_20260827_0900,2026-08-27 09:00:00,185
1226688|40|901,901,1226688,40,2026-05-03,1,-1,7,11,4,736.5334,736.5334,-529.5333,0.5882,-71.895358,66.9576,105.2191,1.5714,0,1,21,1844624,A168_HF9F_20260827_0900,2026-08-27 09:00:00,185
1226688|41|901,901,1226688,41,2026-05-03,1,-1,17,22,4,1613.9865,1613.9865,-2229.7454,5.3389,-138.151433,73.3630,94.9404,1.2941,0,1,136,1844625,A168_HF9F_20260827_0900,2026-08-27 09:00:00,185
1226688|42|901,901,1226688,42,2026-05-03,1,-1,28,40,8,3742.9835,120.1774,-89.6745,0.3210,-74.618399,93.5746,133.6780,1.4286,28,1,378,1844626,A168_HF9F_20260827_0900,2026-08-27 09:00:00,185
1226688|43|901,901,1226688,43,2026-05-03,1,-1,19,27,6,2354.7272,2254.7272,-1444.2911,0.6050,-64.056134,87.2121,123.9330,1.4211,1,1,171,1844627,A168_HF9F_20260827_0900,2026-08-27 09:00:00,185
1226688|44|901,901,1226688,44,2026-05-03,1,-1,29,45,8,3823.9632,3823.9632,571.0024,0.6554,14.932216,84.9770,131.8608,1.5517,0,1,406,1844628,A168_HF9F_20260827_0900,2026-08-27 09:00:00,185
1226688|45|901,901,1226688,45,2026-05-03,1,-1,36,49,8,6110.8862,6110.8862,1259.1582,1.4620,20.605165,124.7120,169.7468,1.3611,0,1,630,1844629,A168_HF9F_20260827_0900,2026-08-27 09:00:00,185
1226688|46|901,901,1226688,46,2026-05-03,1,-1,36,52,8,9282.2610,138.9771,-126.8643,0.3025,-91.284358,178.5050,257.8406,1.4444,36,1,630,1844630,A168_HF9F_20260827_0900,2026-08-27 09:00:00,185
1226688|47|901,901,1226688,47,2026-05-03,1,-1,41,57,7,7057.4127,7037.4127,-3119.3235,0.6638,-44.324863,123.8143,172.1320,1.3902,1,1,820,1844631,A168_HF9F_20260827_0900,2026-08-27 09:00:00,185
1226688|48|901,901,1226688,48,2026-05-03,1,-1,15,24,5,2695.5051,2695.5051,-580.1575,0.1680,-21.523146,112.3127,179.7003,1.6000,0,1,105,1844632,A168_HF9F_20260827_0900,2026-08-27 09:00:00,185
1226688|49|901,901,1226688,49,2026-05-03,1,-1,6,10,4,555.7760,555.7760,555.7760,0.0000,100.000000,55.5776,92.6293,1.6667,0,1,15,1844633,A168_HF9F_20260827_0900,2026-08-27 09:00:00,185
1226688|5|901,901,1226688,5,2026-05-03,1,-1,8,11,7,195.3825,195.3825,144.7884,0.0000,74.105073,17.7620,24.4228,1.3750,0,1,28,1844634,A168_HF9F_20260827_0900,2026-08-27 09:00:00,185
1226688|50|901,901,1226688,50,2026-05-03,1,-1,10,19,7,1583.4761,131.9553,-673.4895,0.0840,-510.392353,83.3408,158.3476,1.9000,10,1,45,1844635,A168_HF9F_20260827_0900,2026-08-27 09:00:00,185
1226688|51|901,901,1226688,51,2026-05-03,1,-1,12,22,6,3958.2287,3954.0275,1889.3142,1.1307,47.782021,179.9195,329.8524,1.8333,1,1,66,1844636,A168_HF9F_20260827_0900,2026-08-27 09:00:00,185
1226688|52|901,901,1226688,52,2026-05-03,1,-1,10,15,6,3435.3373,3435.3373,-2442.3730,0.2736,-71.095580,229.0225,343.5337,1.5000,0,1,45,1844637,A168_HF9F_20260827_0900,2026-08-27 09:00:00,185
1226688|53|901,901,1226688,53,2026-05-03,1,-1,15,19,4,2245.3327,2245.3327,831.7943,0.0547,37.045482,118.1754,149.6888,1.2667,0,1,105,1844638,A168_HF9F_20260827_0900,2026-08-27 09:00:00,185
1226688|54|901,901,1226688,54,2026-05-03,1,-1,19,28,6,1979.3576,1979.3576,-1029.8912,0.4455,-52.031586,70.6913,104.1767,1.4737,0,1,171,1844639,A168_HF9F_20260827_0900,2026-08-27 09:00:00,185
1226688|6|901,901,1226688,6,2026-05-03,1,-1,5,5,2,438.4512,438.4512,-75.2111,0.5472,-17.153818,87.6902,87.6902,1.0000,0,1,10,1844640,A168_HF9F_20260827_0900,2026-08-27 09:00:00,185
1226688|7|901,901,1226688,7,2026-05-03,1,-1,8,10,5,333.3685,333.3685,67.2138,0.0000,20.162017,33.3368,41.6711,1.2500,0,1,28,1844641,A168_HF9F_20260827_0900,2026-08-27 09:00:00,185
1226688|8|901,901,1226688,8,2026-05-03,1,-1,6,6,2,303.6708,303.6708,-43.4449,0.2736,-14.306570,50.6118,50.6118,1.0000,0,1,15,1844642,A168_HF9F_20260827_0900,2026-08-27 09:00:00,185
1226688|9|901,901,1226688,9,2026-05-03,1,-1,4,4,3,146.5949,146.5949,-121.3875,0.0000,-82.804698,36.6487,36.6487,1.0000,0,1,6,1844643,A168_HF9F_20260827_0900,2026-08-27 09:00:00,185
1226730|1|901,901,1226730,1,2026-05-03,1,-1,1,1,1,51.8914,51.8914,51.8914,0.0000,100.000000,51.8914,51.8914,1.0000,0,0,0,1844644,A168_HF9F_20260827_0900,2026-08-27 09:00:00,185
1226730|10|901,901,1226730,10,2026-05-03,1,-1,15,17,4,1030.2143,1030.2143,-81.0717,0.3529,-7.869400,60.6008,68.6810,1.1333,0,1,105,1844645,A168_HF9F_20260827_0900,2026-08-27 09:00:00,185
1226730|11|901,901,1226730,11,2026-05-03,1,-1,16,18,4,1117.6868,40.0000,40.0000,0.0000,100.000000,62.0937,69.8554,1.1250,16,1,120,1844646,A168_HF9F_20260827_0900,2026-08-27 09:00:00,185
1226730|12|901,901,1226730,12,2026-05-03,1,-1,20,28,7,1346.9471,1346.9471,860.4897,0.0945,63.884447,48.1053,67.3474,1.4000,0,1,190,1844647,A168_HF9F_20260827_0900,2026-08-27 09:00:00,185
1226730|13|901,901,1226730,13,2026-05-03,1,-1,8,8,2,332.2269,332.2269,211.8324,0.0000,63.761368,41.5284,41.5284,1.0000,0,1,28,1844648,A168_HF9F_20260827_0900,2026-08-27 09:00:00,185
1226730|14|901,901,1226730,14,2026-05-03,1,-1,7,7,2,2524.2117,2524.2117,-1838.9357,0.0000,-72.851880,360.6017,360.6017,1.0000,0,1,21,1844649,A168_HF9F_20260827_0900,2026-08-27 09:00:00,185
1226730|15|901,901,1226730,15,2026-05-03,1,-1,5,8,5,243.6719,243.6719,214.9984,0.3781,88.232759,30.4590,48.7344,1.6000,0,1,10,1844650,A168_HF9F_20260827_0900,2026-08-27 09:00:00,185
1226730|16|901,901,1226730,16,2026-05-03,1,-1,13,14,3,1409.8042,1409.8042,-1215.3735,0.3025,-86.208673,100.7003,108.4465,1.0769,0,1,78,1844651,A168_HF9F_20260827_0900,2026-08-27 09:00:00,185
1226730|17|901,901,1226730,17,2026-05-03,1,-1,5,7,4,207.8989,207.8989,134.5021,0.3970,64.695886,29.6998,41.5798,1.4000,0,1,10,1844652,A168_HF9F_20260827_0900,2026-08-27 09:00:00,185
1226730|18|901,901,1226730,18,2026-05-03,1,-1,6,8,4,229.7005,229.7005,70.0640,0.9453,30.502332,28.7126,38.2834,1.3333,0,1,15,1844653,A168_HF9F_20260827_0900,2026-08-27 09:00:00,185
1226730|19|901,901,1226730,19,2026-05-03,1,-1,6,7,3,383.5292,383.5292,55.8325,1.3234,14.557560,54.7899,63.9215,1.1667,0,1,15,1844654,A168_HF9F_20260827_0900,2026-08-27 09:00:00,185
1226730|2|901,901,1226730,2,2026-05-03,1,-1,1,1,1,25.9457,25.9457,25.9457,0.0000,100.000000,25.9457,25.9457,1.0000,0,0,0,1844655,A168_HF9F_20260827_0900,2026-08-27 09:00:00,185
1226730|20|901,901,1226730,20,2026-05-03,1,-1,6,10,6,114.7905,114.7905,-50.4263,0.2647,-43.928976,11.4791,19.1318,1.6667,0,1,15,1844656,A168_HF9F_20260827_0900,2026-08-27 09:00:00,185
1226730|21|901,901,1226730,21,2026-05-03,1,-1,11,17,7,733.1234,31.5093,-25.2074,0.0000,-80.000000,43.1249,66.6476,1.5455,11,1,55,1844657,A168_HF9F_20260827_0900,2026-08-27 09:00:00,185
1226730|22|901,901,1226730,22,2026-05-03,1,-1,14,18,7,1461.5674,1461.5674,262.6314,0.5672,17.969161,81.1982,104.3977,1.2857,0,1,91,1844658,A168_HF9F_20260827_0900,2026-08-27 09:00:00,185
1226730|23|901,901,1226730,23,2026-05-03,1,-1,16,23,8,2410.2246,84.2638,-443.9215,0.0000,-526.823240,104.7924,150.6390,1.4375,14,1,120,1844659,A168_HF9F_20260827_0900,2026-08-27 09:00:00,185
1226730|24|901,901,1226730,24,2026-05-03,1,-1,12,20,8,1803.5037,1803.5037,-800.4906,1.2394,-44.385302,90.1752,150.2920,1.6667,0,1,66,1844660,A168_HF9F_20260827_0900,2026-08-27 09:00:00,185
1226730|25|901,901,1226730,25,2026-05-03,1,-1,8,10,5,1298.5803,1298.5803,925.9275,0.0000,71.303059,129.8580,162.3225,1.2500,0,1,28,1844661,A168_HF9F_20260827_0900,2026-08-27 09:00:00,185
1226730|26|901,901,1226730,26,2026-05-03,1,-1,14,17,5,612.9514,612.9514,-156.7351,0.9453,-25.570568,36.0560,43.7822,1.2143,0,1,91,1844662,A168_HF9F_20260827_0900,2026-08-27 09:00:00,185
1226730|27|901,901,1226730,27,2026-05-03,1,-1,16,28,11,4891.9659,4891.9659,1521.2008,0.1891,31.095901,174.7131,305.7479,1.7500,0,1,120,1844663,A168_HF9F_20260827_0900,2026-08-27 09:00:00,185
1226730|28|901,901,1226730,28,2026-05-03,1,-1,12,21,7,454.0292,436.8027,273.3850,0.3781,62.587761,21.6204,37.8358,1.7500,1,1,66,1844664,A168_HF9F_20260827_0900,2026-08-27 09:00:00,185
1226730|29|901,901,1226730,29,2026-05-03,1,-1,13,21,7,259.4731,259.4731,74.1299,0.0000,28.569391,12.3559,19.9595,1.6154,0,1,78,1844665,A168_HF9F_20260827_0900,2026-08-27 09:00:00,185
1226730|3|901,901,1226730,3,2026-05-03,1,-1,2,6,6,119.0082,119.0082,107.8588,0.9075,90.631406,19.8347,59.5041,3.0000,0,1,1,1844666,A168_HF9F_20260827_0900,2026-08-27 09:00:00,185
1226730|30|901,901,1226730,30,2026-05-03,1,-1,20,26,7,2334.0701,2313.3983,-1809.1458,0.2521,-78.202954,89.7719,116.7035,1.3000,0,1,190,1844667,A168_HF9F_20260827_0900,2026-08-27 09:00:00,185
1226730|31|901,901,1226730,31,2026-05-03,1,-1,18,21,5,1145.6891,1145.6891,-789.1320,0.0000,-68.878369,54.5566,63.6494,1.1667,0,1,153,1844668,A168_HF9F_20260827_0900,2026-08-27 09:00:00,185
1226730|32|901,901,1226730,32,2026-05-03,1,-1,17,28,8,1626.1000,1621.8987,-468.4020,0.0000,-28.879853,58.0750,95.6529,1.6471,2,1,136,1844669,A168_HF9F_20260827_0900,2026-08-27 09:00:00,185
1226730|33|901,901,1226730,33,2026-05-03,1,-1,8,11,5,135.7369,135.7369,29.2355,0.0000,21.538363,12.3397,16.9671,1.3750,0,1,28,1844670,A168_HF9F_20260827_0900,2026-08-27 09:00:00,185
1226730|34|901,901,1226730,34,2026-05-03,1,-1,14,22,8,708.6863,708.6863,11.7798,0.3193,1.662198,32.2130,50.6204,1.5714,0,1,91,1844671,A168_HF9F_20260827_0900,2026-08-27 09:00:00,185
1226730|35|901,901,1226730,35,2026-05-03,1,-1,9,13,5,248.9631,248.9631,125.9004,0.0000,50.569888,19.1510,27.6626,1.4444,0,1,36,1844672,A168_HF9F_20260827_0900,2026-08-27 09:00:00,185
1226730|36|901,901,1226730,36,2026-05-03,1,-1,8,9,2,1005.4534,984.4472,-11.0339,0.0000,-1.120819,111.7170,125.6817,1.1250,1,1,28,1844673,A168_HF9F_20260827_0900,2026-08-27 09:00:00,185
1226730|37|901,901,1226730,37,2026-05-03,1,-1,6,11,5,88.6834,63.4760,-50.8723,0.0000,-80.144121,8.0621,14.7806,1.8333,3,1,15,1844674,A168_HF9F_20260827_0900,2026-08-27 09:00:00,185
1226730|38|901,901,1226730,38,2026-05-03,1,-1,6,10,5,1507.3290,1503.1277,648.1761,0.0000,43.121826,150.7329,251.2215,1.6667,2,1,15,1844675,A168_HF9F_20260827_0900,2026-08-27 09:00:00,185
1226730|39|901,901,1226730,39,2026-05-03,1,-1,13,14,3,2005.9779,2005.9779,1022.8280,0.0000,50.988999,143.2841,154.3060,1.0769,0,1,78,1844676,A168_HF9F_20260827_0900,2026-08-27 09:00:00,185
1226730|4|901,901,1226730,4,2026-05-03,1,-1,1,1,1,5.5747,5.5747,-5.5747,0.0000,-100.000000,5.5747,5.5747,1.0000,0,0,0,1844677,A168_HF9F_20260827_0900,2026-08-27 09:00:00,185
1226730|40|901,901,1226730,40,2026-05-03,1,-1,22,22,3,2695.8954,2609.7627,1816.3905,0.0000,69.599833,122.5407,122.5407,1.0000,0,1,231,1844678,A168_HF9F_20260827_0900,2026-08-27 09:00:00,185
1226730|41|901,901,1226730,41,2026-05-03,1,-1,10,10,3,1304.5912,21.0062,-168.0496,0.0000,-800.000000,130.4591,130.4591,1.0000,9,1,45,1844679,A168_HF9F_20260827_0900,2026-08-27 09:00:00,185
1226730|42|901,901,1226730,42,2026-05-03,1,-1,8,8,3,844.7492,844.7492,-819.5417,0.0000,-97.015986,105.5936,105.5936,1.0000,0,1,28,1844680,A168_HF9F_20260827_0900,2026-08-27 09:00:00,185
1226730|43|901,901,1226730,43,2026-05-03,1,-1,5,7,3,212.1626,10.5031,-84.0248,0.0000,-800.000000,30.3089,42.4325,1.4000,6,1,10,1844681,A168_HF9F_20260827_0900,2026-08-27 09:00:00,185
1226730|44|901,901,1226730,44,2026-05-03,1,-1,6,7,4,1108.9918,1108.9918,921.5500,7.5622,83.098003,158.4274,184.8320,1.1667,0,1,15,1844682,A168_HF9F_20260827_0900,2026-08-27 09:00:00,185
1226730|45|901,901,1226730,45,2026-05-03,1,-1,7,10,5,285.6395,285.6395,-140.3839,0.0000,-49.147220,28.5639,40.8056,1.4286,0,1,21,1844683,A168_HF9F_20260827_0900,2026-08-27 09:00:00,185
1226730|46|901,901,1226730,46,2026-05-03,1,-1,8,10,5,305.3877,305.3877,264.4256,0.0000,86.586858,30.5388,38.1735,1.2500,0,1,28,1844684,A168_HF9F_20260827_0900,2026-08-27 09:00:00,185
1226730|47|901,901,1226730,47,2026-05-03,1,-1,10,14,7,373.1871,373.1871,352.7060,0.0000,94.511856,26.6562,37.3187,1.4000,0,1,45,1844685,A168_HF9F_20260827_0900,2026-08-27 09:00:00,185
1226730|48|901,901,1226730,48,2026-05-03,1,-1,12,16,7,507.2823,507.2823,-89.0123,0.0000,-17.546898,31.7051,42.2735,1.3333,0,1,66,1844686,A168_HF9F_20260827_0900,2026-08-27 09:00:00,185
1226730|49|901,901,1226730,49,2026-05-03,1,-1,5,8,3,926.2432,905.2370,379.3905,5.0415,41.910625,115.7804,185.2486,1.6000,2,1,10,1844687,A168_HF9F_20260827_0900,2026-08-27 09:00:00,185
1226730|5|901,901,1226730,5,2026-05-03,1,-1,14,18,4,841.1208,841.1208,806.7167,0.0672,95.909740,46.7289,60.0801,1.2857,0,1,91,1844688,A168_HF9F_20260827_0900,2026-08-27 09:00:00,185
1226730|50|901,901,1226730,50,2026-05-03,1,-1,7,9,4,204.8165,204.8165,-108.5553,0.0000,-53.001251,22.7574,29.2595,1.2857,0,1,21,1844689,A168_HF9F_20260827_0900,2026-08-27 09:00:00,185
1226730|6|901,901,1226730,6,2026-05-03,1,-1,7,11,5,1573.7638,1573.7638,1170.5237,10.0830,74.377343,143.0694,224.8234,1.5714,0,1,21,1844690,A168_HF9F_20260827_0900,2026-08-27 09:00:00,185
1226730|7|901,901,1226730,7,2026-05-03,1,-1,11,13,4,1506.4683,1506.4683,1467.4683,1.3613,97.411164,115.8822,136.9517,1.1818,0,1,55,1844691,A168_HF9F_20260827_0900,2026-08-27 09:00:00,185
1226730|8|901,901,1226730,8,2026-05-03,1,-1,6,6,2,966.7326,0.0000,0.0000,0.0000,,161.1221,161.1221,1.0000,6,1,15,1844692,A168_HF9F_20260827_0900,2026-08-27 09:00:00,185
1226730|9|901,901,1226730,9,2026-05-03,1,-1,6,11,7,519.0620,519.0620,-96.0696,0.6891,-18.508308,47.1875,86.5103,1.8333,0,1,15,1844693,A168_HF9F_20260827_0900,2026-08-27 09:00:00,185
1226768|1|901,901,1226768,1,2026-05-03,1,-1,1,1,1,25.9457,25.9457,-24.6484,0.0000,-95.000000,25.9457,25.9457,1.0000,0,0,0,1844694,A168_HF9F_20260827_0900,2026-08-27 09:00:00,185
1226768|10|901,901,1226768,10,2026-05-03,1,-1,8,11,5,1120.3706,1120.3706,-1161.5751,0.0000,-103.677755,101.8519,140.0463,1.3750,0,1,28,1844695,A168_HF9F_20260827_0900,2026-08-27 09:00:00,185
1226768|11|901,901,1226768,11,2026-05-03,1,-1,8,10,5,337.6944,337.6944,4.4697,0.0000,1.323599,33.7694,42.2118,1.2500,0,1,28,1844696,A168_HF9F_20260827_0900,2026-08-27 09:00:00,185
1226768|12|901,901,1226768,12,2026-05-03,1,-1,11,13,4,953.7174,953.7174,574.9811,0.0000,60.288410,73.3629,86.7016,1.1818,0,1,55,1844697,A168_HF9F_20260827_0900,2026-08-27 09:00:00,185
1226768|13|901,901,1226768,13,2026-05-03,1,-1,6,11,7,7316.0880,7316.0880,6550.7029,0.0000,89.538328,665.0989,1219.3480,1.8333,0,1,15,1844698,A168_HF9F_20260827_0900,2026-08-27 09:00:00,185
1226768|14|901,901,1226768,14,2026-05-03,1,-1,4,4,1,228.6324,228.6324,-228.6324,0.0000,-100.000000,57.1581,57.1581,1.0000,0,1,6,1844699,A168_HF9F_20260827_0900,2026-08-27 09:00:00,185
1226768|15|901,901,1226768,15,2026-05-03,1,-1,3,5,4,167.4450,167.4450,104.4265,0.0000,62.364614,33.4890,55.8150,1.6667,0,1,3,1844700,A168_HF9F_20260827_0900,2026-08-27 09:00:00,185
1226768|16|901,901,1226768,16,2026-05-03,1,-1,4,4,2,150.2922,150.2922,-87.2736,0.0000,-58.069282,37.5730,37.5730,1.0000,0,1,6,1844701,A168_HF9F_20260827_0900,2026-08-27 09:00:00,185
1226768|17|901,901,1226768,17,2026-05-03,1,-1,6,9,3,528.0788,528.0788,528.0788,0.0000,100.000000,58.6754,88.0131,1.5000,0,1,15,1844702,A168_HF9F_20260827_0900,2026-08-27 09:00:00,185
1226768|18|901,901,1226768,18,2026-05-03,1,-1,6,6,2,435.3949,435.3949,-383.0206,0.0000,-87.970850,72.5658,72.5658,1.0000,0,1,15,1844703,A168_HF9F_20260827_0900,2026-08-27 09:00:00,185
1226768|19|901,901,1226768,19,2026-05-03,1,-1,16,16,2,2666.0371,2666.0371,1601.4790,0.0000,60.069641,166.6273,166.6273,1.0000,0,1,120,1844704,A168_HF9F_20260827_0900,2026-08-27 09:00:00,185
1226768|2|901,901,1226768,2,2026-05-03,1,-1,2,6,5,6117.7428,6117.7428,-4173.3723,0.0000,-68.217518,1019.6238,3058.8714,3.0000,0,1,1,1844705,A168_HF9F_20260827_0900,2026-08-27 09:00:00,185
1226768|20|901,901,1226768,20,2026-05-03,1,-1,31,35,5,3168.2005,3168.2005,-647.0210,0.5919,-20.422351,90.5200,102.2000,1.1290,0,1,465,1844706,A168_HF9F_20260827_0900,2026-08-27 09:00:00,185
1226768|21|901,901,1226768,21,2026-05-03,1,-1,22,24,4,2064.4663,2064.4663,329.0162,0.0000,15.937108,86.0194,93.8394,1.0909,0,1,231,1844707,A168_HF9F_20260827_0900,2026-08-27 09:00:00,185
1226768|22|901,901,1226768,22,2026-05-03,1,-1,15,18,5,734.4292,734.4292,195.9994,0.0000,26.687304,40.8016,48.9619,1.2000,0,1,105,1844708,A168_HF9F_20260827_0900,2026-08-27 09:00:00,185
1226768|23|901,901,1226768,23,2026-05-03,1,-1,12,15,5,606.9869,606.9869,-156.1264,0.0000,-25.721548,40.4658,50.5822,1.2500,0,1,66,1844709,A168_HF9F_20260827_0900,2026-08-27 09:00:00,185
1226768|24|901,901,1226768,24,2026-05-03,1,-1,17,18,3,1960.3539,1960.3539,-1377.1999,0.0000,-70.252620,108.9085,115.3149,1.0588,0,1,136,1844710,A168_HF9F_20260827_0900,2026-08-27 09:00:00,185
1226768|25|901,901,1226768,25,2026-05-03,1,-1,14,16,5,2135.1213,2135.1213,-1942.6237,0.0000,-90.984232,133.4451,152.5087,1.1429,0,1,91,1844711,A168_HF9F_20260827_0900,2026-08-27 09:00:00,185
1226768|26|901,901,1226768,26,2026-05-03,1,-1,21,26,6,2388.8532,2388.8532,-1380.0964,0.6722,-57.772343,91.8790,113.7549,1.2381,0,1,210,1844712,A168_HF9F_20260827_0900,2026-08-27 09:00:00,185
1226768|27|901,901,1226768,27,2026-05-03,1,-1,21,24,5,1542.3012,1542.3012,350.2437,0.5041,22.709166,64.2625,73.4429,1.1429,0,1,210,1844713,A168_HF9F_20260827_0900,2026-08-27 09:00:00,185
1226768|28|901,901,1226768,28,2026-05-03,1,-1,14,14,2,826.6590,826.6590,584.4858,0.0000,70.704576,59.0471,59.0471,1.0000,0,1,91,1844714,A168_HF9F_20260827_0900,2026-08-27 09:00:00,185
1226768|29|901,901,1226768,29,2026-05-03,1,-1,9,10,3,517.6263,500.3998,195.6146,0.0000,39.091659,51.7626,57.5140,1.1111,0,1,36,1844715,A168_HF9F_20260827_0900,2026-08-27 09:00:00,185
1226768|3|901,901,1226768,3,2026-05-03,1,-1,2,2,1,57.1640,57.1640,57.1640,0.0000,100.000000,28.5820,28.5820,1.0000,0,1,1,1844716,A168_HF9F_20260827_0900,2026-08-27 09:00:00,185
1226768|30|901,901,1226768,30,2026-05-03,1,-1,19,20,3,2287.6241,2287.6241,-13.1831,0.0000,-0.576280,114.3812,120.4013,1.0526,0,1,171,1844717,A168_HF9F_20260827_0900,2026-08-27 09:00:00,185
1226768|31|901,901,1226768,31,2026-05-03,1,-1,9,9,2,716.1138,716.1138,-630.2211,0.0000,-88.005731,79.5682,79.5682,1.0000,0,1,36,1844718,A168_HF9F_20260827_0900,2026-08-27 09:00:00,185
1226768|32|901,901,1226768,32,2026-05-03,1,-1,20,25,7,1338.1941,1338.1941,1092.2057,0.8402,81.617882,53.5278,66.9097,1.2500,0,1,190,1844719,A168_HF9F_20260827_0900,2026-08-27 09:00:00,185
1226768|33|901,901,1226768,33,2026-05-03,1,-1,11,11,2,617.1363,617.1363,163.2286,0.1344,26.449356,56.1033,56.1033,1.0000,0,1,55,1844720,A168_HF9F_20260827_0900,2026-08-27 09:00:00,185
1226768|34|901,901,1226768,34,2026-05-03,1,-1,12,14,4,1072.1417,1072.1417,481.6462,0.0269,44.923745,76.5816,89.3451,1.1667,0,1,66,1844721,A168_HF9F_20260827_0900,2026-08-27 09:00:00,185
1226768|35|901,901,1226768,35,2026-05-03,1,-1,16,22,8,3618.7684,3618.7684,2491.4021,0.2017,68.846686,164.4895,226.1730,1.3750,0,1,120,1844722,A168_HF9F_20260827_0900,2026-08-27 09:00:00,185
1226768|36|901,901,1226768,36,2026-05-03,1,-1,13,13,2,510.3099,0.0000,0.0000,0.0000,,39.2546,39.2546,1.0000,13,1,78,1844723,A168_HF9F_20260827_0900,2026-08-27 09:00:00,185
1226768|37|901,901,1226768,37,2026-05-03,1,-1,10,16,8,470.4630,470.4630,283.8747,0.0168,60.339437,29.4039,47.0463,1.6000,0,1,45,1844724,A168_HF9F_20260827_0900,2026-08-27 09:00:00,185
1226768|38|901,901,1226768,38,2026-05-03,1,-1,9,9,2,321.1019,321.1019,82.8020,0.0000,25.786824,35.6780,35.6780,1.0000,0,1,36,1844725,A168_HF9F_20260827_0900,2026-08-27 09:00:00,185
1226768|39|901,901,1226768,39,2026-05-03,1,-1,11,18,8,332.9890,332.9890,253.1129,0.0000,76.012400,18.4994,30.2717,1.6364,0,1,55,1844726,A168_HF9F_20260827_0900,2026-08-27 09:00:00,185
1226768|4|901,901,1226768,4,2026-05-03,1,-1,2,2,2,73.5217,73.5217,31.5093,0.0000,42.857143,36.7608,36.7608,1.0000,0,1,1,1844727,A168_HF9F_20260827_0900,2026-08-27 09:00:00,185
1226768|40|901,901,1226768,40,2026-05-03,1,-1,8,13,6,350.4511,350.4511,-279.6540,0.0672,-79.798314,26.9578,43.8064,1.6250,0,1,28,1844728,A168_HF9F_20260827_0900,2026-08-27 09:00:00,185
1226768|41|901,901,1226768,41,2026-05-03,1,-1,10,20,7,1769.8890,36.4488,-38.6118,0.0000,-105.934416,88.4944,176.9889,2.0000,10,1,45,1844729,A168_HF9F_20260827_0900,2026-08-27 09:00:00,185
1226768|42|901,901,1226768,42,2026-05-03,1,-1,10,18,7,804.4564,804.4564,644.4815,0.0672,80.113915,44.6920,80.4456,1.8000,0,1,45,1844730,A168_HF9F_20260827_0900,2026-08-27 09:00:00,185
1226768|43|901,901,1226768,43,2026-05-03,1,-1,9,13,5,1098.5886,1098.5886,875.4670,0.1008,79.690153,84.5068,122.0654,1.4444,0,1,36,1844731,A168_HF9F_20260827_0900,2026-08-27 09:00:00,185
1226768|44|901,901,1226768,44,2026-05-03,1,-1,5,5,2,183.5494,183.5494,3.5494,0.0000,1.933779,36.7099,36.7099,1.0000,0,1,10,1844732,A168_HF9F_20260827_0900,2026-08-27 09:00:00,185
1226768|45|901,901,1226768,45,2026-05-03,1,-1,7,10,4,391.3134,391.3134,-42.6990,0.0000,-10.911725,39.1313,55.9019,1.4286,0,1,21,1844733,A168_HF9F_20260827_0900,2026-08-27 09:00:00,185
1226768|46|901,901,1226768,46,2026-05-03,1,-1,5,9,5,728.6697,728.6697,689.6697,0.0000,94.647780,80.9633,145.7339,1.8000,0,1,10,1844734,A168_HF9F_20260827_0900,2026-08-27 09:00:00,185
1226768|47|901,901,1226768,47,2026-05-03,1,-1,10,10,3,2306.4195,2306.4195,2185.6219,0.0000,94.762550,230.6419,230.6419,1.0000,0,1,45,1844735,A168_HF9F_20260827_0900,2026-08-27 09:00:00,185
1226768|48|901,901,1226768,48,2026-05-03,1,-1,5,6,3,70.7847,70.7847,59.8875,0.0000,84.605145,11.7975,14.1569,1.2000,0,1,10,1844736,A168_HF9F_20260827_0900,2026-08-27 09:00:00,185
1226768|49|901,901,1226768,49,2026-05-03,1,-1,6,6,2,327.8906,327.8906,255.9992,0.0000,78.074565,54.6484,54.6484,1.0000,0,1,15,1844737,A168_HF9F_20260827_0900,2026-08-27 09:00:00,185
1226768|5|901,901,1226768,5,2026-05-03,1,-1,2,2,2,42.0124,0.0000,0.0000,0.0000,,21.0062,21.0062,1.0000,2,1,1,1844738,A168_HF9F_20260827_0900,2026-08-27 09:00:00,185
1226768|50|901,901,1226768,50,2026-05-03,1,-1,8,8,2,360.4318,360.4318,-256.2993,0.0000,-71.108961,45.0540,45.0540,1.0000,0,1,28,1844739,A168_HF9F_20260827_0900,2026-08-27 09:00:00,185
1226768|51|901,901,1226768,51,2026-05-03,1,-1,5,5,2,106.0705,106.0705,85.3140,0.0000,80.431344,21.2141,21.2141,1.0000,0,1,10,1844740,A168_HF9F_20260827_0900,2026-08-27 09:00:00,185
1226768|52|901,901,1226768,52,2026-05-03,1,-1,9,9,1,238.8522,238.8522,-238.8522,0.0000,-100.000000,26.5391,26.5391,1.0000,0,1,36,1844741,A168_HF9F_20260827_0900,2026-08-27 09:00:00,185
1226768|6|901,901,1226768,6,2026-05-03,1,-1,5,6,3,147.7878,147.7878,84.7692,0.0000,57.358733,24.6313,29.5576,1.2000,0,1,10,1844742,A168_HF9F_20260827_0900,2026-08-27 09:00:00,185
1226768|7|901,901,1226768,7,2026-05-03,1,-1,2,3,2,67.7085,67.7085,-62.5194,0.0000,-92.336051,22.5695,33.8542,1.5000,0,1,1,1844743,A168_HF9F_20260827_0900,2026-08-27 09:00:00,185
1226768|8|901,901,1226768,8,2026-05-03,1,-1,8,9,3,205.9329,205.9329,104.7446,0.0000,50.863448,22.8814,25.7416,1.1250,0,1,28,1844744,A168_HF9F_20260827_0900,2026-08-27 09:00:00,185
1226768|9|901,901,1226768,9,2026-05-03,1,-1,4,5,3,143.5786,143.5786,1.9150,0.0000,1.333742,28.7157,35.8947,1.2500,0,1,6,1844745,A168_HF9F_20260827_0900,2026-08-27 09:00:00,185
1226804|10|901,901,1226804,10,2026-05-03,1,-1,10,11,3,1044.2391,1044.2391,-591.3632,0.2103,-56.631015,94.9308,104.4239,1.1000,0,1,45,1844746,A168_HF9F_20260827_0900,2026-08-27 09:00:00,185
1226804|11|901,901,1226804,11,2026-05-03,1,-1,13,14,3,3257.6347,3257.6347,568.1747,0.5882,17.441326,232.6882,250.5873,1.0769,0,1,78,1844747,A168_HF9F_20260827_0900,2026-08-27 09:00:00,185
1226804|12|901,901,1226804,12,2026-05-03,1,-1,25,29,6,3887.2763,3887.2763,-1047.5595,0.7101,-26.948418,134.0440,155.4911,1.1600,0,1,300,1844748,A168_HF9F_20260827_0900,2026-08-27 09:00:00,185
1226804|13|901,901,1226804,13,2026-05-03,1,-1,17,19,4,3641.4801,5.1891,5.1891,0.0000,100.000000,191.6568,214.2047,1.1176,17,1,136,1844749,A168_HF9F_20260827_0900,2026-08-27 09:00:00,185
1226804|14|901,901,1226804,14,2026-05-03,1,-1,19,25,7,6035.7713,6035.7713,1868.5493,0.0945,30.957920,241.4309,317.6722,1.3158,0,1,171,1844750,A168_HF9F_20260827_0900,2026-08-27 09:00:00,185
1226804|15|901,901,1226804,15,2026-05-03,1,-1,6,8,4,187.2493,187.2493,-50.1948,0.0000,-26.806417,23.4062,31.2082,1.3333,0,1,15,1844751,A168_HF9F_20260827_0900,2026-08-27 09:00:00,185
1226804|16|901,901,1226804,16,2026-05-03,1,-1,3,3,2,38.2309,0.0000,0.0000,0.0000,,12.7436,12.7436,1.0000,3,1,3,1844752,A168_HF9F_20260827_0900,2026-08-27 09:00:00,185
1226804|17|901,901,1226804,17,2026-05-03,1,-1,4,4,2,87.1495,87.1495,56.7712,0.0000,65.142322,21.7874,21.7874,1.0000,0,1,6,1844753,A168_HF9F_20260827_0900,2026-08-27 09:00:00,185
1226804|18|901,901,1226804,18,2026-05-03,1,-1,7,7,2,216.4157,0.0000,0.0000,0.0000,,30.9165,30.9165,1.0000,7,1,21,1844754,A168_HF9F_20260827_0900,2026-08-27 09:00:00,185
1226804|19|901,901,1226804,19,2026-05-03,1,-1,2,2,1,44.1077,44.1077,44.1077,0.0000,100.000000,22.0539,22.0539,1.0000,0,1,1,1844755,A168_HF9F_20260827_0900,2026-08-27 09:00:00,185
1226804|2|901,901,1226804,2,2026-05-03,1,-1,1,1,1,25.9457,25.9457,25.9457,0.0000,100.000000,25.9457,25.9457,1.0000,0,0,0,1844756,A168_HF9F_20260827_0900,2026-08-27 09:00:00,185
1226804|20|901,901,1226804,20,2026-05-03,1,-1,14,15,3,1288.1605,1288.1605,-975.8014,0.1680,-75.751540,85.8774,92.0115,1.0714,0,1,91,1844757,A168_HF9F_20260827_0900,2026-08-27 09:00:00,185
1226804|21|901,901,1226804,21,2026-05-03,1,-1,27,36,6,2650.2152,2650.2152,-2345.8758,0.9654,-88.516425,73.6171,98.1561,1.3333,0,1,351,1844758,A168_HF9F_20260827_0900,2026-08-27 09:00:00,185
1226804|22|901,901,1226804,22,2026-05-03,1,-1,35,48,8,4815.2259,4815.2259,1740.2658,3.6193,36.140897,100.3172,137.5779,1.3714,0,1,595,1844759,A168_HF9F_20260827_0900,2026-08-27 09:00:00,185
1226804|23|901,901,1226804,23,2026-05-03,1,-1,15,18,3,1925.3664,1925.3664,-213.4400,5.2187,-11.085682,106.9648,128.3578,1.2000,0,1,105,1844760,A168_HF9F_20260827_0900,2026-08-27 09:00:00,185
1226804|24|901,901,1226804,24,2026-05-03,1,-1,14,17,4,877.6242,133.0364,-278.6765,1.1784,-209.473889,51.6250,62.6874,1.2143,14,1,91,1844761,A168_HF9F_20260827_0900,2026-08-27 09:00:00,185
1226804|25|901,901,1226804,25,2026-05-03,1,-1,13,14,4,527.1099,527.1099,-149.2905,1.2793,-28.322456,37.6507,40.5469,1.0769,0,1,78,1844762,A168_HF9F_20260827_0900,2026-08-27 09:00:00,185
1226804|26|901,901,1226804,26,2026-05-03,1,-1,9,12,4,873.4335,873.4335,690.3211,5.1065,79.035328,72.7861,97.0482,1.3333,0,1,36,1844763,A168_HF9F_20260827_0900,2026-08-27 09:00:00,185
1226804|27|901,901,1226804,27,2026-05-03,1,-1,16,18,4,820.1987,820.1987,-390.5087,0.1361,-47.611473,45.5666,51.2624,1.1250,0,1,120,1844764,A168_HF9F_20260827_0900,2026-08-27 09:00:00,185
1226804|28|901,901,1226804,28,2026-05-03,1,-1,13,18,6,568.3056,568.3056,-618.8397,0.0000,-108.892050,31.5725,43.7158,1.3846,0,1,78,1844765,A168_HF9F_20260827_0900,2026-08-27 09:00:00,185
1226804|29|901,901,1226804,29,2026-05-03,1,-1,15,15,2,524.1154,524.1154,427.2693,0.5546,81.521993,34.9410,34.9410,1.0000,0,1,105,1844766,A168_HF9F_20260827_0900,2026-08-27 09:00:00,185
1226804|3|901,901,1226804,3,2026-05-03,1,-1,1,1,1,136.7989,136.7989,-129.9590,1.0944,-95.000000,136.7989,136.7989,1.0000,0,0,0,1844767,A168_HF9F_20260827_0900,2026-08-27 09:00:00,185
1226804|30|901,901,1226804,30,2026-05-03,1,-1,13,14,3,711.8961,711.8961,-657.0268,0.6050,-92.292519,50.8497,54.7612,1.0769,0,1,78,1844768,A168_HF9F_20260827_0900,2026-08-27 09:00:00,185
1226804|31|901,901,1226804,31,2026-05-03,1,-1,23,23,2,1067.5899,1067.5899,603.5946,1.5629,56.538056,46.4170,46.4170,1.0000,0,1,253,1844769,A168_HF9F_20260827_0900,2026-08-27 09:00:00,185
1226804|32|901,901,1226804,32,2026-05-03,1,-1,13,17,5,2457.8363,2457.8363,2175.6667,0.6890,88.519593,144.5786,189.0643,1.3077,0,1,78,1844770,A168_HF9F_20260827_0900,2026-08-27 09:00:00,185
1226804|33|901,901,1226804,33,2026-05-03,1,-1,10,14,5,244.3367,244.3367,-97.1884,0.6722,-39.776411,17.4526,24.4337,1.4000,0,1,45,1844771,A168_HF9F_20260827_0900,2026-08-27 09:00:00,185
1226804|34|901,901,1226804,34,2026-05-03,1,-1,15,15,3,574.1310,11.1494,-89.1951,0.0000,-800.000000,38.2754,38.2754,1.0000,14,1,105,1844772,A168_HF9F_20260827_0900,2026-08-27 09:00:00,185
1226804|35|901,901,1226804,35,2026-05-03,1,-1,18,18,3,2506.2873,2506.2873,-540.9392,0.5041,-21.583289,139.2382,139.2382,1.0000,0,1,153,1844773,A168_HF9F_20260827_0900,2026-08-27 09:00:00,185
1226804|36|901,901,1226804,36,2026-05-03,1,-1,23,24,3,3294.1523,3294.1523,2638.2312,0.0672,80.088319,137.2563,143.2240,1.0435,0,1,253,1844774,A168_HF9F_20260827_0900,2026-08-27 09:00:00,185
1226804|37|901,901,1226804,37,2026-05-03,1,-1,16,19,6,2615.0718,2615.0718,-2057.5526,11.5954,-78.680539,137.6354,163.4420,1.1875,0,1,120,1844775,A168_HF9F_20260827_0900,2026-08-27 09:00:00,185
1226804|38|901,901,1226804,38,2026-05-03,1,-1,13,14,4,1831.4102,1831.4102,1401.9908,7.5622,76.552528,130.8150,140.8777,1.0769,0,1,78,1844776,A168_HF9F_20260827_0900,2026-08-27 09:00:00,185
1226804|39|901,901,1226804,39,2026-05-03,1,-1,9,11,3,986.4998,986.4998,751.3469,0.0000,76.162910,89.6818,109.6111,1.2222,0,1,36,1844777,A168_HF9F_20260827_0900,2026-08-27 09:00:00,185
1226804|4|901,901,1226804,4,2026-05-03,1,-1,2,2,1,35.2524,35.2524,35.2524,0.2189,100.000000,17.6262,17.6262,1.0000,0,1,1,1844778,A168_HF9F_20260827_0900,2026-08-27 09:00:00,185
1226804|40|901,901,1226804,40,2026-05-03,1,-1,10,13,5,265.8978,265.8978,247.5372,0.5882,93.094850,20.4537,26.5898,1.3000,0,1,45,1844779,A168_HF9F_20260827_0900,2026-08-27 09:00:00,185
1226804|41|901,901,1226804,41,2026-05-03,1,-1,10,10,2,307.9476,307.9476,-231.8372,0.0000,-75.284637,30.7948,30.7948,1.0000,0,1,45,1844780,A168_HF9F_20260827_0900,2026-08-27 09:00:00,185
1226804|42|901,901,1226804,42,2026-05-03,1,-1,9,13,5,349.5587,345.3575,-135.0604,0.0000,-39.107403,26.8891,38.8399,1.4444,1,1,36,1844781,A168_HF9F_20260827_0900,2026-08-27 09:00:00,185
1226804|43|901,901,1226804,43,2026-05-03,1,-1,11,16,5,1723.4778,1719.2765,-1553.4533,10.9232,-90.355058,107.7174,156.6798,1.4545,1,1,55,1844782,A168_HF9F_20260827_0900,2026-08-27 09:00:00,185
1226804|44|901,901,1226804,44,2026-05-03,1,-1,12,13,3,182.1295,182.1295,7.6197,0.0000,4.183696,14.0100,15.1775,1.0833,0,1,66,1844783,A168_HF9F_20260827_0900,2026-08-27 09:00:00,185
1226804|45|901,901,1226804,45,2026-05-03,1,-1,10,11,3,178.6703,178.6703,71.1185,0.0000,39.804350,16.2428,17.8670,1.1000,0,1,45,1844784,A168_HF9F_20260827_0900,2026-08-27 09:00:00,185
1226804|46|901,901,1226804,46,2026-05-03,1,-1,10,11,4,790.9835,790.9835,748.9711,0.0945,94.688588,71.9076,79.0984,1.1000,0,1,45,1844785,A168_HF9F_20260827_0900,2026-08-27 09:00:00,185
1226804|47|901,901,1226804,47,2026-05-03,1,-1,11,11,2,235.6000,0.0000,0.0000,0.0000,,21.4182,21.4182,1.0000,11,1,55,1844786,A168_HF9F_20260827_0900,2026-08-27 09:00:00,185
1226804|48|901,901,1226804,48,2026-05-03,1,-1,7,7,1,346.3664,346.3664,-329.0481,0.0000,-95.000000,49.4809,49.4809,1.0000,0,1,21,1844787,A168_HF9F_20260827_0900,2026-08-27 09:00:00,185
1226804|49|901,901,1226804,49,2026-05-03,1,-1,7,12,6,352.8810,352.8810,-238.1346,0.0000,-67.482960,29.4068,50.4116,1.7143,0,1,21,1844788,A168_HF9F_20260827_0900,2026-08-27 09:00:00,185
1226804|5|901,901,1226804,5,2026-05-03,1,-1,2,2,2,31.1349,31.1349,20.7566,0.0000,66.666667,15.5674,15.5674,1.0000,0,1,1,1844789,A168_HF9F_20260827_0900,2026-08-27 09:00:00,185
1226804|50|901,901,1226804,50,2026-05-03,1,-1,4,4,1,18.5292,18.5292,-17.6028,0.0000,-95.000000,4.6323,4.6323,1.0000,0,1,6,1844790,A168_HF9F_20260827_0900,2026-08-27 09:00:00,185
1226804|51|901,901,1226804,51,2026-05-03,1,-1,12,13,3,137.2313,2.5946,-20.7566,0.0000,-800.000000,10.5563,11.4359,1.0833,12,1,66,1844791,A168_HF9F_20260827_0900,2026-08-27 09:00:00,185
1226804|52|901,901,1226804,52,2026-05-03,1,-1,26,31,6,760.4686,760.4686,-172.5697,0.0672,-22.692554,24.5312,29.2488,1.1923,0,1,325,1844792,A168_HF9F_20260827_0900,2026-08-27 09:00:00,185
1226804|53|901,901,1226804,53,2026-05-03,1,-1,13,18,6,782.6514,782.6514,-322.8798,0.0000,-41.254615,43.4806,60.2040,1.3846,0,1,78,1844793,A168_HF9F_20260827_0900,2026-08-27 09:00:00,185
1226804|54|901,901,1226804,54,2026-05-03,1,-1,16,17,3,1281.0901,1281.0901,276.9391,0.0000,21.617460,75.3582,80.0681,1.0625,0,1,120,1844794,A168_HF9F_20260827_0900,2026-08-27 09:00:00,185
1226804|6|901,901,1226804,6,2026-05-03,1,-1,7,8,3,286.1517,286.1517,118.6013,0.0000,41.447021,35.7690,40.8788,1.1429,0,1,21,1844795,A168_HF9F_20260827_0900,2026-08-27 09:00:00,185
1226804|7|901,901,1226804,7,2026-05-03,1,-1,5,5,2,136.4266,136.4266,85.8324,0.0000,62.914739,27.2853,27.2853,1.0000,0,1,10,1844796,A168_HF9F_20260827_0900,2026-08-27 09:00:00,185
1226804|8|901,901,1226804,8,2026-05-03,1,-1,8,9,3,912.6918,912.6918,-460.9866,0.0000,-50.508465,101.4102,114.0865,1.1250,0,1,28,1844797,A168_HF9F_20260827_0900,2026-08-27 09:00:00,185
1226804|9|901,901,1226804,9,2026-05-03,1,-1,9,10,3,967.5041,967.5041,-556.8979,0.0336,-57.560262,96.7504,107.5005,1.1111,0,1,36,1844798,A168_HF9F_20260827_0900,2026-08-27 09:00:00,185
1226842|1|901,901,1226842,1,2026-05-03,1,-1,3,4,3,421.6482,421.6482,-282.8996,0.0000,-67.093748,105.4121,140.5494,1.3333,0,1,3,1844799,A168_HF9F_20260827_0900,2026-08-27 09:00:00,185
1226842|10|901,901,1226842,10,2026-05-03,1,-1,6,7,3,197.1652,197.1652,-44.9207,0.0000,-22.783260,28.1665,32.8609,1.1667,0,1,15,1844800,A168_HF9F_20260827_0900,2026-08-27 09:00:00,185
1226842|11|901,901,1226842,11,2026-05-03,1,-1,12,14,4,2301.1171,2301.1171,856.1425,0.0000,37.205516,164.3655,191.7598,1.1667,0,1,66,1844801,A168_HF9F_20260827_0900,2026-08-27 09:00:00,185
1226842|12|901,901,1226842,12,2026-05-03,1,-1,14,18,6,1917.7212,1917.7212,1676.9832,0.0000,87.446664,106.5401,136.9801,1.2857,0,1,91,1844802,A168_HF9F_20260827_0900,2026-08-27 09:00:00,185
1226842|13|901,901,1226842,13,2026-05-03,1,-1,8,9,3,1626.7002,1626.7002,1341.2362,9.1655,82.451346,180.7445,203.3375,1.1250,0,1,28,1844803,A168_HF9F_20260827_0900,2026-08-27 09:00:00,185
1226842|14|901,901,1226842,14,2026-05-03,1,-1,8,11,5,371.4286,371.4286,175.7306,0.0000,47.312099,33.7662,46.4286,1.3750,0,1,28,1844804,A168_HF9F_20260827_0900,2026-08-27 09:00:00,185
1226842|15|901,901,1226842,15,2026-05-03,1,-1,6,10,5,250.4932,250.4932,1.0993,0.0000,0.438871,25.0493,41.7489,1.6667,0,1,15,1844805,A168_HF9F_20260827_0900,2026-08-27 09:00:00,185
1226842|16|901,901,1226842,16,2026-05-03,1,-1,5,6,3,622.7288,622.7288,-81.1978,0.0000,-13.039038,103.7881,124.5458,1.2000,0,1,10,1844806,A168_HF9F_20260827_0900,2026-08-27 09:00:00,185
1226842|17|901,901,1226842,17,2026-05-03,1,-1,5,9,6,178.4590,178.4590,-34.2164,0.0000,-19.173250,19.8288,35.6918,1.8000,0,1,10,1844807,A168_HF9F_20260827_0900,2026-08-27 09:00:00,185
1226842|18|901,901,1226842,18,2026-05-03,1,-1,6,6,2,396.5114,0.0000,0.0000,0.0000,,66.0852,66.0852,1.0000,6,1,15,1844808,A168_HF9F_20260827_0900,2026-08-27 09:00:00,185
1226842|19|901,901,1226842,19,2026-05-03,1,-1,6,8,4,350.4862,350.4862,180.2843,0.1430,51.438341,43.8108,58.4144,1.3333,0,1,15,1844809,A168_HF9F_20260827_0900,2026-08-27 09:00:00,185
1226842|2|901,901,1226842,2,2026-05-03,1,-1,3,3,1,419.5314,419.5314,419.5314,0.0000,100.000000,139.8438,139.8438,1.0000,0,1,3,1844810,A168_HF9F_20260827_0900,2026-08-27 09:00:00,185
1226842|20|901,901,1226842,20,2026-05-03,1,-1,6,7,2,261.6092,261.6092,261.6092,0.2587,100.000000,37.3727,43.6015,1.1667,0,1,15,1844811,A168_HF9F_20260827_0900,2026-08-27 09:00:00,185
1226842|21|901,901,1226842,21,2026-05-03,1,-1,5,5,2,611.0254,611.0254,386.9509,0.0000,63.328111,122.2051,122.2051,1.0000,0,1,10,1844812,A168_HF9F_20260827_0900,2026-08-27 09:00:00,185
1226842|22|901,901,1226842,22,2026-05-03,1,-1,5,6,3,2907.1042,2907.1042,2409.1431,0.0000,82.870889,484.5174,581.4208,1.2000,0,1,10,1844813,A168_HF9F_20260827_0900,2026-08-27 09:00:00,185
1226842|23|901,901,1226842,23,2026-05-03,1,-1,3,4,2,789.4961,789.4961,789.4961,0.0000,100.000000,197.3740,263.1654,1.3333,0,1,3,1844814,A168_HF9F_20260827_0900,2026-08-27 09:00:00,185
1226842|24|901,901,1226842,24,2026-05-03,1,-1,1,2,2,4.2012,2.1006,-16.8050,0.0168,-800.000000,2.1006,4.2012,2.0000,1,0,0,1844815,A168_HF9F_20260827_0900,2026-08-27 09:00:00,185
1226842|25|901,901,1226842,25,2026-05-03,1,-1,5,5,2,60.7879,60.7879,34.8422,0.0336,57.317603,12.1576,12.1576,1.0000,0,1,10,1844816,A168_HF9F_20260827_0900,2026-08-27 09:00:00,185
1226842|26|901,901,1226842,26,2026-05-03,1,-1,10,22,10,2171.3535,2171.3535,-900.5144,0.0336,-41.472493,98.6979,217.1353,2.2000,0,1,45,1844817,A168_HF9F_20260827_0900,2026-08-27 09:00:00,185
1226842|27|901,901,1226842,27,2026-05-03,1,-1,7,7,2,180.1822,180.1822,69.4481,0.1094,38.543275,25.7403,25.7403,1.0000,0,1,21,1844818,A168_HF9F_20260827_0900,2026-08-27 09:00:00,185
1226842|28|901,901,1226842,28,2026-05-03,1,-1,5,5,2,307.5809,307.5809,-57.0099,0.0000,-18.534926,61.5162,61.5162,1.0000,0,1,10,1844819,A168_HF9F_20260827_0900,2026-08-27 09:00:00,185
1226842|29|901,901,1226842,29,2026-05-03,1,-1,7,7,2,1251.6645,1251.6645,1231.1834,0.0000,98.363696,178.8092,178.8092,1.0000,0,1,21,1844820,A168_HF9F_20260827_0900,2026-08-27 09:00:00,185
1226842|3|901,901,1226842,3,2026-05-03,1,-1,3,3,2,242.0441,242.0441,-195.3418,0.0000,-80.705043,80.6814,80.6814,1.0000,0,1,3,1844821,A168_HF9F_20260827_0900,2026-08-27 09:00:00,185
1226842|30|901,901,1226842,30,2026-05-03,1,-1,15,20,6,2526.4446,2526.4446,-378.8753,0.0000,-14.996383,126.3222,168.4296,1.3333,0,1,105,1844822,A168_HF9F_20260827_0900,2026-08-27 09:00:00,185
1226842|31|901,901,1226842,31,2026-05-03,1,-1,15,22,7,3593.1228,3593.1228,-2654.0368,3.3946,-73.864350,163.3238,239.5415,1.4667,0,1,105,1844823,A168_HF9F_20260827_0900,2026-08-27 09:00:00,185
1226842|32|901,901,1226842,32,2026-05-03,1,-1,26,35,8,16867.3673,16319.9506,-15580.8941,3.0249,-95.471454,481.9248,648.7449,1.3462,0,1,325,1844824,A168_HF9F_20260827_0900,2026-08-27 09:00:00,185
1226842|33|901,901,1226842,33,2026-05-03,1,-1,41,67,8,10583.6664,10550.5150,8138.1647,4.0500,77.135237,157.9652,258.1382,1.6341,2,1,820,1844825,A168_HF9F_20260827_0900,2026-08-27 09:00:00,185
1226842|34|901,901,1226842,34,2026-05-03,1,-1,17,35,8,1324.1911,1239.1483,-498.6574,0.0000,-40.241944,37.8340,77.8936,2.0588,2,1,136,1844826,A168_HF9F_20260827_0900,2026-08-27 09:00:00,185
1226842|35|901,901,1226842,35,2026-05-03,1,-1,19,33,8,2520.1580,2383.2237,-1198.5016,0.0000,-50.289093,76.3684,132.6399,1.7368,2,1,171,1844827,A168_HF9F_20260827_0900,2026-08-27 09:00:00,185
1226842|36|901,901,1226842,36,2026-05-03,1,-1,15,26,8,2307.2385,2244.9688,-1628.3391,0.0000,-72.532816,88.7399,153.8159,1.7333,1,1,105,1844828,A168_HF9F_20260827_0900,2026-08-27 09:00:00,185
1226842|37|901,901,1226842,37,2026-05-03,1,-1,11,20,7,1494.1154,1486.9098,1276.4900,0.0000,85.848514,74.7058,135.8287,1.8182,1,1,55,1844829,A168_HF9F_20260827_0900,2026-08-27 09:00:00,185
1226842|38|901,901,1226842,38,2026-05-03,1,-1,9,20,8,481.6854,474.4797,290.6868,0.0000,61.264319,24.0843,53.5206,2.2222,1,1,36,1844830,A168_HF9F_20260827_0900,2026-08-27 09:00:00,185
1226842|39|901,901,1226842,39,2026-05-03,1,-1,9,16,6,576.2680,569.0624,200.2168,0.0000,35.183639,36.0168,64.0298,1.7778,1,1,36,1844831,A168_HF9F_20260827_0900,2026-08-27 09:00:00,185
1226842|4|901,901,1226842,4,2026-05-03,1,-1,4,4,2,98.4171,98.4171,29.7207,0.0000,30.198715,24.6043,24.6043,1.0000,0,1,6,1844832,A168_HF9F_20260827_0900,2026-08-27 09:00:00,185
1226842|40|901,901,1226842,40,2026-05-03,1,-1,17,25,7,2236.5043,32.3033,-0.1222,0.0000,-0.378136,89.4602,131.5591,1.4706,18,1,136,1844833,A168_HF9F_20260827_0900,2026-08-27 09:00:00,185
1226842|41|901,901,1226842,41,2026-05-03,1,-1,21,24,5,1811.0902,1811.0902,-1010.2226,0.0000,-55.779807,75.4621,86.2424,1.1429,0,1,210,1844834,A168_HF9F_20260827_0900,2026-08-27 09:00:00,185
1226842|42|901,901,1226842,42,2026-05-03,1,-1,28,34,8,2586.7367,2586.7367,1959.3121,0.0891,75.744550,76.0805,92.3835,1.2143,0,1,378,1844835,A168_HF9F_20260827_0900,2026-08-27 09:00:00,185
1226842|43|901,901,1226842,43,2026-05-03,1,-1,12,17,6,272.5085,272.5085,215.4280,0.0000,79.053653,16.0299,22.7090,1.4167,0,1,66,1844836,A168_HF9F_20260827_0900,2026-08-27 09:00:00,185
1226842|44|901,901,1226842,44,2026-05-03,1,-1,8,10,4,250.8992,250.8992,60.1513,0.0000,23.974301,25.0899,31.3624,1.2500,0,1,28,1844837,A168_HF9F_20260827_0900,2026-08-27 09:00:00,185
1226842|45|901,901,1226842,45,2026-05-03,1,-1,8,13,4,1572.5656,1572.5656,1541.4308,0.0000,98.020123,120.9666,196.5707,1.6250,0,1,28,1844838,A168_HF9F_20260827_0900,2026-08-27 09:00:00,185
1226842|46|901,901,1226842,46,2026-05-03,1,-1,9,11,3,190.5165,190.5165,-29.6530,0.0000,-15.564537,17.3197,21.1685,1.2222,0,1,36,1844839,A168_HF9F_20260827_0900,2026-08-27 09:00:00,185
1226842|47|901,901,1226842,47,2026-05-03,1,-1,10,11,3,224.9895,224.9895,-137.8488,0.0000,-61.268987,20.4536,22.4989,1.1000,0,1,45,1844840,A168_HF9F_20260827_0900,2026-08-27 09:00:00,185
1226842|48|901,901,1226842,48,2026-05-03,1,-1,8,11,5,419.3328,419.3328,335.2491,0.0000,79.948228,38.1212,52.4166,1.3750,0,1,28,1844841,A168_HF9F_20260827_0900,2026-08-27 09:00:00,185
1226842|49|901,901,1226842,49,2026-05-03,1,-1,16,18,3,2068.3731,2026.3607,-1801.5394,0.0000,-88.905167,114.9096,129.2733,1.1250,1,1,120,1844842,A168_HF9F_20260827_0900,2026-08-27 09:00:00,185
1226842|5|901,901,1226842,5,2026-05-03,1,-1,5,7,4,123.6929,123.6929,120.4159,0.0000,97.350723,17.6704,24.7386,1.4000,0,1,10,1844843,A168_HF9F_20260827_0900,2026-08-27 09:00:00,185
1226842|50|901,901,1226842,50,2026-05-03,1,-1,5,6,3,144.4329,144.4329,110.0847,0.0000,76.218584,24.0722,28.8866,1.2000,0,1,10,1844844,A168_HF9F_20260827_0900,2026-08-27 09:00:00,185
1226842|51|901,901,1226842,51,2026-05-03,1,-1,22,25,5,4943.4589,4943.4589,4274.8475,2.7360,86.474826,197.7384,224.7027,1.1364,0,1,231,1844845,A168_HF9F_20260827_0900,2026-08-27 09:00:00,185
1226842|52|901,901,1226842,52,2026-05-03,1,-1,23,25,3,5246.2205,5058.9287,-1414.4965,0.1344,-27.960396,209.8488,228.0965,1.0870,1,1,253,1844846,A168_HF9F_20260827_0900,2026-08-27 09:00:00,185
1226842|53|901,901,1226842,53,2026-05-03,1,-1,22,24,4,3079.2005,3079.2005,-1991.5964,0.0672,-64.679012,128.3000,139.9637,1.0909,0,1,231,1844847,A168_HF9F_20260827_0900,2026-08-27 09:00:00,185
1226842|54|901,901,1226842,54,2026-05-03,1,-1,28,32,4,4378.6102,4378.6102,3283.8646,7.5622,74.997876,136.8316,156.3789,1.1429,0,1,378,1844848,A168_HF9F_20260827_0900,2026-08-27 09:00:00,185
1226842|6|901,901,1226842,6,2026-05-03,1,-1,3,4,2,54.2839,54.2839,-47.4735,0.0000,-87.454104,13.5710,18.0946,1.3333,0,1,3,1844849,A168_HF9F_20260827_0900,2026-08-27 09:00:00,185
1226842|7|901,901,1226842,7,2026-05-03,1,-1,2,2,2,29.4087,29.4087,-12.6037,0.0000,-42.857143,14.7043,14.7043,1.0000,0,1,1,1844850,A168_HF9F_20260827_0900,2026-08-27 09:00:00,185
1226842|8|901,901,1226842,8,2026-05-03,1,-1,5,5,1,319.5567,319.5567,-319.5567,0.0000,-100.000000,63.9113,63.9113,1.0000,0,1,10,1844851,A168_HF9F_20260827_0900,2026-08-27 09:00:00,185
1226842|9|901,901,1226842,9,2026-05-03,1,-1,14,16,3,2885.2595,2885.2595,2716.9474,0.0000,94.166483,180.3287,206.0900,1.1429,0,1,91,1844852,A168_HF9F_20260827_0900,2026-08-27 09:00:00,185
1226882|1|901,901,1226882,1,2026-05-03,1,-1,2,2,1,46.9519,46.9519,-44.6043,0.0000,-95.000000,23.4760,23.4760,1.0000,0,1,1,1844853,A168_HF9F_20260827_0900,2026-08-27 09:00:00,185
1226882|10|901,901,1226882,10,2026-05-03,1,-1,19,21,3,2428.8344,2428.8344,-2094.3129,0.3676,-86.227078,115.6588,127.8334,1.1053,0,1,171,1844854,A168_HF9F_20260827_0900,2026-08-27 09:00:00,185
1226882|11|901,901,1226882,11,2026-05-03,1,-1,46,55,5,6354.6819,6354.6819,-5284.0624,0.7890,-83.152272,115.5397,138.1453,1.1957,0,1,1035,1844855,A168_HF9F_20260827_0900,2026-08-27 09:00:00,185
1226882|12|901,901,1226882,12,2026-05-03,1,-1,40,56,8,3552.5849,3552.5849,-777.3533,0.3781,-21.881344,63.4390,88.8146,1.4000,0,1,780,1844856,A168_HF9F_20260827_0900,2026-08-27 09:00:00,185
1226882|13|901,901,1226882,13,2026-05-03,1,-1,36,53,8,2414.4734,96.6355,-63.4179,0.0000,-65.625887,45.5561,67.0687,1.4722,35,1,630,1844857,A168_HF9F_20260827_0900,2026-08-27 09:00:00,185
1226882|14|901,901,1226882,14,2026-05-03,1,-1,32,49,8,7790.3661,7790.3661,6818.3237,1.7015,87.522507,158.9871,243.4489,1.5313,0,1,496,1844858,A168_HF9F_20260827_0900,2026-08-27 09:00:00,185
1226882|15|901,901,1226882,15,2026-05-03,1,-1,21,30,7,985.5716,977.1691,0.3575,0.5672,0.036583,32.8524,46.9320,1.4286,1,1,210,1844859,A168_HF9F_20260827_0900,2026-08-27 09:00:00,185
1226882|16|901,901,1226882,16,2026-05-03,1,-1,20,24,4,1405.8781,1389.0731,953.9866,0.9453,68.677926,58.5783,70.2939,1.2000,1,1,190,1844860,A168_HF9F_20260827_0900,2026-08-27 09:00:00,185
1226882|17|901,901,1226882,17,2026-05-03,1,-1,16,22,6,2782.0063,2756.7988,2230.0450,0.9453,80.892556,126.4548,173.8754,1.3750,1,1,120,1844861,A168_HF9F_20260827_0900,2026-08-27 09:00:00,185
1226882|18|901,901,1226882,18,2026-05-03,1,-1,14,20,4,1217.3221,1204.7184,720.0783,0.9453,59.771503,60.8661,86.9516,1.4286,1,1,91,1844862,A168_HF9F_20260827_0900,2026-08-27 09:00:00,185
1226882|19|901,901,1226882,19,2026-05-03,1,-1,10,16,5,858.1447,842.1800,-206.4752,0.0000,-24.516755,53.6340,85.8145,1.6000,1,1,45,1844863,A168_HF9F_20260827_0900,2026-08-27 09:00:00,185
1226882|2|901,901,1226882,2,2026-05-03,1,-1,3,3,1,95.4657,95.4657,-90.6924,0.0000,-95.000000,31.8219,31.8219,1.0000,0,1,3,1844864,A168_HF9F_20260827_0900,2026-08-27 09:00:00,185
1226882|20|901,901,1226882,20,2026-05-03,1,-1,18,25,5,2611.9081,2590.9019,-1683.6704,0.9453,-64.983950,104.4763,145.1060,1.3889,1,1,153,1844865,A168_HF9F_20260827_0900,2026-08-27 09:00:00,185
1226882|21|901,901,1226882,21,2026-05-03,1,-1,19,25,6,3185.7005,3164.6943,-614.3129,0.9453,-19.411444,127.4280,167.6684,1.3158,1,1,171,1844866,A168_HF9F_20260827_0900,2026-08-27 09:00:00,185
1226882|22|901,901,1226882,22,2026-05-03,1,-1,35,50,8,4713.2242,4688.0168,2821.1214,1.4494,60.177289,94.2645,134.6635,1.4286,1,1,595,1844867,A168_HF9F_20260827_0900,2026-08-27 09:00:00,185
1226882|23|901,901,1226882,23,2026-05-03,1,-1,16,21,5,730.2656,700.8570,-374.8223,0.0000,-53.480571,34.7746,45.6416,1.3125,1,1,120,1844868,A168_HF9F_20260827_0900,2026-08-27 09:00:00,185
1226882|24|901,901,1226882,24,2026-05-03,1,-1,18,23,4,2048.8568,2036.2531,-1672.9044,1.3654,-82.156012,89.0807,113.8254,1.2778,1,1,153,1844869,A168_HF9F_20260827_0900,2026-08-27 09:00:00,185
1226882|25|901,901,1226882,25,2026-05-03,1,-1,15,20,4,727.7126,715.1089,-89.1347,1.1133,-12.464489,36.3856,48.5142,1.3333,1,1,105,1844870,A168_HF9F_20260827_0900,2026-08-27 09:00:00,185
1226882|26|901,901,1226882,26,2026-05-03,1,-1,31,45,8,11145.8526,11145.8526,-9758.3898,1.3402,-87.551757,247.6856,359.5436,1.4516,0,1,465,1844871,A168_HF9F_20260827_0900,2026-08-27 09:00:00,185
1226882|27|901,901,1226882,27,2026-05-03,1,-1,51,70,9,12185.1219,12143.4188,-10433.9304,1.5545,-85.922511,174.0732,238.9240,1.3725,0,1,1275,1844872,A168_HF9F_20260827_0900,2026-08-27 09:00:00,185
1226882|28|901,901,1226882,28,2026-05-03,1,-1,62,80,9,5588.0329,5565.0509,1177.1278,3.7780,21.152147,69.8504,90.1296,1.2903,2,1,1891,1844873,A168_HF9F_20260827_0900,2026-08-27 09:00:00,185
1226882|29|901,901,1226882,29,2026-05-03,1,-1,74,94,7,8183.7487,8157.6532,-5554.4350,2.6486,-68.088638,87.0612,110.5912,1.2703,2,1,2701,1844874,A168_HF9F_20260827_0900,2026-08-27 09:00:00,185
1226882|3|901,901,1226882,3,2026-05-03,1,-1,4,5,2,256.5814,256.5814,-218.4552,0.0000,-85.140719,51.3163,64.1453,1.2500,0,1,6,1844875,A168_HF9F_20260827_0900,2026-08-27 09:00:00,185
1226882|30|901,901,1226882,30,2026-05-03,1,-1,65,91,8,11189.4444,10276.3861,-6938.9332,0.9932,-67.523088,122.9609,172.1453,1.4000,2,1,2080,1844876,A168_HF9F_20260827_0900,2026-08-27 09:00:00,185
1226882|31|901,901,1226882,31,2026-05-03,1,-1,63,83,9,9288.9761,9256.3858,-5786.6048,0.1378,-62.514732,111.9154,147.4441,1.3175,2,1,1953,1844877,A168_HF9F_20260827_0900,2026-08-27 09:00:00,185
1226882|32|901,901,1226882,32,2026-05-03,1,-1,87,112,8,12570.4912,12549.4850,4136.5547,1.8183,32.961948,112.2365,144.4884,1.2874,1,1,3741,1844878,A168_HF9F_20260827_0900,2026-08-27 09:00:00,185
1226882|33|901,901,1226882,33,2026-05-03,1,-1,24,36,7,1728.2854,84.1610,-7.5413,0.0000,-8.960534,48.0079,72.0119,1.5000,25,1,276,1844879,A168_HF9F_20260827_0900,2026-08-27 09:00:00,185
1226882|34|901,901,1226882,34,2026-05-03,1,-1,20,27,6,1064.5930,1047.7880,-347.0937,0.2756,-33.126329,39.4294,53.2296,1.3500,1,1,190,1844880,A168_HF9F_20260827_0900,2026-08-27 09:00:00,185
1226882|35|901,901,1226882,35,2026-05-03,1,-1,36,56,9,2880.2120,137.5768,-276.3830,0.0000,-200.893639,51.4324,80.0059,1.5556,36,1,630,1844881,A168_HF9F_20260827_0900,2026-08-27 09:00:00,185
1226882|36|901,901,1226882,36,2026-05-03,1,-1,35,72,10,3002.2692,2989.6655,2291.1275,0.1378,76.634914,41.6982,85.7791,2.0571,1,1,595,1844882,A168_HF9F_20260827_0900,2026-08-27 09:00:00,185
1226882|37|901,901,1226882,37,2026-05-03,1,-1,24,40,8,1422.5234,1422.5234,-865.5801,0.2756,-60.848215,35.5631,59.2718,1.6667,0,1,276,1844883,A168_HF9F_20260827_0900,2026-08-27 09:00:00,185
1226882|38|901,901,1226882,38,2026-05-03,1,-1,29,54,10,3517.7509,3517.7509,3014.8946,0.0689,85.705179,65.1435,121.3018,1.8621,0,1,406,1844884,A168_HF9F_20260827_0900,2026-08-27 09:00:00,185
1226882|39|901,901,1226882,39,2026-05-03,1,-1,15,20,6,2664.5047,2664.5047,-2128.8263,0.3032,-79.895761,133.2252,177.6336,1.3333,0,1,105,1844885,A168_HF9F_20260827_0900,2026-08-27 09:00:00,185
1226882|4|901,901,1226882,4,2026-05-03,1,-1,8,10,3,657.1651,654.2242,178.7329,0.3361,27.319816,65.7165,82.1456,1.2500,1,1,28,1844886,A168_HF9F_20260827_0900,2026-08-27 09:00:00,185
1226882|40|901,901,1226882,40,2026-05-03,1,-1,19,22,4,2358.3864,2358.3864,-886.6734,1.1297,-37.596613,107.1994,124.1256,1.1579,0,1,171,1844887,A168_HF9F_20260827_0900,2026-08-27 09:00:00,185
1226882|41|901,901,1226882,41,2026-05-03,1,-1,19,25,8,3607.1297,3607.1297,2469.8379,0.4548,68.471002,144.2852,189.8489,1.3158,0,1,171,1844888,A168_HF9F_20260827_0900,2026-08-27 09:00:00,185
1226882|42|901,901,1226882,42,2026-05-03,1,-1,12,17,6,1507.0685,1507.0685,1037.0647,0.0000,68.813374,88.6511,125.5890,1.4167,0,1,66,1844889,A168_HF9F_20260827_0900,2026-08-27 09:00:00,185
1226882|43|901,901,1226882,43,2026-05-03,1,-1,8,10,4,365.0529,365.0529,-309.8455,0.0000,-84.876867,36.5053,45.6316,1.2500,0,1,28,1844890,A168_HF9F_20260827_0900,2026-08-27 09:00:00,185
1226882|44|901,901,1226882,44,2026-05-03,1,-1,21,27,7,3668.9722,3668.9722,-2579.7464,0.0000,-70.312510,135.8879,174.7130,1.2857,0,1,210,1844891,A168_HF9F_20260827_0900,2026-08-27 09:00:00,185
1226882|45|901,901,1226882,45,2026-05-03,1,-1,25,32,5,3726.5051,3726.5051,3534.7078,0.0000,94.853158,116.4533,149.0602,1.2800,0,1,300,1844892,A168_HF9F_20260827_0900,2026-08-27 09:00:00,185
1226882|46|901,901,1226882,46,2026-05-03,1,-1,19,26,8,897.2282,891.9766,85.0407,0.0000,9.533956,34.5088,47.2225,1.3684,0,1,171,1844893,A168_HF9F_20260827_0900,2026-08-27 09:00:00,185
1226882|47|901,901,1226882,47,2026-05-03,1,-1,14,23,8,836.8461,836.8461,-610.2882,0.0000,-72.927180,36.3846,59.7747,1.6429,0,1,91,1844894,A168_HF9F_20260827_0900,2026-08-27 09:00:00,185
1226882|48|901,901,1226882,48,2026-05-03,1,-1,43,49,6,4632.6484,4632.6484,-3707.2823,0.6025,-80.025117,94.5438,107.7360,1.1395,0,1,903,1844895,A168_HF9F_20260827_0900,2026-08-27 09:00:00,185
1226882|49|901,901,1226882,49,2026-05-03,1,-1,36,43,6,7024.3376,7024.3376,6510.4927,0.1102,92.684793,163.3567,195.1205,1.1944,0,1,630,1844896,A168_HF9F_20260827_0900,2026-08-27 09:00:00,185
1226882|5|901,901,1226882,5,2026-05-03,1,-1,23,26,4,1166.4330,1166.4330,-967.3918,0.2353,-82.935909,44.8628,50.7145,1.1304,0,1,253,1844897,A168_HF9F_20260827_0900,2026-08-27 09:00:00,185
1226882|50|901,901,1226882,50,2026-05-03,1,-1,12,18,5,505.1702,505.1702,-174.1487,0.0000,-34.473271,28.0650,42.0975,1.5000,0,1,66,1844898,A168_HF9F_20260827_0900,2026-08-27 09:00:00,185
1226882|51|901,901,1226882,51,2026-05-03,1,-1,13,18,4,538.2581,538.2581,408.0196,0.0000,75.803721,29.9032,41.4045,1.3846,0,1,78,1844899,A168_HF9F_20260827_0900,2026-08-27 09:00:00,185
1226882|52|901,901,1226882,52,2026-05-03,1,-1,14,17,4,3176.3291,3176.3291,-2649.5674,0.0000,-83.416024,186.8429,226.8806,1.2143,0,1,91,1844900,A168_HF9F_20260827_0900,2026-08-27 09:00:00,185
1226882|6|901,901,1226882,6,2026-05-03,1,-1,48,61,7,5683.0865,5683.0865,5346.9915,5.6852,94.086049,93.1654,118.3976,1.2708,0,1,1128,1844901,A168_HF9F_20260827_0900,2026-08-27 09:00:00,185
1226882|7|901,901,1226882,7,2026-05-03,1,-1,10,11,3,346.9798,346.9798,-172.9471,0.6937,-49.843561,31.5436,34.6980,1.1000,0,1,45,1844902,A168_HF9F_20260827_0900,2026-08-27 09:00:00,185
1226882|8|901,901,1226882,8,2026-05-03,1,-1,14,22,6,742.2026,742.2026,-668.2831,0.1094,-90.040521,33.7365,53.0145,1.5714,0,1,91,1844903,A168_HF9F_20260827_0900,2026-08-27 09:00:00,185
1226882|9|901,901,1226882,9,2026-05-03,1,-1,23,35,8,2027.1223,2027.1223,-1576.7414,0.6263,-77.782251,57.9178,88.1358,1.5217,0,1,253,1844904,A168_HF9F_20260827_0900,2026-08-27 09:00:00,185
1226922|1|901,901,1226922,1,2026-05-03,1,-1,2,2,1,44.1130,44.1130,-44.1130,0.0000,-100.000000,22.0565,22.0565,1.0000,0,1,1,1844905,A168_HF9F_20260827_0900,2026-08-27 09:00:00,185
1226922|10|901,901,1226922,10,2026-05-03,1,-1,3,5,4,76.7956,76.7956,45.6607,0.0000,59.457485,15.3591,25.5985,1.6667,0,1,3,1844906,A168_HF9F_20260827_0900,2026-08-27 09:00:00,185
1226922|11|901,901,1226922,11,2026-05-03,1,-1,3,3,3,16.8644,16.8644,14.3353,0.0000,85.002873,5.6215,5.6215,1.0000,0,1,3,1844907,A168_HF9F_20260827_0900,2026-08-27 09:00:00,185
1226922|12|901,901,1226922,12,2026-05-03,1,-1,6,7,3,10896.7897,10896.7897,-10775.9922,108.4118,-98.891439,1556.6842,1816.1316,1.1667,0,1,15,1844908,A168_HF9F_20260827_0900,2026-08-27 09:00:00,185
1226922|13|901,901,1226922,13,2026-05-03,1,-1,4,11,9,1162.9562,1162.9562,1144.1754,0.0000,98.385084,105.7233,290.7390,2.7500,0,1,6,1844909,A168_HF9F_20260827_0900,2026-08-27 09:00:00,185
1226922|14|901,901,1226922,14,2026-05-03,1,-1,6,12,7,345.7120,345.7120,-86.8326,0.0000,-25.117047,28.8093,57.6187,2.0000,0,1,15,1844910,A168_HF9F_20260827_0900,2026-08-27 09:00:00,185
1226922|15|901,901,1226922,15,2026-05-03,1,-1,7,9,5,354.5912,354.5912,-329.8938,0.5041,-93.034948,39.3990,50.6559,1.2857,0,1,21,1844911,A168_HF9F_20260827_0900,2026-08-27 09:00:00,185
1226922|16|901,901,1226922,16,2026-05-03,1,-1,10,13,5,755.1508,713.1384,-507.3867,0.0000,-71.148412,58.0885,75.5151,1.3000,1,1,45,1844912,A168_HF9F_20260827_0900,2026-08-27 09:00:00,185
1226922|17|901,901,1226922,17,2026-05-03,1,-1,9,12,6,621.4761,621.4761,553.3895,0.0000,89.044375,51.7897,69.0529,1.3333,0,1,36,1844913,A168_HF9F_20260827_0900,2026-08-27 09:00:00,185
1226922|18|901,901,1226922,18,2026-05-03,1,-1,11,23,10,1273.5238,1244.5352,-944.2173,0.0000,-75.869073,55.3706,115.7749,2.0909,1,1,55,1844914,A168_HF9F_20260827_0900,2026-08-27 09:00:00,185
1226922|19|901,901,1226922,19,2026-05-03,1,-1,19,29,8,3713.3835,3700.7798,-951.5361,0.0000,-25.711772,128.0477,195.4412,1.5263,1,1,171,1844915,A168_HF9F_20260827_0900,2026-08-27 09:00:00,185
1226922|2|901,901,1226922,2,2026-05-03,1,-1,3,5,3,425.2655,425.2655,-399.3198,0.0000,-93.898936,85.0531,141.7552,1.6667,0,1,3,1844916,A168_HF9F_20260827_0900,2026-08-27 09:00:00,185
1226922|20|901,901,1226922,20,2026-05-03,1,-1,18,28,9,3710.1026,3693.2977,-3372.5349,0.0000,-91.315003,132.5037,206.1168,1.5556,1,1,153,1844917,A168_HF9F_20260827_0900,2026-08-27 09:00:00,185
1226922|21|901,901,1226922,21,2026-05-03,1,-1,32,50,9,7257.4191,7240.6141,6303.6993,0.3932,87.060285,145.1484,226.7943,1.5625,1,1,496,1844918,A168_HF9F_20260827_0900,2026-08-27 09:00:00,185
1226922|22|901,901,1226922,22,2026-05-03,1,-1,8,13,6,326.0681,14.5795,-46.5828,0.0000,-319.508120,25.0822,40.7585,1.6250,8,1,28,1844919,A168_HF9F_20260827_0900,2026-08-27 09:00:00,185
1226922|23|901,901,1226922,23,2026-05-03,1,-1,6,10,4,101.8764,97.6752,-46.1291,0.0000,-47.227014,10.1876,16.9794,1.6667,1,1,15,1844920,A168_HF9F_20260827_0900,2026-08-27 09:00:00,185
1226922|24|901,901,1226922,24,2026-05-03,1,-1,7,14,7,352.8097,340.2060,-142.9366,0.0000,-42.014710,25.2007,50.4014,2.0000,1,1,21,1844921,A168_HF9F_20260827_0900,2026-08-27 09:00:00,185
1226922|25|901,901,1226922,25,2026-05-03,1,-1,10,14,4,584.8198,584.8198,584.8198,0.0000,100.000000,41.7728,58.4820,1.4000,0,1,45,1844922,A168_HF9F_20260827_0900,2026-08-27 09:00:00,185
1226922|26|901,901,1226922,26,2026-05-03,1,-1,5,8,4,180.4181,180.4181,155.2107,0.0000,86.028322,22.5523,36.0836,1.6000,0,1,10,1844923,A168_HF9F_20260827_0900,2026-08-27 09:00:00,185
1226922|27|901,901,1226922,27,2026-05-03,1,-1,4,5,3,75.6223,75.6223,71.5261,0.0000,94.583333,15.1245,18.9056,1.2500,0,1,6,1844924,A168_HF9F_20260827_0900,2026-08-27 09:00:00,185
1226922|28|901,901,1226922,28,2026-05-03,1,-1,3,5,3,251.9829,251.9829,-226.7754,0.0000,-89.996369,50.3966,83.9943,1.6667,0,1,3,1844925,A168_HF9F_20260827_0900,2026-08-27 09:00:00,185
1226922|29|901,901,1226922,29,2026-05-03,1,-1,15,19,5,3575.3037,3575.3037,-386.3015,0.0000,-10.804718,188.1739,238.3536,1.2667,0,1,105,1844926,A168_HF9F_20260827_0900,2026-08-27 09:00:00,185
1226922|3|901,901,1226922,3,2026-05-03,1,-1,6,16,10,257.7310,257.7310,-263.1698,0.0000,-102.110248,16.1082,42.9552,2.6667,0,1,15,1844927,A168_HF9F_20260827_0900,2026-08-27 09:00:00,185
1226922|30|901,901,1226922,30,2026-05-03,1,-1,22,26,5,4517.9072,4517.9072,4338.7032,0.0000,96.033474,173.7657,205.3594,1.1818,0,1,231,1844928,A168_HF9F_20260827_0900,2026-08-27 09:00:00,185
1226922|31|901,901,1226922,31,2026-05-03,1,-1,8,10,3,221.6123,221.6123,-43.7492,0.1891,-19.741313,22.1612,27.7015,1.2500,0,1,28,1844929,A168_HF9F_20260827_0900,2026-08-27 09:00:00,185
1226922|32|901,901,1226922,32,2026-05-03,1,-1,6,9,4,193.9249,193.9249,40.7875,0.0000,21.032644,21.5472,32.3208,1.5000,0,1,15,1844930,A168_HF9F_20260827_0900,2026-08-27 09:00:00,185
1226922|33|901,901,1226922,33,2026-05-03,1,-1,8,10,4,5125.7482,5125.7482,1995.2921,0.0000,38.926846,512.5748,640.7185,1.2500,0,1,28,1844931,A168_HF9F_20260827_0900,2026-08-27 09:00:00,185
1226922|34|901,901,1226922,34,2026-05-03,1,-1,22,27,4,2251.4642,2251.4642,2144.4738,0.0000,95.247963,83.3876,102.3393,1.2273,0,1,231,1844932,A168_HF9F_20260827_0900,2026-08-27 09:00:00,185
1226922|35|901,901,1226922,35,2026-05-03,1,-1,6,7,3,425.2662,425.2662,-342.5597,0.0000,-80.551843,60.7523,70.8777,1.1667,0,1,15,1844933,A168_HF9F_20260827_0900,2026-08-27 09:00:00,185
1226922|36|901,901,1226922,36,2026-05-03,1,-1,6,7,3,328.4612,328.4612,303.2538,0.0000,92.325597,46.9230,54.7435,1.1667,0,1,15,1844934,A168_HF9F_20260827_0900,2026-08-27 09:00:00,185
1226922|37|901,901,1226922,37,2026-05-03,1,-1,5,6,3,214.8608,214.8608,198.0559,0.0000,92.178678,35.8101,42.9722,1.2000,0,1,10,1844935,A168_HF9F_20260827_0900,2026-08-27 09:00:00,185
1226922|38|901,901,1226922,38,2026-05-03,1,-1,2,2,1,6.3019,6.3019,6.3019,0.0000,100.000000,3.1509,3.1509,1.0000,0,1,1,1844936,A168_HF9F_20260827_0900,2026-08-27 09:00:00,185
1226922|39|901,901,1226922,39,2026-05-03,1,-1,6,6,2,205.5883,205.5883,171.1801,0.5041,83.263563,34.2647,34.2647,1.0000,0,1,15,1844937,A168_HF9F_20260827_0900,2026-08-27 09:00:00,185
1226922|4|901,901,1226922,4,2026-05-03,1,-1,6,17,10,805.3904,801.1892,-490.5869,0.0000,-61.232344,47.3759,134.2317,2.8333,2,1,15,1844938,A168_HF9F_20260827_0900,2026-08-27 09:00:00,185
1226922|40|901,901,1226922,40,2026-05-03,1,-1,17,28,8,2383.5631,2383.5631,-1973.4020,0.9377,-82.792101,85.1273,140.2096,1.6471,0,1,136,1844939,A168_HF9F_20260827_0900,2026-08-27 09:00:00,185
1226922|41|901,901,1226922,41,2026-05-03,1,-1,5,8,5,225.0447,225.0447,-160.4497,0.1680,-71.296810,28.1306,45.0089,1.6000,0,1,10,1844940,A168_HF9F_20260827_0900,2026-08-27 09:00:00,185
1226922|42|901,901,1226922,42,2026-05-03,1,-1,6,7,3,3720.2068,3720.2068,1744.5902,0.1680,46.894979,531.4581,620.0345,1.1667,0,1,15,1844941,A168_HF9F_20260827_0900,2026-08-27 09:00:00,185
1226922|43|901,901,1226922,43,2026-05-03,1,-1,7,8,2,696.2842,696.2842,-491.2535,0.0000,-70.553590,87.0355,99.4692,1.1429,0,1,21,1844942,A168_HF9F_20260827_0900,2026-08-27 09:00:00,185
1226922|44|901,901,1226922,44,2026-05-03,1,-1,15,19,5,2673.5090,139.3382,63.7159,0.0000,45.727524,140.7110,178.2339,1.2667,15,1,105,1844943,A168_HF9F_20260827_0900,2026-08-27 09:00:00,185
1226922|45|901,901,1226922,45,2026-05-03,1,-1,21,34,9,6555.2204,6555.2204,-3152.2827,0.2487,-48.088128,192.8006,312.1534,1.6190,0,1,210,1844944,A168_HF9F_20260827_0900,2026-08-27 09:00:00,185
1226922|46|901,901,1226922,46,2026-05-03,1,-1,11,20,10,1442.4133,1442.4133,1413.7398,0.0000,98.012119,72.1207,131.1285,1.8182,0,1,55,1844945,A168_HF9F_20260827_0900,2026-08-27 09:00:00,185
1226922|47|901,901,1226922,47,2026-05-03,1,-1,9,14,7,447.5527,447.5527,-100.7150,0.0000,-22.503501,31.9680,49.7281,1.5556,0,1,36,1844946,A168_HF9F_20260827_0900,2026-08-27 09:00:00,185
1226922|48|901,901,1226922,48,2026-05-03,1,-1,9,12,6,546.9544,10.0206,10.0206,0.0000,100.000000,45.5795,60.7727,1.3333,8,1,36,1844947,A168_HF9F_20260827_0900,2026-08-27 09:00:00,185
1226922|49|901,901,1226922,49,2026-05-03,1,-1,8,14,7,565.0144,544.0082,-203.4782,0.0945,-37.403522,40.3582,70.6268,1.7500,1,1,28,1844948,A168_HF9F_20260827_0900,2026-08-27 09:00:00,185
1226922|5|901,901,1226922,5,2026-05-03,1,-1,6,17,10,882.3288,882.3288,-706.1263,0.0000,-80.029844,51.9017,147.0548,2.8333,0,1,15,1844949,A168_HF9F_20260827_0900,2026-08-27 09:00:00,185
1226922|50|901,901,1226922,50,2026-05-03,1,-1,4,4,2,130.3428,130.3428,-47.9344,0.0000,-36.775668,32.5857,32.5857,1.0000,0,1,6,1844950,A168_HF9F_20260827_0900,2026-08-27 09:00:00,185
1226922|51|901,901,1226922,51,2026-05-03,1,-1,9,9,2,351.3593,351.3593,113.9375,0.1094,32.427641,39.0399,39.0399,1.0000,0,1,36,1844951,A168_HF9F_20260827_0900,2026-08-27 09:00:00,185
1226922|6|901,901,1226922,6,2026-05-03,1,-1,8,19,10,967.8917,967.8917,883.3658,0.3260,91.267012,50.9417,120.9865,2.3750,0,1,28,1844952,A168_HF9F_20260827_0900,2026-08-27 09:00:00,185
1226922|7|901,901,1226922,7,2026-05-03,1,-1,6,15,10,929.0872,887.0748,824.0562,0.0000,92.895910,61.9391,154.8479,2.5000,2,1,15,1844953,A168_HF9F_20260827_0900,2026-08-27 09:00:00,185
1226922|8|901,901,1226922,8,2026-05-03,1,-1,5,13,10,81.1806,81.1806,7.3210,0.0000,9.018124,6.2447,16.2361,2.6000,0,1,10,1844954,A168_HF9F_20260827_0900,2026-08-27 09:00:00,185
1226922|9|901,901,1226922,9,2026-05-03,1,-1,4,12,10,396.9508,396.9508,354.9384,0.0000,89.416222,33.0792,99.2377,3.0000,0,1,6,1844955,A168_HF9F_20260827_0900,2026-08-27 09:00:00,185
1226959|1|901,901,1226959,1,2026-05-03,1,-1,1,1,1,25.0000,25.0000,25.0000,0.0000,100.000000,25.0000,25.0000,1.0000,0,0,0,1844956,A168_HF9F_20260827_0900,2026-08-27 09:00:00,185
1226959|10|901,901,1226959,10,2026-05-03,1,-1,16,20,5,1226.7232,1226.7232,329.2424,0.5041,26.839177,61.3362,76.6702,1.2500,0,1,120,1844957,A168_HF9F_20260827_0900,2026-08-27 09:00:00,185
1226959|11|901,901,1226959,11,2026-05-03,1,-1,1,1,1,259.4572,259.4572,-246.4844,0.0000,-95.000000,259.4572,259.4572,1.0000,0,0,0,1844958,A168_HF9F_20260827_0900,2026-08-27 09:00:00,185
1226959|12|901,901,1226959,12,2026-05-03,1,-1,1,1,1,52.5155,0.0000,0.0000,0.0000,,52.5155,52.5155,1.0000,1,0,0,1844959,A168_HF9F_20260827_0900,2026-08-27 09:00:00,185
1226959|14|901,901,1226959,14,2026-05-03,1,-1,1,1,1,105.0310,105.0310,-105.0310,0.0000,-100.000000,105.0310,105.0310,1.0000,0,0,0,1844960,A168_HF9F_20260827_0900,2026-08-27 09:00:00,185
1226959|15|901,901,1226959,15,2026-05-03,1,-1,6,7,2,1289.7016,1289.7016,-1284.5125,0.0000,-99.597648,184.2431,214.9503,1.1667,0,1,15,1844961,A168_HF9F_20260827_0900,2026-08-27 09:00:00,185
1226959|16|901,901,1226959,16,2026-05-03,1,-1,6,6,2,955.9375,955.9375,804.1551,0.0000,84.122135,159.3229,159.3229,1.0000,0,1,15,1844962,A168_HF9F_20260827_0900,2026-08-27 09:00:00,185
1226959|17|901,901,1226959,17,2026-05-03,1,-1,5,8,5,642.7209,642.7209,390.6465,0.0000,60.780118,80.3401,128.5442,1.6000,0,1,10,1844963,A168_HF9F_20260827_0900,2026-08-27 09:00:00,185
1226959|18|901,901,1226959,18,2026-05-03,1,-1,3,7,5,138.6409,138.6409,77.1978,0.0000,55.681818,19.8058,46.2136,2.3333,0,1,3,1844964,A168_HF9F_20260827_0900,2026-08-27 09:00:00,185
1226959|19|901,901,1226959,19,2026-05-03,1,-1,7,11,5,341.7091,341.7091,-133.5182,0.0000,-39.073635,31.0645,48.8156,1.5714,0,1,21,1844965,A168_HF9F_20260827_0900,2026-08-27 09:00:00,185
1226959|2|901,901,1226959,2,2026-05-03,1,-1,4,4,1,97.8239,97.8239,-92.9327,0.0000,-95.000000,24.4560,24.4560,1.0000,0,1,6,1844966,A168_HF9F_20260827_0900,2026-08-27 09:00:00,185
1226959|20|901,901,1226959,20,2026-05-03,1,-1,21,34,10,2687.3170,2687.3170,2181.7745,0.0000,81.187834,79.0387,127.9675,1.6190,0,1,210,1844967,A168_HF9F_20260827_0900,2026-08-27 09:00:00,185
1226959|21|901,901,1226959,21,2026-05-03,1,-1,8,11,5,1924.9239,1924.9239,-1102.8913,0.0000,-57.295320,174.9931,240.6155,1.3750,0,1,28,1844968,A168_HF9F_20260827_0900,2026-08-27 09:00:00,185
1226959|22|901,901,1226959,22,2026-05-03,1,-1,7,13,7,1345.6877,1345.6877,-414.6161,0.0000,-30.810720,103.5144,192.2411,1.8571,0,1,21,1844969,A168_HF9F_20260827_0900,2026-08-27 09:00:00,185
1226959|23|901,901,1226959,23,2026-05-03,1,-1,6,10,6,640.5060,16.8050,-27.3081,0.0000,-162.500000,64.0506,106.7510,1.6667,6,1,15,1844970,A168_HF9F_20260827_0900,2026-08-27 09:00:00,185
1226959|24|901,901,1226959,24,2026-05-03,1,-1,4,7,5,148.7297,148.7297,22.6925,0.6458,15.257536,21.2471,37.1824,1.7500,0,1,6,1844971,A168_HF9F_20260827_0900,2026-08-27 09:00:00,185
1226959|25|901,901,1226959,25,2026-05-03,1,-1,17,20,5,2997.8598,2997.8598,1553.2709,0.0945,51.812660,149.8930,176.3447,1.1765,0,1,136,1844972,A168_HF9F_20260827_0900,2026-08-27 09:00:00,185
1226959|26|901,901,1226959,26,2026-05-03,1,-1,5,8,5,639.6233,639.6233,-477.6461,0.0000,-74.676145,79.9529,127.9247,1.6000,0,1,10,1844973,A168_HF9F_20260827_0900,2026-08-27 09:00:00,185
1226959|27|901,901,1226959,27,2026-05-03,1,-1,23,32,8,3941.1188,3920.1127,710.2096,0.0000,18.117070,123.1600,171.3530,1.3913,0,1,253,1844974,A168_HF9F_20260827_0900,2026-08-27 09:00:00,185
1226959|28|901,901,1226959,28,2026-05-03,1,-1,6,16,8,569.3917,569.3917,536.9871,0.0000,94.308909,35.5870,94.8986,2.6667,0,1,15,1844975,A168_HF9F_20260827_0900,2026-08-27 09:00:00,185
1226959|29|901,901,1226959,29,2026-05-03,1,-1,11,22,8,2575.4018,2575.4018,1542.4702,0.0000,59.892409,117.0637,234.1274,2.0000,0,1,55,1844976,A168_HF9F_20260827_0900,2026-08-27 09:00:00,185
1226959|3|901,901,1226959,3,2026-05-03,1,-1,3,6,5,227.9744,227.9744,-3.0938,0.0000,-1.357077,37.9957,75.9915,2.0000,0,1,3,1844977,A168_HF9F_20260827_0900,2026-08-27 09:00:00,185
1226959|30|901,901,1226959,30,2026-05-03,1,-1,10,24,8,670.8674,59.1865,-115.4093,0.0000,-194.992583,27.9528,67.0867,2.4000,10,1,45,1844978,A168_HF9F_20260827_0900,2026-08-27 09:00:00,185
1226959|31|901,901,1226959,31,2026-05-03,1,-1,6,18,8,294.3304,294.3304,42.9852,0.0000,14.604397,16.3517,49.0551,3.0000,0,1,15,1844979,A168_HF9F_20260827_0900,2026-08-27 09:00:00,185
1226959|32|901,901,1226959,32,2026-05-03,1,-1,8,21,8,1724.3086,1724.3086,-1364.2502,0.0000,-79.118675,82.1099,215.5386,2.6250,0,1,28,1844980,A168_HF9F_20260827_0900,2026-08-27 09:00:00,185
1226959|33|901,901,1226959,33,2026-05-03,1,-1,16,27,9,3778.0394,50.1653,-128.8761,0.0000,-256.903093,139.9274,236.1275,1.6875,15,1,120,1844981,A168_HF9F_20260827_0900,2026-08-27 09:00:00,185
1226959|34|901,901,1226959,34,2026-05-03,1,-1,11,25,8,753.8478,749.6466,357.4967,0.0000,47.688693,30.1539,68.5316,2.2727,1,1,55,1844982,A168_HF9F_20260827_0900,2026-08-27 09:00:00,185
1226959|35|901,901,1226959,35,2026-05-03,1,-1,5,23,8,409.6366,409.6366,136.5560,0.0000,33.335897,17.8103,81.9273,4.6000,0,1,10,1844983,A168_HF9F_20260827_0900,2026-08-27 09:00:00,185
1226959|36|901,901,1226959,36,2026-05-03,1,-1,9,23,8,865.6135,63.0186,-144.9428,0.0000,-230.000000,37.6354,96.1793,2.5556,7,1,36,1844984,A168_HF9F_20260827_0900,2026-08-27 09:00:00,185
1226959|37|901,901,1226959,37,2026-05-03,1,-1,6,18,8,417.2962,417.2962,-320.6676,0.0000,-76.844142,23.1831,69.5494,3.0000,0,1,15,1844985,A168_HF9F_20260827_0900,2026-08-27 09:00:00,185
1226959|38|901,901,1226959,38,2026-05-03,1,-1,5,16,7,329.0701,329.0701,-753.3953,0.0000,-228.946733,20.5669,65.8140,3.2000,0,1,10,1844986,A168_HF9F_20260827_0900,2026-08-27 09:00:00,185
1226959|39|901,901,1226959,39,2026-05-03,1,-1,8,17,8,2125.8239,39.9118,-111.3328,0.0000,-278.947368,125.0485,265.7280,2.1250,8,1,28,1844987,A168_HF9F_20260827_0900,2026-08-27 09:00:00,185
1226959|4|901,901,1226959,4,2026-05-03,1,-1,5,12,8,238.4644,238.4644,160.6365,0.0000,67.362867,19.8720,47.6929,2.4000,0,1,10,1844988,A168_HF9F_20260827_0900,2026-08-27 09:00:00,185
1226959|40|901,901,1226959,40,2026-05-03,1,-1,8,17,8,981.0276,37.8112,-94.5279,0.0000,-250.000000,57.7075,122.6284,2.1250,8,1,28,1844989,A168_HF9F_20260827_0900,2026-08-27 09:00:00,185
1226959|41|901,901,1226959,41,2026-05-03,1,-1,4,13,8,578.2543,42.0124,-128.1378,0.0000,-305.000000,44.4811,144.5636,3.2500,4,1,6,1844990,A168_HF9F_20260827_0900,2026-08-27 09:00:00,185
1226959|42|901,901,1226959,42,2026-05-03,1,-1,5,15,8,580.4396,580.4396,495.3314,0.0000,85.337279,38.6960,116.0879,3.0000,0,1,10,1844991,A168_HF9F_20260827_0900,2026-08-27 09:00:00,185
1226959|43|901,901,1226959,43,2026-05-03,1,-1,8,11,5,668.0180,668.0180,-306.1942,0.0000,-45.836217,60.7289,83.5023,1.3750,0,1,28,1844992,A168_HF9F_20260827_0900,2026-08-27 09:00:00,185
1226959|44|901,901,1226959,44,2026-05-03,1,-1,7,9,3,1479.3849,70.5001,-564.0006,0.0000,-800.000000,164.3761,211.3407,1.2857,7,1,21,1844993,A168_HF9F_20260827_0900,2026-08-27 09:00:00,185
1226959|45|901,901,1226959,45,2026-05-03,1,-1,6,6,3,466.7809,466.7809,293.7628,0.0000,62.933774,77.7968,77.7968,1.0000,0,1,15,1844994,A168_HF9F_20260827_0900,2026-08-27 09:00:00,185
1226959|46|901,901,1226959,46,2026-05-03,1,-1,10,13,4,1036.9986,1036.9986,472.7696,0.0000,45.590188,79.7691,103.6999,1.3000,0,1,45,1844995,A168_HF9F_20260827_0900,2026-08-27 09:00:00,185
1226959|47|901,901,1226959,47,2026-05-03,1,-1,11,20,8,646.9957,646.9957,168.1733,0.0000,25.992961,32.3498,58.8178,1.8182,0,1,55,1844996,A168_HF9F_20260827_0900,2026-08-27 09:00:00,185
1226959|48|901,901,1226959,48,2026-05-03,1,-1,11,14,4,1173.1640,1173.1640,501.8942,0.0000,42.781246,83.7974,106.6513,1.2727,0,1,55,1844997,A168_HF9F_20260827_0900,2026-08-27 09:00:00,185
1226959|49|901,901,1226959,49,2026-05-03,1,-1,11,13,4,994.2170,994.2170,-104.1206,0.0000,-10.472619,76.4782,90.3834,1.1818,0,1,55,1844998,A168_HF9F_20260827_0900,2026-08-27 09:00:00,185
1226959|5|901,901,1226959,5,2026-05-03,1,-1,4,10,7,185.8120,185.8120,132.8827,0.0000,71.514607,18.5812,46.4530,2.5000,0,1,6,1844999,A168_HF9F_20260827_0900,2026-08-27 09:00:00,185
1226959|50|901,901,1226959,50,2026-05-03,1,-1,26,38,8,5004.9239,5004.9239,3902.0919,0.0000,77.965061,131.7085,192.4971,1.4615,0,1,325,1845000,A168_HF9F_20260827_0900,2026-08-27 09:00:00,185
1226959|51|901,901,1226959,51,2026-05-03,1,-1,10,15,6,589.6981,589.6981,235.1536,0.0000,39.876951,39.3132,58.9698,1.5000,0,1,45,1845001,A168_HF9F_20260827_0900,2026-08-27 09:00:00,185
1226959|52|901,901,1226959,52,2026-05-03,1,-1,11,16,5,536.5617,437.9034,-173.0254,0.0000,-39.512235,33.5351,48.7783,1.4545,0,1,55,1845002,A168_HF9F_20260827_0900,2026-08-27 09:00:00,185
1226959|53|901,901,1226959,53,2026-05-03,1,-1,7,12,5,317.1233,317.1233,-85.9122,0.0000,-27.091112,26.4269,45.3033,1.7143,0,1,21,1845003,A168_HF9F_20260827_0900,2026-08-27 09:00:00,185
1226959|54|901,901,1226959,54,2026-05-03,1,-1,4,5,3,74.9049,74.9049,34.4296,0.0000,45.964402,14.9810,18.7262,1.2500,0,1,6,1845004,A168_HF9F_20260827_0900,2026-08-27 09:00:00,185
1226959|55|901,901,1226959,55,2026-05-03,1,-1,3,6,4,65.4831,65.4831,65.4831,0.0000,100.000000,10.9138,21.8277,2.0000,0,1,3,1845005,A168_HF9F_20260827_0900,2026-08-27 09:00:00,185
1226959|6|901,901,1226959,6,2026-05-03,1,-1,7,7,2,325.6948,0.0000,0.0000,0.0000,,46.5278,46.5278,1.0000,7,1,21,1845006,A168_HF9F_20260827_0900,2026-08-27 09:00:00,185
1226959|7|901,901,1226959,7,2026-05-03,1,-1,5,6,4,191.8739,191.8739,65.9282,0.0000,34.360163,31.9790,38.3748,1.2000,0,1,10,1845007,A168_HF9F_20260827_0900,2026-08-27 09:00:00,185
1226959|8|901,901,1226959,8,2026-05-03,1,-1,2,2,2,214.7043,214.7043,-185.2957,0.0000,-86.302710,107.3522,107.3522,1.0000,0,1,1,1845008,A168_HF9F_20260827_0900,2026-08-27 09:00:00,185
1226959|9|901,901,1226959,9,2026-05-03,1,-1,5,11,9,597.4330,597.4330,-478.1893,0.0000,-80.040666,54.3121,119.4866,2.2000,0,1,10,1845009,A168_HF9F_20260827_0900,2026-08-27 09:00:00,185
1226999|10|901,901,1226999,10,2026-05-03,1,-1,4,4,2,67.7085,67.7085,-46.9519,0.0000,-69.344206,16.9271,16.9271,1.0000,0,1,6,1845010,A168_HF9F_20260827_0900,2026-08-27 09:00:00,185
1226999|11|901,901,1226999,11,2026-05-03,1,-1,5,5,2,496.1277,496.1277,-354.9547,0.0000,-71.545037,99.2255,99.2255,1.0000,0,1,10,1845011,A168_HF9F_20260827_0900,2026-08-27 09:00:00,185
1226999|12|901,901,1226999,12,2026-05-03,1,-1,6,10,5,1158.8871,1158.8871,-316.5599,0.0000,-27.315857,115.8887,193.1478,1.6667,0,1,15,1845012,A168_HF9F_20260827_0900,2026-08-27 09:00:00,185
1226999|13|901,901,1226999,13,2026-05-03,1,-1,9,10,3,754.4873,2.5946,2.5946,0.0000,100.000000,75.4487,83.8319,1.1111,9,1,36,1845013,A168_HF9F_20260827_0900,2026-08-27 09:00:00,185
1226999|14|901,901,1226999,14,2026-05-03,1,-1,3,3,2,493.0186,493.0186,-408.9938,0.1891,-82.957075,164.3395,164.3395,1.0000,0,1,3,1845014,A168_HF9F_20260827_0900,2026-08-27 09:00:00,185
1226999|15|901,901,1226999,15,2026-05-03,1,-1,5,5,2,688.0269,688.0269,-491.9199,0.0000,-71.497190,137.6054,137.6054,1.0000,0,1,10,1845015,A168_HF9F_20260827_0900,2026-08-27 09:00:00,185
1226999|16|901,901,1226999,16,2026-05-03,1,-1,5,6,3,872.7971,872.7971,-272.4193,0.0000,-31.212216,145.4662,174.5594,1.2000,0,1,10,1845016,A168_HF9F_20260827_0900,2026-08-27 09:00:00,185
1226999|17|901,901,1226999,17,2026-05-03,1,-1,10,11,3,1538.6834,1538.6834,-739.1971,0.0000,-48.040883,139.8803,153.8683,1.1000,0,1,45,1845017,A168_HF9F_20260827_0900,2026-08-27 09:00:00,185
1226999|18|901,901,1226999,18,2026-05-03,1,-1,4,8,5,757.6905,757.6905,-510.5472,0.0000,-67.382030,94.7113,189.4226,2.0000,0,1,6,1845018,A168_HF9F_20260827_0900,2026-08-27 09:00:00,185
1226999|19|901,901,1226999,19,2026-05-03,1,-1,4,7,5,1095.9845,16.2204,-32.4408,0.0000,-200.000000,156.5692,273.9961,1.7500,4,1,6,1845019,A168_HF9F_20260827_0900,2026-08-27 09:00:00,185
1226999|2|901,901,1226999,2,2026-05-03,1,-1,2,2,2,3455.8089,3455.8089,3435.3278,0.0000,99.407344,1727.9044,1727.9044,1.0000,0,1,1,1845020,A168_HF9F_20260827_0900,2026-08-27 09:00:00,185
1226999|20|901,901,1226999,20,2026-05-03,1,-1,4,4,2,839.6970,839.6970,812.8821,0.0000,96.806598,209.9242,209.9242,1.0000,0,1,6,1845021,A168_HF9F_20260827_0900,2026-08-27 09:00:00,185
1226999|21|901,901,1226999,21,2026-05-03,1,-1,22,29,6,3985.8876,3778.3218,-1979.9775,0.9453,-52.403623,137.4444,181.1767,1.3182,2,1,231,1845022,A168_HF9F_20260827_0900,2026-08-27 09:00:00,185
1226999|22|901,901,1226999,22,2026-05-03,1,-1,14,15,3,4266.9245,4266.9245,-2476.2377,0.5672,-58.033313,284.4616,304.7803,1.0714,0,1,91,1845023,A168_HF9F_20260827_0900,2026-08-27 09:00:00,185
1226999|23|901,901,1226999,23,2026-05-03,1,-1,10,10,2,3033.6597,3033.6597,-1789.8768,0.5672,-59.000580,303.3660,303.3660,1.0000,0,1,45,1845024,A168_HF9F_20260827_0900,2026-08-27 09:00:00,185
1226999|24|901,901,1226999,24,2026-05-03,1,-1,10,10,2,4007.8447,0.0000,0.0000,0.0000,,400.7845,400.7845,1.0000,10,1,45,1845025,A168_HF9F_20260827_0900,2026-08-27 09:00:00,185
1226999|25|901,901,1226999,25,2026-05-03,1,-1,9,15,8,1437.1315,1437.1315,-437.1809,0.5672,-30.420384,95.8088,159.6813,1.6667,0,1,36,1845026,A168_HF9F_20260827_0900,2026-08-27 09:00:00,185
1226999|26|901,901,1226999,26,2026-05-03,1,-1,19,20,3,2732.3444,2732.3444,-1164.5469,0.9453,-42.620797,136.6172,143.8076,1.0526,0,1,171,1845027,A168_HF9F_20260827_0900,2026-08-27 09:00:00,185
1226999|27|901,901,1226999,27,2026-05-03,1,-1,21,30,6,2945.3189,2940.9935,-1486.9535,0.6919,-50.559566,98.1773,140.2533,1.4286,1,1,210,1845028,A168_HF9F_20260827_0900,2026-08-27 09:00:00,185
1226999|28|901,901,1226999,28,2026-05-03,1,-1,20,20,3,6265.1033,6265.1033,4340.3301,1.0923,69.277869,313.2552,313.2552,1.0000,0,1,190,1845029,A168_HF9F_20260827_0900,2026-08-27 09:00:00,185
1226999|29|901,901,1226999,29,2026-05-03,1,-1,14,20,6,2211.0032,2211.0032,1299.2450,0.8508,58.762694,110.5502,157.9288,1.4286,0,1,91,1845030,A168_HF9F_20260827_0900,2026-08-27 09:00:00,185
1226999|3|901,901,1226999,3,2026-05-03,1,-1,6,7,3,1389.6576,1389.6576,-1159.2320,0.0592,-83.418538,198.5225,231.6096,1.1667,0,1,15,1845031,A168_HF9F_20260827_0900,2026-08-27 09:00:00,185
1226999|30|901,901,1226999,30,2026-05-03,1,-1,10,15,6,1101.2954,1101.2954,-182.6772,0.5672,-16.587480,73.4197,110.1295,1.5000,0,1,45,1845032,A168_HF9F_20260827_0900,2026-08-27 09:00:00,185
1226999|31|901,901,1226999,31,2026-05-03,1,-1,7,12,6,872.4839,12.6037,-44.1130,0.0000,-350.000000,72.7070,124.6406,1.7143,7,1,21,1845033,A168_HF9F_20260827_0900,2026-08-27 09:00:00,185
1226999|32|901,901,1226999,32,2026-05-03,1,-1,6,10,6,1726.5773,1726.5773,1705.8207,0.3781,98.797819,172.6577,287.7629,1.6667,0,1,15,1845034,A168_HF9F_20260827_0900,2026-08-27 09:00:00,185
1226999|33|901,901,1226999,33,2026-05-03,1,-1,7,12,6,1119.9857,1119.9857,-885.2965,0.0000,-79.045343,93.3321,159.9980,1.7143,0,1,21,1845035,A168_HF9F_20260827_0900,2026-08-27 09:00:00,185
1226999|34|901,901,1226999,34,2026-05-03,1,-1,7,11,6,843.2365,843.2365,-364.9895,0.0000,-43.284356,76.6579,120.4624,1.5714,0,1,21,1845036,A168_HF9F_20260827_0900,2026-08-27 09:00:00,185
1226999|35|901,901,1226999,35,2026-05-03,1,-1,6,10,5,895.1627,895.1627,-829.9236,0.0000,-92.712031,89.5163,149.1938,1.6667,0,1,15,1845037,A168_HF9F_20260827_0900,2026-08-27 09:00:00,185
1226999|36|901,901,1226999,36,2026-05-03,1,-1,11,15,6,971.0594,971.0594,-326.1533,0.0000,-33.587373,64.7373,88.2781,1.3636,0,1,55,1845038,A168_HF9F_20260827_0900,2026-08-27 09:00:00,185
1226999|37|901,901,1226999,37,2026-05-03,1,-1,9,12,6,1053.5334,1053.5334,-750.4888,0.0000,-71.235407,87.7945,117.0593,1.3333,0,1,36,1845039,A168_HF9F_20260827_0900,2026-08-27 09:00:00,185
1226999|38|901,901,1226999,38,2026-05-03,1,-1,12,17,6,1717.4702,1717.4702,-879.1196,0.0000,-51.186893,101.0277,143.1225,1.4167,0,1,66,1845040,A168_HF9F_20260827_0900,2026-08-27 09:00:00,185
1226999|39|901,901,1226999,39,2026-05-03,1,-1,8,12,6,1753.1368,1753.1368,-1612.9653,0.0000,-92.004530,146.0947,219.1421,1.5000,0,1,28,1845041,A168_HF9F_20260827_0900,2026-08-27 09:00:00,185
1226999|4|901,901,1226999,4,2026-05-03,1,-1,4,7,4,175.9040,175.9040,-68.7802,0.0000,-39.100953,25.1291,43.9760,1.7500,0,1,6,1845042,A168_HF9F_20260827_0900,2026-08-27 09:00:00,185
1226999|40|901,901,1226999,40,2026-05-03,1,-1,9,11,5,1158.7945,1158.7945,-27.5457,0.0000,-2.377103,105.3450,128.7549,1.2222,0,1,36,1845043,A168_HF9F_20260827_0900,2026-08-27 09:00:00,185
1226999|41|901,901,1226999,41,2026-05-03,1,-1,7,11,5,925.5850,925.5850,-904.5788,0.3361,-97.730495,84.1441,132.2264,1.5714,0,1,21,1845044,A168_HF9F_20260827_0900,2026-08-27 09:00:00,185
1226999|42|901,901,1226999,42,2026-05-03,1,-1,21,31,9,3262.1460,3262.1460,-2467.1841,0.8276,-75.630705,105.2305,155.3403,1.4762,0,1,210,1845045,A168_HF9F_20260827_0900,2026-08-27 09:00:00,185
1226999|43|901,901,1226999,43,2026-05-03,1,-1,16,27,8,3429.0571,3429.0571,-2924.9229,0.3697,-85.298168,127.0021,214.3161,1.6875,0,1,120,1845046,A168_HF9F_20260827_0900,2026-08-27 09:00:00,185
1226999|44|901,901,1226999,44,2026-05-03,1,-1,24,38,9,9322.4186,9322.4186,-8096.5774,0.9188,-86.850610,245.3268,388.4341,1.5833,0,1,276,1845047,A168_HF9F_20260827_0900,2026-08-27 09:00:00,185
1226999|45|901,901,1226999,45,2026-05-03,1,-1,26,37,8,3300.8587,3300.8587,-2520.5948,0.9398,-76.361789,89.2124,126.9561,1.4231,0,1,325,1845048,A168_HF9F_20260827_0900,2026-08-27 09:00:00,185
1226999|46|901,901,1226999,46,2026-05-03,1,-1,26,47,10,5194.2918,5194.2918,3668.5669,0.4147,70.626893,110.5168,199.7805,1.8077,0,1,325,1845049,A168_HF9F_20260827_0900,2026-08-27 09:00:00,185
1226999|47|901,901,1226999,47,2026-05-03,1,-1,15,25,9,1244.4862,1244.4862,-151.7422,0.3361,-12.193158,49.7794,82.9657,1.6667,0,1,105,1845050,A168_HF9F_20260827_0900,2026-08-27 09:00:00,185
1226999|48|901,901,1226999,48,2026-05-03,1,-1,14,21,8,7567.5593,7567.5593,6575.1880,0.3529,86.886509,360.3600,540.5399,1.5000,0,1,91,1845051,A168_HF9F_20260827_0900,2026-08-27 09:00:00,185
1226999|49|901,901,1226999,49,2026-05-03,1,-1,10,20,9,879.7030,679.7030,-78.4699,0.3361,-11.544737,43.9852,87.9703,2.0000,2,1,45,1845052,A168_HF9F_20260827_0900,2026-08-27 09:00:00,185
1226999|5|901,901,1226999,5,2026-05-03,1,-1,4,6,3,858.7685,858.7685,858.7685,0.0000,100.000000,143.1281,214.6921,1.5000,0,1,6,1845053,A168_HF9F_20260827_0900,2026-08-27 09:00:00,185
1226999|50|901,901,1226999,50,2026-05-03,1,-1,10,20,8,1422.0812,1422.0812,1422.0812,0.7058,100.000000,71.1041,142.2081,2.0000,0,1,45,1845054,A168_HF9F_20260827_0900,2026-08-27 09:00:00,185
1226999|51|901,901,1226999,51,2026-05-03,1,-1,7,11,6,366.7347,366.7347,271.4134,0.4201,74.008122,33.3395,52.3907,1.5714,0,1,21,1845055,A168_HF9F_20260827_0900,2026-08-27 09:00:00,185
1226999|52|901,901,1226999,52,2026-05-03,1,-1,9,13,5,764.8439,764.8439,764.8439,0.3361,100.000000,58.8341,84.9827,1.4444,0,1,36,1845056,A168_HF9F_20260827_0900,2026-08-27 09:00:00,185
1226999|53|901,901,1226999,53,2026-05-03,1,-1,11,13,3,1402.6865,1318.6617,504.4510,0.1680,38.254772,107.8990,127.5170,1.1818,1,1,55,1845057,A168_HF9F_20260827_0900,2026-08-27 09:00:00,185
1226999|54|901,901,1226999,54,2026-05-03,1,-1,11,13,4,794.8976,46.2136,46.2136,0.0000,100.000000,61.1460,72.2634,1.1818,11,1,55,1845058,A168_HF9F_20260827_0900,2026-08-27 09:00:00,185
1226999|6|901,901,1226999,6,2026-05-03,1,-1,3,3,2,1463.3070,0.0000,0.0000,0.0000,,487.7690,487.7690,1.0000,3,1,3,1845059,A168_HF9F_20260827_0900,2026-08-27 09:00:00,185
1226999|7|901,901,1226999,7,2026-05-03,1,-1,1,1,1,105.0310,105.0310,-105.0310,0.0000,-100.000000,105.0310,105.0310,1.0000,0,0,0,1845060,A168_HF9F_20260827_0900,2026-08-27 09:00:00,185
1226999|8|901,901,1226999,8,2026-05-03,1,-1,1,1,1,210.0620,210.0620,210.0620,0.0000,100.000000,210.0620,210.0620,1.0000,0,0,0,1845061,A168_HF9F_20260827_0900,2026-08-27 09:00:00,185
1226999|9|901,901,1226999,9,2026-05-03,1,-1,2,2,1,433.7286,433.7286,433.7286,0.0000,100.000000,216.8643,216.8643,1.0000,0,1,1,1845062,A168_HF9F_20260827_0900,2026-08-27 09:00:00,185
1227037|1|901,901,1227037,1,2026-05-03,1,-1,1,1,1,4.2012,4.2012,4.2012,0.0000,100.000000,4.2012,4.2012,1.0000,0,0,0,1845063,A168_HF9F_20260827_0900,2026-08-27 09:00:00,185
1227037|10|901,901,1227037,10,2026-05-03,1,-1,4,4,2,59.5013,0.0000,0.0000,0.0000,,14.8753,14.8753,1.0000,4,1,6,1845064,A168_HF9F_20260827_0900,2026-08-27 09:00:00,185
1227037|11|901,901,1227037,11,2026-05-03,1,-1,5,5,2,106.7246,106.7246,93.6974,0.0000,87.793621,21.3449,21.3449,1.0000,0,1,10,1845065,A168_HF9F_20260827_0900,2026-08-27 09:00:00,185
1227037|12|901,901,1227037,12,2026-05-03,1,-1,4,4,2,51.5780,51.5780,-16.0599,0.0000,-31.137107,12.8945,12.8945,1.0000,0,1,6,1845066,A168_HF9F_20260827_0900,2026-08-27 09:00:00,185
1227037|13|901,901,1227037,13,2026-05-03,1,-1,7,13,7,255.6835,247.2811,-243.0281,0.0000,-98.280109,19.6680,36.5262,1.8571,1,1,21,1845067,A168_HF9F_20260827_0900,2026-08-27 09:00:00,185
1227037|14|901,901,1227037,14,2026-05-03,1,-1,6,7,3,693.9499,693.9499,230.3228,0.0000,33.190118,99.1357,115.6583,1.1667,0,1,15,1845068,A168_HF9F_20260827_0900,2026-08-27 09:00:00,185
1227037|15|901,901,1227037,15,2026-05-03,1,-1,8,9,3,827.5408,827.5408,20.1169,0.0000,2.430928,91.9490,103.4426,1.1250,0,1,28,1845069,A168_HF9F_20260827_0900,2026-08-27 09:00:00,185
1227037|16|901,901,1227037,16,2026-05-03,1,-1,11,13,4,1255.7176,1255.7176,-518.5578,0.0000,-41.295734,96.5937,114.1561,1.1818,0,1,55,1845070,A168_HF9F_20260827_0900,2026-08-27 09:00:00,185
1227037|17|901,901,1227037,17,2026-05-03,1,-1,7,10,5,533.1927,331.1640,-162.4874,0.0000,-49.065528,53.3193,76.1704,1.4286,0,1,21,1845071,A168_HF9F_20260827_0900,2026-08-27 09:00:00,185
1227037|18|901,901,1227037,18,2026-05-03,1,-1,6,9,4,566.3644,566.3644,502.7106,0.0000,88.760977,62.9294,94.3941,1.5000,0,1,15,1845072,A168_HF9F_20260827_0900,2026-08-27 09:00:00,185
1227037|19|901,901,1227037,19,2026-05-03,1,-1,6,8,4,871.3115,64.6470,49.9914,0.0000,77.329791,108.9139,145.2186,1.3333,6,1,15,1845073,A168_HF9F_20260827_0900,2026-08-27 09:00:00,185
1227037|2|901,901,1227037,2,2026-05-03,1,-1,1,1,1,155.6743,155.6743,155.6743,0.0000,100.000000,155.6743,155.6743,1.0000,0,0,0,1845074,A168_HF9F_20260827_0900,2026-08-27 09:00:00,185
1227037|20|901,901,1227037,20,2026-05-03,1,-1,7,8,3,816.4130,816.4130,86.8535,0.0000,10.638424,102.0516,116.6304,1.1429,0,1,21,1845075,A168_HF9F_20260827_0900,2026-08-27 09:00:00,185
1227037|21|901,901,1227037,21,2026-05-03,1,-1,10,11,3,1000.0562,1000.0562,731.8924,0.0000,73.185129,90.9142,100.0056,1.1000,0,1,45,1845076,A168_HF9F_20260827_0900,2026-08-27 09:00:00,185
1227037|22|901,901,1227037,22,2026-05-03,1,-1,9,14,6,820.6487,820.6487,-423.8193,0.0000,-51.644419,58.6178,91.1832,1.5556,0,1,36,1845077,A168_HF9F_20260827_0900,2026-08-27 09:00:00,185
1227037|23|901,901,1227037,23,2026-05-03,1,-1,7,8,3,534.1054,42.0124,42.0124,0.0000,100.000000,66.7632,76.3008,1.1429,7,1,21,1845078,A168_HF9F_20260827_0900,2026-08-27 09:00:00,185
1227037|24|901,901,1227037,24,2026-05-03,1,-1,12,13,3,1016.0379,1016.0379,54.7610,0.0000,5.389665,78.1568,84.6698,1.0833,0,1,66,1845079,A168_HF9F_20260827_0900,2026-08-27 09:00:00,185
1227037|25|901,901,1227037,25,2026-05-03,1,-1,9,10,3,857.3669,857.3669,-694.2625,0.0000,-80.976129,85.7367,95.2630,1.1111,0,1,36,1845080,A168_HF9F_20260827_0900,2026-08-27 09:00:00,185
1227037|26|901,901,1227037,26,2026-05-03,1,-1,8,9,3,880.3444,880.3444,816.7482,0.0000,92.775986,97.8160,110.0431,1.1250,0,1,28,1845081,A168_HF9F_20260827_0900,2026-08-27 09:00:00,185
1227037|27|901,901,1227037,27,2026-05-03,1,-1,8,9,3,1364.1383,1364.1383,-670.3824,0.0000,-49.143287,151.5709,170.5173,1.1250,0,1,28,1845082,A168_HF9F_20260827_0900,2026-08-27 09:00:00,185
1227037|28|901,901,1227037,28,2026-05-03,1,-1,13,21,9,1368.5398,1366.4392,846.8284,0.0000,61.973369,65.1686,105.2723,1.6154,1,1,78,1845083,A168_HF9F_20260827_0900,2026-08-27 09:00:00,185
1227037|29|901,901,1227037,29,2026-05-03,1,-1,6,13,8,309.9998,30.4590,2.1006,0.0000,6.896552,23.8461,51.6666,2.1667,7,1,15,1845084,A168_HF9F_20260827_0900,2026-08-27 09:00:00,185
1227037|3|901,901,1227037,3,2026-05-03,1,-1,3,6,5,349.0720,349.0720,74.8515,0.0000,21.442997,58.1787,116.3573,2.0000,0,1,3,1845085,A168_HF9F_20260827_0900,2026-08-27 09:00:00,185
1227037|30|901,901,1227037,30,2026-05-03,1,-1,4,11,8,114.6223,110.4211,51.1311,0.0000,46.305546,10.4202,28.6556,2.7500,1,1,6,1845086,A168_HF9F_20260827_0900,2026-08-27 09:00:00,185
1227037|31|901,901,1227037,31,2026-05-03,1,-1,8,16,9,649.5610,647.0402,-73.7874,0.0000,-11.403838,40.5976,81.1951,2.0000,1,1,28,1845087,A168_HF9F_20260827_0900,2026-08-27 09:00:00,185
1227037|32|901,901,1227037,32,2026-05-03,1,-1,5,14,9,528.8636,526.7629,-386.3194,0.0000,-73.338378,37.7760,105.7727,2.8000,1,1,10,1845088,A168_HF9F_20260827_0900,2026-08-27 09:00:00,185
1227037|33|901,901,1227037,33,2026-05-03,1,-1,5,12,8,228.5440,226.4434,-178.2788,0.0000,-78.729959,19.0453,45.7088,2.4000,1,1,10,1845089,A168_HF9F_20260827_0900,2026-08-27 09:00:00,185
1227037|34|901,901,1227037,34,2026-05-03,1,-1,4,9,8,424.8335,424.8335,-397.3490,0.0000,-93.530523,47.2037,106.2084,2.2500,0,1,6,1845090,A168_HF9F_20260827_0900,2026-08-27 09:00:00,185
1227037|35|901,901,1227037,35,2026-05-03,1,-1,7,9,4,2268.3613,2268.3613,1562.3787,0.0000,68.876981,252.0401,324.0516,1.2857,0,1,21,1845091,A168_HF9F_20260827_0900,2026-08-27 09:00:00,185
1227037|36|901,901,1227037,36,2026-05-03,1,-1,3,3,1,94.4347,0.0000,0.0000,0.0000,,31.4782,31.4782,1.0000,3,1,3,1845092,A168_HF9F_20260827_0900,2026-08-27 09:00:00,185
1227037|37|901,901,1227037,37,2026-05-03,1,-1,3,6,5,401.0062,401.0062,-361.0062,0.0000,-90.025092,66.8344,133.6687,2.0000,0,1,3,1845093,A168_HF9F_20260827_0900,2026-08-27 09:00:00,185
1227037|38|901,901,1227037,38,2026-05-03,1,-1,4,4,1,157.0124,157.0124,-157.0124,0.0000,-100.000000,39.2531,39.2531,1.0000,0,1,6,1845094,A168_HF9F_20260827_0900,2026-08-27 09:00:00,185
1227037|39|901,901,1227037,39,2026-05-03,1,-1,3,3,2,75.0124,75.0124,10.6624,0.0000,14.214176,25.0041,25.0041,1.0000,0,1,3,1845095,A168_HF9F_20260827_0900,2026-08-27 09:00:00,185
1227037|4|901,901,1227037,4,2026-05-03,1,-1,4,7,4,433.3242,10.3783,10.3783,0.0000,100.000000,61.9035,108.3310,1.7500,4,1,6,1845096,A168_HF9F_20260827_0900,2026-08-27 09:00:00,185
1227037|40|901,901,1227037,40,2026-05-03,1,-1,4,4,2,1010.1212,1010.1212,-793.6889,0.0000,-78.573627,252.5303,252.5303,1.0000,0,1,6,1845097,A168_HF9F_20260827_0900,2026-08-27 09:00:00,185
1227037|41|901,901,1227037,41,2026-05-03,1,-1,4,5,2,101.8429,10.0000,10.0000,0.0000,100.000000,20.3686,25.4607,1.2500,4,1,6,1845098,A168_HF9F_20260827_0900,2026-08-27 09:00:00,185
1227037|42|901,901,1227037,42,2026-05-03,1,-1,2,2,1,76.0000,76.0000,76.0000,0.0000,100.000000,38.0000,38.0000,1.0000,0,1,1,1845099,A168_HF9F_20260827_0900,2026-08-27 09:00:00,185
1227037|43|901,901,1227037,43,2026-05-03,1,-1,5,5,1,302.8841,292.3810,-278.2871,0.3361,-95.179613,60.5768,60.5768,1.0000,0,1,10,1845100,A168_HF9F_20260827_0900,2026-08-27 09:00:00,185
1227037|44|901,901,1227037,44,2026-05-03,1,-1,2,2,1,277.2723,277.2723,277.2723,0.0000,100.000000,138.6362,138.6362,1.0000,0,1,1,1845101,A168_HF9F_20260827_0900,2026-08-27 09:00:00,185
1227037|45|901,901,1227037,45,2026-05-03,1,-1,1,1,1,216.2723,216.2723,-205.4587,0.0000,-95.000000,216.2723,216.2723,1.0000,0,0,0,1845102,A168_HF9F_20260827_0900,2026-08-27 09:00:00,185
1227037|46|901,901,1227037,46,2026-05-03,1,-1,2,2,2,251.2723,251.2723,-181.2723,0.0000,-72.141779,125.6362,125.6362,1.0000,0,1,1,1845103,A168_HF9F_20260827_0900,2026-08-27 09:00:00,185
1227037|47|901,901,1227037,47,2026-05-03,1,-1,4,4,2,268.7897,268.7897,268.7897,0.0000,100.000000,67.1974,67.1974,1.0000,0,1,6,1845104,A168_HF9F_20260827_0900,2026-08-27 09:00:00,185
1227037|48|901,901,1227037,48,2026-05-03,1,-1,4,8,6,421.5678,421.5678,-279.1406,0.0000,-66.214865,52.6960,105.3920,2.0000,0,1,6,1845105,A168_HF9F_20260827_0900,2026-08-27 09:00:00,185
1227037|49|901,901,1227037,49,2026-05-03,1,-1,4,5,3,1250.0045,1250.0045,50.0045,0.0000,4.000349,250.0009,312.5011,1.2500,0,1,6,1845106,A168_HF9F_20260827_0900,2026-08-27 09:00:00,185
1227037|5|901,901,1227037,5,2026-05-03,1,-1,4,9,7,49.1264,49.1264,13.3930,0.0000,27.262315,5.4585,12.2816,2.2500,0,1,6,1845107,A168_HF9F_20260827_0900,2026-08-27 09:00:00,185
1227037|50|901,901,1227037,50,2026-05-03,1,-1,5,6,3,769.2916,769.2916,753.2916,0.0000,97.920165,128.2153,153.8583,1.2000,0,1,10,1845108,A168_HF9F_20260827_0900,2026-08-27 09:00:00,185
1227037|51|901,901,1227037,51,2026-05-03,1,-1,5,6,3,3714.5560,3714.5560,-1718.4815,0.0000,-46.263443,619.0927,742.9112,1.2000,0,1,10,1845109,A168_HF9F_20260827_0900,2026-08-27 09:00:00,185
1227037|52|901,901,1227037,52,2026-05-03,1,-1,3,4,3,1152.6686,1152.6686,287.5793,0.0000,24.948999,288.1671,384.2229,1.3333,0,1,3,1845110,A168_HF9F_20260827_0900,2026-08-27 09:00:00,185
1227037|53|901,901,1227037,53,2026-05-03,1,-1,1,1,1,432.5447,432.5447,-432.5447,0.0000,-100.000000,432.5447,432.5447,1.0000,0,0,0,1845111,A168_HF9F_20260827_0900,2026-08-27 09:00:00,185
1227037|6|901,901,1227037,6,2026-05-03,1,-1,7,7,2,621.9739,621.9739,521.9739,0.0000,83.922155,88.8534,88.8534,1.0000,0,1,21,1845112,A168_HF9F_20260827_0900,2026-08-27 09:00:00,185
1227037|7|901,901,1227037,7,2026-05-03,1,-1,4,4,2,118.5392,118.5392,-98.2657,0.0420,-82.897220,29.6348,29.6348,1.0000,0,1,6,1845113,A168_HF9F_20260827_0900,2026-08-27 09:00:00,185
1227037|8|901,901,1227037,8,2026-05-03,1,-1,7,8,3,429.5982,429.5982,416.4903,0.0000,96.948808,53.6998,61.3712,1.1429,0,1,21,1845114,A168_HF9F_20260827_0900,2026-08-27 09:00:00,185
1227037|9|901,901,1227037,9,2026-05-03,1,-1,2,2,2,15.8605,15.8605,9.3469,0.0000,58.931967,7.9303,7.9303,1.0000,0,1,1,1845115,A168_HF9F_20260827_0900,2026-08-27 09:00:00,185
1227072|10|901,901,1227072,10,2026-05-03,1,-1,1,1,1,10.5031,10.5031,10.5031,0.0000,100.000000,10.5031,10.5031,1.0000,0,0,0,1845116,A168_HF9F_20260827_0900,2026-08-27 09:00:00,185
1227072|11|901,901,1227072,11,2026-05-03,1,-1,4,4,2,2757.2607,2757.2607,2738.7753,0.0000,99.329572,689.3152,689.3152,1.0000,0,1,6,1845117,A168_HF9F_20260827_0900,2026-08-27 09:00:00,185
1227072|12|901,901,1227072,12,2026-05-03,1,-1,2,2,1,485.7494,485.7494,485.7494,0.0000,100.000000,242.8747,242.8747,1.0000,0,1,1,1845118,A168_HF9F_20260827_0900,2026-08-27 09:00:00,185
1227072|13|901,901,1227072,13,2026-05-03,1,-1,3,4,3,82.3595,82.3595,77.1703,0.0000,93.699397,20.5899,27.4532,1.3333,0,1,3,1845119,A168_HF9F_20260827_0900,2026-08-27 09:00:00,185
1227072|14|901,901,1227072,14,2026-05-03,1,-1,2,2,1,261.4823,261.4823,-248.4082,0.0000,-95.000000,130.7412,130.7412,1.0000,0,1,1,1845120,A168_HF9F_20260827_0900,2026-08-27 09:00:00,185
1227072|15|901,901,1227072,15,2026-05-03,1,-1,12,12,2,1382.5269,1382.5269,-1371.3775,2.1006,-99.193550,115.2106,115.2106,1.0000,0,1,66,1845121,A168_HF9F_20260827_0900,2026-08-27 09:00:00,185
1227072|16|901,901,1227072,16,2026-05-03,1,-1,18,20,4,11050.7416,11042.3391,-10310.8907,2.1930,-93.375965,552.5371,613.9301,1.1111,0,1,153,1845122,A168_HF9F_20260827_0900,2026-08-27 09:00:00,185
1227072|17|901,901,1227072,17,2026-05-03,1,-1,22,24,3,14345.3658,14345.3658,14345.3658,2.1006,100.000000,597.7236,652.0621,1.0909,0,1,231,1845123,A168_HF9F_20260827_0900,2026-08-27 09:00:00,185
1227072|18|901,901,1227072,18,2026-05-03,1,-1,7,11,5,1099.3333,35.2074,-97.1316,0.0000,-275.883774,99.9394,157.0476,1.5714,7,1,21,1845124,A168_HF9F_20260827_0900,2026-08-27 09:00:00,185
1227072|19|901,901,1227072,19,2026-05-03,1,-1,5,9,6,140.8043,140.8043,140.8043,0.3361,100.000000,15.6449,28.1609,1.8000,0,1,10,1845125,A168_HF9F_20260827_0900,2026-08-27 09:00:00,185
1227072|2|901,901,1227072,2,2026-05-03,1,-1,1,1,1,7.7837,7.7837,7.7837,0.0000,100.000000,7.7837,7.7837,1.0000,0,0,0,1845126,A168_HF9F_20260827_0900,2026-08-27 09:00:00,185
1227072|20|901,901,1227072,20,2026-05-03,1,-1,5,5,2,288.6036,0.0000,0.0000,0.0000,,57.7207,57.7207,1.0000,5,1,10,1845127,A168_HF9F_20260827_0900,2026-08-27 09:00:00,185
1227072|21|901,901,1227072,21,2026-05-03,1,-1,3,4,4,321.8518,321.8518,-184.0898,0.0000,-57.197082,80.4629,107.2839,1.3333,0,1,3,1845128,A168_HF9F_20260827_0900,2026-08-27 09:00:00,185
1227072|22|901,901,1227072,22,2026-05-03,1,-1,7,11,5,476.6242,476.6242,288.5670,0.0000,60.543910,43.3295,68.0892,1.5714,0,1,21,1845129,A168_HF9F_20260827_0900,2026-08-27 09:00:00,185
1227072|23|901,901,1227072,23,2026-05-03,1,-1,3,3,1,551.9866,551.9866,-551.9866,0.0000,-100.000000,183.9955,183.9955,1.0000,0,1,3,1845130,A168_HF9F_20260827_0900,2026-08-27 09:00:00,185
1227072|24|901,901,1227072,24,2026-05-03,1,-1,7,11,7,571.1693,571.1693,-145.4330,0.0000,-25.462325,51.9245,81.5956,1.5714,0,1,21,1845131,A168_HF9F_20260827_0900,2026-08-27 09:00:00,185
1227072|25|901,901,1227072,25,2026-05-03,1,-1,5,5,1,1010.0093,1010.0093,-1010.0093,0.0000,-100.000000,202.0019,202.0019,1.0000,0,1,10,1845132,A168_HF9F_20260827_0900,2026-08-27 09:00:00,185
1227072|26|901,901,1227072,26,2026-05-03,1,-1,8,11,5,1261.9547,1261.9547,630.0059,0.0000,49.923018,114.7232,157.7443,1.3750,0,1,28,1845133,A168_HF9F_20260827_0900,2026-08-27 09:00:00,185
1227072|27|901,901,1227072,27,2026-05-03,1,-1,5,5,2,190.7856,190.7856,90.7856,0.0000,47.585151,38.1571,38.1571,1.0000,0,1,10,1845134,A168_HF9F_20260827_0900,2026-08-27 09:00:00,185
1227072|28|901,901,1227072,28,2026-05-03,1,-1,4,4,2,170.7856,170.7856,-133.5729,0.0000,-78.210848,42.6964,42.6964,1.0000,0,1,6,1845135,A168_HF9F_20260827_0900,2026-08-27 09:00:00,185
1227072|29|901,901,1227072,29,2026-05-03,1,-1,3,3,1,115.6922,115.6922,-115.6922,0.0000,-100.000000,38.5641,38.5641,1.0000,0,1,3,1845136,A168_HF9F_20260827_0900,2026-08-27 09:00:00,185
1227072|30|901,901,1227072,30,2026-05-03,1,-1,14,15,3,4311.3094,4311.3094,4290.3032,1.6805,99.512765,287.4206,307.9507,1.0714,0,1,91,1845137,A168_HF9F_20260827_0900,2026-08-27 09:00:00,185
1227072|31|901,901,1227072,31,2026-05-03,1,-1,7,7,2,555.0571,555.0571,463.0141,0.0000,83.417382,79.2939,79.2939,1.0000,0,1,21,1845138,A168_HF9F_20260827_0900,2026-08-27 09:00:00,185
1227072|32|901,901,1227072,32,2026-05-03,1,-1,6,7,4,427.3503,427.3503,118.4450,0.0000,27.716132,61.0500,71.2251,1.1667,0,1,15,1845139,A168_HF9F_20260827_0900,2026-08-27 09:00:00,185
1227072|33|901,901,1227072,33,2026-05-03,1,-1,7,10,5,974.3033,974.3033,806.2538,1.6805,82.751822,97.4303,139.1862,1.4286,0,1,21,1845140,A168_HF9F_20260827_0900,2026-08-27 09:00:00,185
1227072|34|901,901,1227072,34,2026-05-03,1,-1,9,10,3,309.1428,2.5946,-20.7566,0.0000,-800.000000,30.9143,34.3492,1.1111,9,1,36,1845141,A168_HF9F_20260827_0900,2026-08-27 09:00:00,185
1227072|35|901,901,1227072,35,2026-05-03,1,-1,8,11,5,1469.3451,1469.3451,-1297.5689,0.0000,-88.309332,133.5768,183.6681,1.3750,0,1,28,1845142,A168_HF9F_20260827_0900,2026-08-27 09:00:00,185
1227072|36|901,901,1227072,36,2026-05-03,1,-1,4,4,2,101.0680,0.0000,0.0000,0.0000,,25.2670,25.2670,1.0000,4,1,6,1845143,A168_HF9F_20260827_0900,2026-08-27 09:00:00,185
1227072|37|901,901,1227072,37,2026-05-03,1,-1,4,4,2,110.1662,110.1662,-10.1662,0.0000,-9.228064,27.5416,27.5416,1.0000,0,1,6,1845144,A168_HF9F_20260827_0900,2026-08-27 09:00:00,185
1227072|38|901,901,1227072,38,2026-05-03,1,-1,6,6,2,2034.0572,2034.0572,-1966.5983,0.0000,-96.683531,339.0095,339.0095,1.0000,0,1,15,1845145,A168_HF9F_20260827_0900,2026-08-27 09:00:00,185
1227072|39|901,901,1227072,39,2026-05-03,1,-1,9,9,2,1020.5265,1020.5265,-722.6623,0.0000,-70.812695,113.3918,113.3918,1.0000,0,1,36,1845146,A168_HF9F_20260827_0900,2026-08-27 09:00:00,185
1227072|4|901,901,1227072,4,2026-05-03,1,-1,1,3,3,440.0000,440.0000,-340.0000,0.0000,-77.272727,146.6667,440.0000,3.0000,0,0,0,1845147,A168_HF9F_20260827_0900,2026-08-27 09:00:00,185
1227072|40|901,901,1227072,40,2026-05-03,1,-1,10,12,4,1300.0535,1300.0535,1182.0724,0.0000,90.924908,108.3378,130.0053,1.2000,0,1,45,1845148,A168_HF9F_20260827_0900,2026-08-27 09:00:00,185
1227072|41|901,901,1227072,41,2026-05-03,1,-1,5,6,2,1921.5268,6.8399,-54.7196,0.0000,-800.000000,320.2545,384.3054,1.2000,5,1,10,1845149,A168_HF9F_20260827_0900,2026-08-27 09:00:00,185
1227072|42|901,901,1227072,42,2026-05-03,1,-1,4,4,1,162.0369,0.0000,0.0000,0.0000,,40.5092,40.5092,1.0000,4,1,6,1845150,A168_HF9F_20260827_0900,2026-08-27 09:00:00,185
1227072|43|901,901,1227072,43,2026-05-03,1,-1,4,4,2,123.3551,123.3551,-95.9953,0.0000,-77.820299,30.8388,30.8388,1.0000,0,1,6,1845151,A168_HF9F_20260827_0900,2026-08-27 09:00:00,185
1227072|44|901,901,1227072,44,2026-05-03,1,-1,7,11,5,482.3850,282.3850,162.6909,0.0000,57.613139,43.8532,68.9121,1.5714,2,1,21,1845152,A168_HF9F_20260827_0900,2026-08-27 09:00:00,185
1227072|45|901,901,1227072,45,2026-05-03,1,-1,6,7,3,285.3937,285.3937,113.1302,0.0000,39.640046,40.7705,47.5656,1.1667,0,1,15,1845153,A168_HF9F_20260827_0900,2026-08-27 09:00:00,185
1227072|46|901,901,1227072,46,2026-05-03,1,-1,5,5,2,1130.2490,1130.2490,790.1421,0.0000,69.908675,226.0498,226.0498,1.0000,0,1,10,1845154,A168_HF9F_20260827_0900,2026-08-27 09:00:00,185
1227072|47|901,901,1227072,47,2026-05-03,1,-1,4,4,2,232.8643,232.8643,-195.9240,0.0000,-84.136558,58.2161,58.2161,1.0000,0,1,6,1845155,A168_HF9F_20260827_0900,2026-08-27 09:00:00,185
1227072|48|901,901,1227072,48,2026-05-03,1,-1,4,6,4,308.0486,308.0486,4.2657,0.0000,1.384763,51.3414,77.0122,1.5000,0,1,6,1845156,A168_HF9F_20260827_0900,2026-08-27 09:00:00,185
1227072|49|901,901,1227072,49,2026-05-03,1,-1,4,4,2,537.2944,537.2944,18.3799,0.0000,3.420834,134.3236,134.3236,1.0000,0,1,6,1845157,A168_HF9F_20260827_0900,2026-08-27 09:00:00,185
1227072|5|901,901,1227072,5,2026-05-03,1,-1,1,1,1,94.7459,94.7459,-90.0086,0.0000,-95.000000,94.7459,94.7459,1.0000,0,0,0,1845158,A168_HF9F_20260827_0900,2026-08-27 09:00:00,185
1227072|50|901,901,1227072,50,2026-05-03,1,-1,3,3,2,170.0534,170.0534,133.7294,0.0000,78.639651,56.6845,56.6845,1.0000,0,1,3,1845159,A168_HF9F_20260827_0900,2026-08-27 09:00:00,185
1227072|51|901,901,1227072,51,2026-05-03,1,-1,2,3,3,70.7566,70.7566,-26.7434,0.0000,-37.796377,23.5855,35.3783,1.5000,0,1,1,1845160,A168_HF9F_20260827_0900,2026-08-27 09:00:00,185
1227072|52|901,901,1227072,52,2026-05-03,1,-1,6,9,5,2488.6494,2488.6494,2159.2227,0.0000,86.762830,276.5166,414.7749,1.5000,0,1,15,1845161,A168_HF9F_20260827_0900,2026-08-27 09:00:00,185
1227072|53|901,901,1227072,53,2026-05-03,1,-1,4,7,5,305.7658,305.7658,-403.4139,0.0000,-131.935597,43.6808,76.4414,1.7500,0,1,6,1845162,A168_HF9F_20260827_0900,2026-08-27 09:00:00,185
1227072|54|901,901,1227072,54,2026-05-03,1,-1,3,3,2,957.3581,957.3581,788.4520,0.0000,82.357060,319.1194,319.1194,1.0000,0,1,3,1845163,A168_HF9F_20260827_0900,2026-08-27 09:00:00,185
1227072|55|901,901,1227072,55,2026-05-03,1,-1,6,9,5,1053.5635,27.8461,27.8461,0.0000,100.000000,117.0626,175.5939,1.5000,6,1,15,1845164,A168_HF9F_20260827_0900,2026-08-27 09:00:00,185
1227072|6|901,901,1227072,6,2026-05-03,1,-1,13,13,2,5190.0324,5190.0324,5157.8597,1.1864,99.380106,399.2333,399.2333,1.0000,0,1,78,1845165,A168_HF9F_20260827_0900,2026-08-27 09:00:00,185
1227072|7|901,901,1227072,7,2026-05-03,1,-1,1,1,1,170.9986,170.9986,170.9986,0.0000,100.000000,170.9986,170.9986,1.0000,0,0,0,1845166,A168_HF9F_20260827_0900,2026-08-27 09:00:00,185
1227072|8|901,901,1227072,8,2026-05-03,1,-1,2,2,1,52.5155,52.5155,52.5155,0.2836,100.000000,26.2577,26.2577,1.0000,0,1,1,1845167,A168_HF9F_20260827_0900,2026-08-27 09:00:00,185
1227072|9|901,901,1227072,9,2026-05-03,1,-1,1,1,1,0.8729,0.0000,0.0000,0.0000,,0.8729,0.8729,1.0000,1,0,0,1845168,A168_HF9F_20260827_0900,2026-08-27 09:00:00,185
1227106|11|901,901,1227106,11,2026-05-03,1,-1,1,1,1,20.5198,20.5198,20.5198,0.0000,100.000000,20.5198,20.5198,1.0000,0,0,0,1845169,A168_HF9F_20260827_0900,2026-08-27 09:00:00,185
1227106|12|901,901,1227106,12,2026-05-03,1,-1,2,2,1,114.1612,114.1612,114.1612,0.0000,100.000000,57.0806,57.0806,1.0000,0,1,1,1845170,A168_HF9F_20260827_0900,2026-08-27 09:00:00,185
1227106|13|901,901,1227106,13,2026-05-03,1,-1,2,2,1,924.7965,924.7965,924.7965,0.0000,100.000000,462.3982,462.3982,1.0000,0,1,1,1845171,A168_HF9F_20260827_0900,2026-08-27 09:00:00,185
1227106|14|901,901,1227106,14,2026-05-03,1,-1,3,5,4,503.2091,503.2091,-275.1625,0.0000,-54.681553,100.6418,167.7364,1.6667,0,1,3,1845172,A168_HF9F_20260827_0900,2026-08-27 09:00:00,185
1227106|16|901,901,1227106,16,2026-05-03,1,-1,1,1,1,872.9050,0.0000,0.0000,0.0000,,872.9050,872.9050,1.0000,1,0,0,1845173,A168_HF9F_20260827_0900,2026-08-27 09:00:00,185
1227106|17|901,901,1227106,17,2026-05-03,1,-1,1,1,1,7.8927,7.8927,-7.4980,0.0000,-95.000000,7.8927,7.8927,1.0000,0,0,0,1845174,A168_HF9F_20260827_0900,2026-08-27 09:00:00,185
1227106|18|901,901,1227106,18,2026-05-03,1,-1,6,6,2,499.2519,499.2519,-434.3282,0.0000,-86.995792,83.2087,83.2087,1.0000,0,1,15,1845175,A168_HF9F_20260827_0900,2026-08-27 09:00:00,185
1227106|19|901,901,1227106,19,2026-05-03,1,-1,4,8,6,1032.1724,1032.1724,812.2314,0.0000,78.691446,129.0216,258.0431,2.0000,0,1,6,1845176,A168_HF9F_20260827_0900,2026-08-27 09:00:00,185
1227106|20|901,901,1227106,20,2026-05-03,1,-1,3,5,3,522.8572,522.8572,522.8572,0.0000,100.000000,104.5714,174.2857,1.6667,0,1,3,1845177,A168_HF9F_20260827_0900,2026-08-27 09:00:00,185
1227106|21|901,901,1227106,21,2026-05-03,1,-1,5,6,3,396.6281,20.0000,20.0000,0.0000,100.000000,66.1047,79.3256,1.2000,5,1,10,1845178,A168_HF9F_20260827_0900,2026-08-27 09:00:00,185
1227106|22|901,901,1227106,22,2026-05-03,1,-1,3,6,5,308.5494,45.9457,45.9457,0.0000,100.000000,51.4249,102.8498,2.0000,2,1,3,1845179,A168_HF9F_20260827_0900,2026-08-27 09:00:00,185
1227106|23|901,901,1227106,23,2026-05-03,1,-1,2,4,4,221.8390,221.8390,-129.1610,0.0000,-58.222863,55.4597,110.9195,2.0000,0,1,1,1845180,A168_HF9F_20260827_0900,2026-08-27 09:00:00,185
1227106|24|901,901,1227106,24,2026-05-03,1,-1,2,3,2,463.7829,60.0000,60.0000,0.0000,100.000000,154.5943,231.8914,1.5000,2,1,1,1845181,A168_HF9F_20260827_0900,2026-08-27 09:00:00,185
1227106|25|901,901,1227106,25,2026-05-03,1,-1,1,2,2,310.0000,310.0000,310.0000,0.0000,100.000000,155.0000,310.0000,2.0000,0,0,0,1845182,A168_HF9F_20260827_0900,2026-08-27 09:00:00,185
1227106|27|901,901,1227106,27,2026-05-03,1,-1,4,5,2,211.0027,2.1006,-16.8050,0.0000,-800.000000,42.2005,52.7507,1.2500,4,1,6,1845183,A168_HF9F_20260827_0900,2026-08-27 09:00:00,185
1227106|28|901,901,1227106,28,2026-05-03,1,-1,4,5,2,137.0943,137.0943,137.0943,0.0000,100.000000,27.4189,34.2736,1.2500,0,1,6,1845184,A168_HF9F_20260827_0900,2026-08-27 09:00:00,185
1227106|3|901,901,1227106,3,2026-05-03,1,-1,2,3,3,853.6110,6.8399,6.8399,0.0000,100.000000,284.5370,426.8055,1.5000,2,1,1,1845185,A168_HF9F_20260827_0900,2026-08-27 09:00:00,185
1227106|31|901,901,1227106,31,2026-05-03,1,-1,3,7,6,378.3642,378.3642,-169.4040,0.0000,-44.772731,54.0520,126.1214,2.3333,0,1,3,1845186,A168_HF9F_20260827_0900,2026-08-27 09:00:00,185
1227106|32|901,901,1227106,32,2026-05-03,1,-1,2,5,4,233.0730,233.0730,233.0730,0.0000,100.000000,46.6146,116.5365,2.5000,0,1,1,1845187,A168_HF9F_20260827_0900,2026-08-27 09:00:00,185
1227106|33|901,901,1227106,33,2026-05-03,1,-1,3,3,3,212.3105,212.3105,56.6361,0.0000,26.676095,70.7702,70.7702,1.0000,0,1,3,1845188,A168_HF9F_20260827_0900,2026-08-27 09:00:00,185
1227106|34|901,901,1227106,34,2026-05-03,1,-1,2,4,4,77.0989,56.0927,18.2815,0.0000,32.591645,19.2747,38.5494,2.0000,1,1,1,1845189,A168_HF9F_20260827_0900,2026-08-27 09:00:00,185
1227106|35|901,901,1227106,35,2026-05-03,1,-1,3,6,4,244.5244,202.5120,203.5623,0.0000,100.518641,40.7541,81.5081,2.0000,1,1,3,1845190,A168_HF9F_20260827_0900,2026-08-27 09:00:00,185
1227106|36|901,901,1227106,36,2026-05-03,1,-1,2,3,3,19.2747,19.2747,-6.0224,0.0000,-31.244857,6.4249,9.6374,1.5000,0,1,1,1845191,A168_HF9F_20260827_0900,2026-08-27 09:00:00,185
1227106|37|901,901,1227106,37,2026-05-03,1,-1,1,2,2,23.1068,23.1068,23.1068,0.0000,100.000000,11.5534,23.1068,2.0000,0,0,0,1845192,A168_HF9F_20260827_0900,2026-08-27 09:00:00,185
1227106|38|901,901,1227106,38,2026-05-03,1,-1,3,3,1,113.1733,113.1733,113.1733,0.0000,100.000000,37.7244,37.7244,1.0000,0,1,3,1845193,A168_HF9F_20260827_0900,2026-08-27 09:00:00,185
1227106|39|901,901,1227106,39,2026-05-03,1,-1,3,3,3,48.9041,48.9041,40.7116,0.0000,83.247984,16.3014,16.3014,1.0000,0,1,3,1845194,A168_HF9F_20260827_0900,2026-08-27 09:00:00,185
1227106|40|901,901,1227106,40,2026-05-03,1,-1,4,6,3,224.4314,224.4314,224.4314,0.0000,100.000000,37.4052,56.1079,1.5000,0,1,6,1845195,A168_HF9F_20260827_0900,2026-08-27 09:00:00,185
1227106|43|901,901,1227106,43,2026-05-03,1,-1,2,2,2,41.6380,0.0000,0.0000,0.0000,,20.8190,20.8190,1.0000,2,1,1,1845196,A168_HF9F_20260827_0900,2026-08-27 09:00:00,185
1227106|45|901,901,1227106,45,2026-05-03,1,-1,3,4,3,34.6253,34.6253,13.6192,0.0000,39.332897,8.6563,11.5418,1.3333,0,1,3,1845197,A168_HF9F_20260827_0900,2026-08-27 09:00:00,185
1227106|46|901,901,1227106,46,2026-05-03,1,-1,4,6,4,197.6978,197.6978,197.6978,0.0000,100.000000,32.9496,49.4245,1.5000,0,1,6,1845198,A168_HF9F_20260827_0900,2026-08-27 09:00:00,185
1227106|47|901,901,1227106,47,2026-05-03,1,-1,3,3,2,63.0186,63.0186,42.5375,0.0000,67.500000,21.0062,21.0062,1.0000,0,1,3,1845199,A168_HF9F_20260827_0900,2026-08-27 09:00:00,185
1227106|48|901,901,1227106,48,2026-05-03,1,-1,2,2,2,88.3403,88.3403,67.3341,0.0000,76.221265,44.1701,44.1701,1.0000,0,1,1,1845200,A168_HF9F_20260827_0900,2026-08-27 09:00:00,185
1227106|49|901,901,1227106,49,2026-05-03,1,-1,2,2,1,160.5031,160.5031,160.5031,0.0000,100.000000,80.2515,80.2515,1.0000,0,1,1,1845201,A168_HF9F_20260827_0900,2026-08-27 09:00:00,185
1227106|50|901,901,1227106,50,2026-05-03,1,-1,7,7,2,1086.3029,1086.3029,1065.2967,0.0000,98.066267,155.1861,155.1861,1.0000,0,1,21,1845202,A168_HF9F_20260827_0900,2026-08-27 09:00:00,185
1227106|51|901,901,1227106,51,2026-05-03,1,-1,3,3,2,203.4025,203.4025,-184.3475,0.0000,-90.631895,67.8008,67.8008,1.0000,0,1,3,1845203,A168_HF9F_20260827_0900,2026-08-27 09:00:00,185
1227106|52|901,901,1227106,52,2026-05-03,1,-1,3,3,2,567.3165,567.3165,-427.3165,0.0000,-75.322417,189.1055,189.1055,1.0000,0,1,3,1845204,A168_HF9F_20260827_0900,2026-08-27 09:00:00,185
1227106|53|901,901,1227106,53,2026-05-03,1,-1,3,3,2,820.0552,570.0552,-132.3214,0.0000,-23.212034,273.3517,273.3517,1.0000,0,1,3,1845205,A168_HF9F_20260827_0900,2026-08-27 09:00:00,185
1227106|6|901,901,1227106,6,2026-05-03,1,-1,1,1,1,21.0062,21.0062,21.0062,0.0000,100.000000,21.0062,21.0062,1.0000,0,0,0,1845206,A168_HF9F_20260827_0900,2026-08-27 09:00:00,185
1227106|8|901,901,1227106,8,2026-05-03,1,-1,4,8,5,333.0364,333.0364,-246.9110,0.8402,-74.139345,41.6296,83.2591,2.0000,0,1,6,1845207,A168_HF9F_20260827_0900,2026-08-27 09:00:00,185
1227106|9|901,901,1227106,9,2026-05-03,1,-1,2,2,2,912.8168,912.8168,834.9888,0.0000,91.473869,456.4084,456.4084,1.0000,0,1,1,1845208,A168_HF9F_20260827_0900,2026-08-27 09:00:00,185
1227138|10|901,901,1227138,10,2026-05-03,1,-1,7,12,5,191.3049,191.3049,56.5396,0.2017,29.554728,15.9421,27.3293,1.7143,0,1,21,1845209,A168_HF9F_20260827_0900,2026-08-27 09:00:00,185
1227138|11|901,901,1227138,11,2026-05-03,1,-1,7,10,5,224.5270,224.5270,-162.4756,0.0840,-72.363496,22.4527,32.0753,1.4286,0,1,21,1845210,A168_HF9F_20260827_0900,2026-08-27 09:00:00,185
1227138|12|901,901,1227138,12,2026-05-03,1,-1,4,9,5,56.4671,56.4671,25.0826,0.2017,44.419885,6.2741,14.1168,2.2500,0,1,6,1845211,A168_HF9F_20260827_0900,2026-08-27 09:00:00,185
1227138|13|901,901,1227138,13,2026-05-03,1,-1,4,7,4,930.9788,930.9788,-956.1862,0.3193,-102.707627,132.9970,232.7447,1.7500,0,1,6,1845212,A168_HF9F_20260827_0900,2026-08-27 09:00:00,185
1227138|14|901,901,1227138,14,2026-05-03,1,-1,10,14,4,418.0005,418.0005,418.0005,0.2353,100.000000,29.8572,41.8001,1.4000,0,1,45,1845213,A168_HF9F_20260827_0900,2026-08-27 09:00:00,185
1227138|15|901,901,1227138,15,2026-05-03,1,-1,7,10,5,1194.6123,1194.6123,772.8812,0.5041,64.697245,119.4612,170.6589,1.4286,0,1,21,1845214,A168_HF9F_20260827_0900,2026-08-27 09:00:00,185
1227138|16|901,901,1227138,16,2026-05-03,1,-1,4,8,5,158.6943,158.6943,-189.9558,0.2722,-119.699204,19.8368,39.6736,2.0000,0,1,6,1845215,A168_HF9F_20260827_0900,2026-08-27 09:00:00,185
1227138|17|901,901,1227138,17,2026-05-03,1,-1,7,11,5,1220.5031,18.7808,-19.0304,0.0672,-101.329123,110.9548,174.3576,1.5714,6,1,21,1845216,A168_HF9F_20260827_0900,2026-08-27 09:00:00,185
1227138|18|901,901,1227138,18,2026-05-03,1,-1,8,13,5,269.5780,269.5780,95.6467,0.1512,35.480166,20.7368,33.6973,1.6250,0,1,28,1845217,A168_HF9F_20260827_0900,2026-08-27 09:00:00,185
1227138|19|901,901,1227138,19,2026-05-03,1,-1,8,12,5,457.2383,457.2383,-173.4024,0.6554,-37.923850,38.1032,57.1548,1.5000,0,1,28,1845218,A168_HF9F_20260827_0900,2026-08-27 09:00:00,185
1227138|2|901,901,1227138,2,2026-05-03,1,-1,1,1,1,181.6201,0.0000,0.0000,0.0000,,181.6201,181.6201,1.0000,1,0,0,1845219,A168_HF9F_20260827_0900,2026-08-27 09:00:00,185
1227138|20|901,901,1227138,20,2026-05-03,1,-1,10,14,5,304.2377,304.2377,134.3463,0.1512,44.158325,21.7313,30.4238,1.4000,0,1,45,1845220,A168_HF9F_20260827_0900,2026-08-27 09:00:00,185
1227138|21|901,901,1227138,21,2026-05-03,1,-1,9,12,4,1853.4968,1853.4968,1519.7942,0.1008,81.996053,154.4581,205.9441,1.3333,0,1,36,1845221,A168_HF9F_20260827_0900,2026-08-27 09:00:00,185
1227138|22|901,901,1227138,22,2026-05-03,1,-1,16,25,6,912.1982,912.1982,-2.7549,0.2521,-0.302008,36.4879,57.0124,1.5625,0,1,120,1845222,A168_HF9F_20260827_0900,2026-08-27 09:00:00,185
1227138|23|901,901,1227138,23,2026-05-03,1,-1,18,25,5,1796.6015,1796.6015,1308.1714,2.1006,72.813665,71.8641,99.8112,1.3889,0,1,153,1845223,A168_HF9F_20260827_0900,2026-08-27 09:00:00,185
1227138|24|901,901,1227138,24,2026-05-03,1,-1,14,20,5,1808.4119,1808.4119,1615.1118,0.6419,89.311057,90.4206,129.1723,1.4286,0,1,91,1845224,A168_HF9F_20260827_0900,2026-08-27 09:00:00,185
1227138|25|901,901,1227138,25,2026-05-03,1,-1,6,12,5,73.3969,73.3969,-0.3349,0.2857,-0.456248,6.1164,12.2328,2.0000,0,1,15,1845225,A168_HF9F_20260827_0900,2026-08-27 09:00:00,185
1227138|26|901,901,1227138,26,2026-05-03,1,-1,8,12,5,269.0384,269.0384,-214.1041,0.1680,-79.581252,22.4199,33.6298,1.5000,0,1,28,1845226,A168_HF9F_20260827_0900,2026-08-27 09:00:00,185
1227138|27|901,901,1227138,27,2026-05-03,1,-1,12,18,5,2647.1249,2647.1249,-1722.9845,1.9326,-65.088900,147.0625,220.5937,1.5000,0,1,66,1845227,A168_HF9F_20260827_0900,2026-08-27 09:00:00,185
1227138|28|901,901,1227138,28,2026-05-03,1,-1,10,17,7,2080.5044,2080.5044,-631.1159,0.3529,-30.334753,122.3826,208.0504,1.7000,0,1,45,1845228,A168_HF9F_20260827_0900,2026-08-27 09:00:00,185
1227138|29|901,901,1227138,29,2026-05-03,1,-1,12,16,5,2207.0393,2207.0393,2202.8381,0.2353,99.809644,137.9400,183.9199,1.3333,0,1,66,1845229,A168_HF9F_20260827_0900,2026-08-27 09:00:00,185
1227138|3|901,901,1227138,3,2026-05-03,1,-1,2,2,2,259.2454,259.2454,-145.5079,0.0000,-56.127484,129.6227,129.6227,1.0000,0,1,1,1845230,A168_HF9F_20260827_0900,2026-08-27 09:00:00,185
1227138|30|901,901,1227138,30,2026-05-03,1,-1,5,6,3,978.9383,978.9383,-966.3346,0.1008,-98.712512,163.1564,195.7877,1.2000,0,1,10,1845231,A168_HF9F_20260827_0900,2026-08-27 09:00:00,185
1227138|31|901,901,1227138,31,2026-05-03,1,-1,7,8,3,915.9053,915.9053,903.6167,0.1680,98.658308,114.4882,130.8436,1.1429,0,1,21,1845232,A168_HF9F_20260827_0900,2026-08-27 09:00:00,185
1227138|32|901,901,1227138,32,2026-05-03,1,-1,4,7,3,200.5756,200.5756,-195.7556,0.1680,-97.596915,28.6537,50.1439,1.7500,0,1,6,1845233,A168_HF9F_20260827_0900,2026-08-27 09:00:00,185
1227138|33|901,901,1227138,33,2026-05-03,1,-1,5,8,4,40.8997,40.8997,9.5152,0.1008,23.264714,5.1125,8.1799,1.6000,0,1,10,1845234,A168_HF9F_20260827_0900,2026-08-27 09:00:00,185
1227138|34|901,901,1227138,34,2026-05-03,1,-1,5,6,3,1015.2374,1015.2374,-994.2312,0.0672,-97.930908,169.2062,203.0475,1.2000,0,1,10,1845235,A168_HF9F_20260827_0900,2026-08-27 09:00:00,185
1227138|35|901,901,1227138,35,2026-05-03,1,-1,6,8,3,910.2570,910.2570,-867.9254,0.1008,-95.349488,113.7821,151.7095,1.3333,0,1,15,1845236,A168_HF9F_20260827_0900,2026-08-27 09:00:00,185
1227138|36|901,901,1227138,36,2026-05-03,1,-1,8,11,4,992.5270,992.5270,938.8666,0.1344,94.593565,90.2297,124.0659,1.3750,0,1,28,1845237,A168_HF9F_20260827_0900,2026-08-27 09:00:00,185
1227138|37|901,901,1227138,37,2026-05-03,1,-1,7,16,7,639.7254,639.7254,589.3105,0.1680,92.119295,39.9828,91.3893,2.2857,0,1,21,1845238,A168_HF9F_20260827_0900,2026-08-27 09:00:00,185
1227138|38|901,901,1227138,38,2026-05-03,1,-1,7,11,5,1161.2665,1161.2665,1067.1530,0.4101,91.895611,105.5697,165.8952,1.5714,0,1,21,1845239,A168_HF9F_20260827_0900,2026-08-27 09:00:00,185
1227138|39|901,901,1227138,39,2026-05-03,1,-1,5,6,3,1710.9126,1710.9126,1592.9315,0.0840,93.104204,285.1521,342.1825,1.2000,0,1,10,1845240,A168_HF9F_20260827_0900,2026-08-27 09:00:00,185
1227138|4|901,901,1227138,4,2026-05-03,1,-1,3,4,2,276.8862,2.1006,-16.8050,0.0000,-800.000000,69.2216,92.2954,1.3333,3,1,3,1845241,A168_HF9F_20260827_0900,2026-08-27 09:00:00,185
1227138|40|901,901,1227138,40,2026-05-03,1,-1,4,12,8,90.3266,90.3266,32.9797,0.2689,36.511628,7.5272,22.5817,3.0000,0,1,6,1845242,A168_HF9F_20260827_0900,2026-08-27 09:00:00,185
1227138|41|901,901,1227138,41,2026-05-03,1,-1,4,10,8,930.8821,930.8821,-771.2827,0.0000,-82.855030,93.0882,232.7205,2.5000,0,1,6,1845243,A168_HF9F_20260827_0900,2026-08-27 09:00:00,185
1227138|42|901,901,1227138,42,2026-05-03,1,-1,3,3,2,915.0056,915.0056,-865.1592,0.0000,-94.552330,305.0019,305.0019,1.0000,0,1,3,1845244,A168_HF9F_20260827_0900,2026-08-27 09:00:00,185
1227138|43|901,901,1227138,43,2026-05-03,1,-1,7,10,5,1064.4289,1032.9196,-980.7318,0.0000,-94.947536,106.4429,152.0613,1.4286,0,1,21,1845245,A168_HF9F_20260827_0900,2026-08-27 09:00:00,185
1227138|44|901,901,1227138,44,2026-05-03,1,-1,11,23,9,273.6470,273.6470,-152.3145,0.0000,-55.660922,11.8977,24.8770,2.0909,0,1,55,1845246,A168_HF9F_20260827_0900,2026-08-27 09:00:00,185
1227138|45|901,901,1227138,45,2026-05-03,1,-1,18,23,6,1626.2151,1626.2151,-1010.6960,0.5041,-62.150204,70.7050,90.3453,1.2778,0,1,153,1845247,A168_HF9F_20260827_0900,2026-08-27 09:00:00,185
1227138|46|901,901,1227138,46,2026-05-03,1,-1,18,23,5,1767.1348,1761.5601,-984.7617,1.3293,-55.902815,76.8319,98.1742,1.2778,0,1,153,1845248,A168_HF9F_20260827_0900,2026-08-27 09:00:00,185
1227138|47|901,901,1227138,47,2026-05-03,1,-1,19,23,5,3054.2614,3054.2614,2806.3883,1.0890,91.884352,132.7940,160.7506,1.2105,0,1,171,1845249,A168_HF9F_20260827_0900,2026-08-27 09:00:00,185
1227138|48|901,901,1227138,48,2026-05-03,1,-1,8,13,7,1265.9300,1265.9300,1208.5831,0.0000,95.469977,97.3792,158.2412,1.6250,0,1,28,1845250,A168_HF9F_20260827_0900,2026-08-27 09:00:00,185
1227138|49|901,901,1227138,49,2026-05-03,1,-1,8,8,2,1856.7741,1856.7741,-1589.5984,0.0000,-85.610757,232.0968,232.0968,1.0000,0,1,28,1845251,A168_HF9F_20260827_0900,2026-08-27 09:00:00,185
1227138|5|901,901,1227138,5,2026-05-03,1,-1,2,5,4,32.3495,32.3495,-14.3472,0.2353,-44.350649,6.4699,16.1748,2.5000,0,1,1,1845252,A168_HF9F_20260827_0900,2026-08-27 09:00:00,185
1227138|50|901,901,1227138,50,2026-05-03,1,-1,7,7,2,1073.3735,1073.3735,-941.8769,0.0000,-87.749219,153.3391,153.3391,1.0000,0,1,21,1845253,A168_HF9F_20260827_0900,2026-08-27 09:00:00,185
1227138|51|901,901,1227138,51,2026-05-03,1,-1,10,13,4,2313.1228,2313.1228,2313.1228,0.0000,100.000000,177.9325,231.3123,1.3000,0,1,45,1845254,A168_HF9F_20260827_0900,2026-08-27 09:00:00,185
1227138|52|901,901,1227138,52,2026-05-03,1,-1,2,2,1,45.3551,45.3551,-45.3551,0.0000,-100.000000,22.6775,22.6775,1.0000,0,1,1,1845255,A168_HF9F_20260827_0900,2026-08-27 09:00:00,185
1227138|6|901,901,1227138,6,2026-05-03,1,-1,3,4,2,159.4230,159.4230,-132.3888,0.1680,-83.042457,39.8557,53.1410,1.3333,0,1,3,1845256,A168_HF9F_20260827_0900,2026-08-27 09:00:00,185
1227138|7|901,901,1227138,7,2026-05-03,1,-1,12,17,7,499.7802,499.7802,-438.1443,0.2521,-87.667407,29.3988,41.6483,1.4167,0,1,66,1845257,A168_HF9F_20260827_0900,2026-08-27 09:00:00,185
1227138|8|901,901,1227138,8,2026-05-03,1,-1,14,18,6,1548.1778,1548.1778,1350.4714,0.1849,87.229736,86.0099,110.5841,1.2857,0,1,91,1845258,A168_HF9F_20260827_0900,2026-08-27 09:00:00,185
1227138|9|901,901,1227138,9,2026-05-03,1,-1,10,14,4,1270.6568,1270.6568,-694.2540,0.1680,-54.637409,90.7612,127.0657,1.4000,0,1,45,1845259,A168_HF9F_20260827_0900,2026-08-27 09:00:00,185
1227169|10|901,901,1227169,10,2026-05-03,1,-1,6,7,3,1385.7989,1385.7989,-1293.3717,0.0000,-93.330399,197.9713,230.9665,1.1667,0,1,15,1845260,A168_HF9F_20260827_0900,2026-08-27 09:00:00,185
1227169|11|901,901,1227169,11,2026-05-03,1,-1,14,17,4,2629.2439,2629.2439,154.3002,0.3361,5.868616,154.6614,187.8031,1.2143,0,1,91,1845261,A168_HF9F_20260827_0900,2026-08-27 09:00:00,185
1227169|12|901,901,1227169,12,2026-05-03,1,-1,10,11,3,1987.9605,1987.9605,-1443.5685,0.2857,-72.615554,180.7237,198.7961,1.1000,0,1,45,1845262,A168_HF9F_20260827_0900,2026-08-27 09:00:00,185
1227169|13|901,901,1227169,13,2026-05-03,1,-1,10,15,5,2709.5249,2709.5249,-1227.2346,0.8958,-45.293351,180.6350,270.9525,1.5000,0,1,45,1845263,A168_HF9F_20260827_0900,2026-08-27 09:00:00,185
1227169|14|901,901,1227169,14,2026-05-03,1,-1,17,21,3,2953.4841,2953.4841,-929.9721,1.3781,-31.487290,140.6421,173.7344,1.2353,0,1,136,1845264,A168_HF9F_20260827_0900,2026-08-27 09:00:00,185
1227169|15|901,901,1227169,15,2026-05-03,1,-1,14,21,7,1608.7447,1608.7447,1487.3187,1.4470,92.452129,76.6069,114.9103,1.5000,0,1,91,1845265,A168_HF9F_20260827_0900,2026-08-27 09:00:00,185
1227169|16|901,901,1227169,16,2026-05-03,1,-1,9,14,7,868.6995,868.6995,132.3505,1.7227,15.235480,62.0500,96.5222,1.5556,0,1,36,1845266,A168_HF9F_20260827_0900,2026-08-27 09:00:00,185
1227169|17|901,901,1227169,17,2026-05-03,1,-1,6,8,3,1220.4592,1220.4592,-1092.2528,1.6537,-89.495231,152.5574,203.4099,1.3333,0,1,15,1845267,A168_HF9F_20260827_0900,2026-08-27 09:00:00,185
1227169|18|901,901,1227169,18,2026-05-03,1,-1,13,18,7,1682.0635,1682.0635,-1573.0915,2.3344,-93.521527,93.4480,129.3895,1.3846,0,1,78,1845268,A168_HF9F_20260827_0900,2026-08-27 09:00:00,185
1227169|19|901,901,1227169,19,2026-05-03,1,-1,18,26,7,3399.9395,3399.9395,-2486.8905,1.5764,-73.145141,130.7669,188.8855,1.4444,0,1,153,1845269,A168_HF9F_20260827_0900,2026-08-27 09:00:00,185
1227169|20|901,901,1227169,20,2026-05-03,1,-1,18,29,8,4344.7590,4344.7590,-3915.8560,1.8605,-90.128267,149.8193,241.3755,1.6111,0,1,153,1845270,A168_HF9F_20260827_0900,2026-08-27 09:00:00,185
1227169|21|901,901,1227169,21,2026-05-03,1,-1,23,36,8,4096.4453,4096.4453,2893.8638,2.1912,70.643291,113.7901,178.1063,1.5652,0,1,253,1845271,A168_HF9F_20260827_0900,2026-08-27 09:00:00,185
1227169|22|901,901,1227169,22,2026-05-03,1,-1,11,22,8,1342.6531,1342.6531,-835.8048,1.2679,-62.250237,61.0297,122.0594,2.0000,0,1,55,1845272,A168_HF9F_20260827_0900,2026-08-27 09:00:00,185
1227169|23|901,901,1227169,23,2026-05-03,1,-1,11,24,8,1014.8385,962.9471,218.5157,3.0400,22.692392,42.2849,92.2580,2.1818,1,1,55,1845273,A168_HF9F_20260827_0900,2026-08-27 09:00:00,185
1227169|24|901,901,1227169,24,2026-05-03,1,-1,8,14,7,1342.2962,1342.2962,226.8148,4.4263,16.897521,95.8783,167.7870,1.7500,0,1,28,1845274,A168_HF9F_20260827_0900,2026-08-27 09:00:00,185
1227169|25|901,901,1227169,25,2026-05-03,1,-1,8,15,8,2515.2037,2515.2037,1084.0465,2.7562,43.099749,167.6802,314.4005,1.8750,0,1,28,1845275,A168_HF9F_20260827_0900,2026-08-27 09:00:00,185
1227169|26|901,901,1227169,26,2026-05-03,1,-1,8,12,7,1046.8523,1046.8523,218.6258,0.4134,20.884116,87.2377,130.8565,1.5000,0,1,28,1845276,A168_HF9F_20260827_0900,2026-08-27 09:00:00,185
1227169|27|901,901,1227169,27,2026-05-03,1,-1,8,13,7,971.6028,971.6028,-516.2367,1.6537,-53.132485,74.7387,121.4504,1.6250,0,1,28,1845277,A168_HF9F_20260827_0900,2026-08-27 09:00:00,185
1227169|28|901,901,1227169,28,2026-05-03,1,-1,10,16,8,1915.0498,1915.0498,-505.2567,0.9233,-26.383474,119.6906,191.5050,1.6000,0,1,45,1845278,A168_HF9F_20260827_0900,2026-08-27 09:00:00,185
1227169|29|901,901,1227169,29,2026-05-03,1,-1,13,18,6,2924.8008,2924.8008,2903.7946,1.3781,99.281791,162.4889,224.9847,1.3846,0,1,78,1845279,A168_HF9F_20260827_0900,2026-08-27 09:00:00,185
1227169|3|901,901,1227169,3,2026-05-03,1,-1,1,1,1,31.5093,31.5093,31.5093,0.0000,100.000000,31.5093,31.5093,1.0000,0,0,0,1845280,A168_HF9F_20260827_0900,2026-08-27 09:00:00,185
1227169|30|901,901,1227169,30,2026-05-03,1,-1,7,7,2,435.0314,0.0000,0.0000,0.0000,,62.1473,62.1473,1.0000,7,1,21,1845281,A168_HF9F_20260827_0900,2026-08-27 09:00:00,185
1227169|31|901,901,1227169,31,2026-05-03,1,-1,7,17,8,532.8573,532.8573,-1813.0851,1.3781,-340.257152,31.3445,76.1225,2.4286,0,1,21,1845282,A168_HF9F_20260827_0900,2026-08-27 09:00:00,185
1227169|32|901,901,1227169,32,2026-05-03,1,-1,3,8,6,678.1536,678.1536,678.1536,0.8958,100.000000,84.7692,226.0512,2.6667,0,1,3,1845283,A168_HF9F_20260827_0900,2026-08-27 09:00:00,185
1227169|33|901,901,1227169,33,2026-05-03,1,-1,5,5,2,245.9194,245.9194,-77.1455,0.0000,-31.370229,49.1839,49.1839,1.0000,0,1,10,1845284,A168_HF9F_20260827_0900,2026-08-27 09:00:00,185
1227169|34|901,901,1227169,34,2026-05-03,1,-1,7,7,2,826.3903,826.3903,377.8633,0.0000,45.724560,118.0558,118.0558,1.0000,0,1,21,1845285,A168_HF9F_20260827_0900,2026-08-27 09:00:00,185
1227169|35|901,901,1227169,35,2026-05-03,1,-1,5,5,2,229.0460,229.0460,127.8577,0.0000,55.821832,45.8092,45.8092,1.0000,0,1,10,1845286,A168_HF9F_20260827_0900,2026-08-27 09:00:00,185
1227169|36|901,901,1227169,36,2026-05-03,1,-1,7,9,4,472.8317,472.8317,428.0427,0.0000,90.527502,52.5369,67.5474,1.2857,0,1,21,1845287,A168_HF9F_20260827_0900,2026-08-27 09:00:00,185
1227169|37|901,901,1227169,37,2026-05-03,1,-1,5,5,1,118.3725,118.3725,118.3725,0.0000,100.000000,23.6745,23.6745,1.0000,0,1,10,1845288,A168_HF9F_20260827_0900,2026-08-27 09:00:00,185
1227169|38|901,901,1227169,38,2026-05-03,1,-1,5,5,2,127.9220,127.9220,-17.4495,0.0000,-13.640748,25.5844,25.5844,1.0000,0,1,10,1845289,A168_HF9F_20260827_0900,2026-08-27 09:00:00,185
1227169|39|901,901,1227169,39,2026-05-03,1,-1,8,8,2,858.5645,858.5645,-71.9204,0.0000,-8.376814,107.3206,107.3206,1.0000,0,1,28,1845290,A168_HF9F_20260827_0900,2026-08-27 09:00:00,185
1227169|4|901,901,1227169,4,2026-05-03,1,-1,1,1,1,86.1326,86.1326,-86.1326,0.0000,-100.000000,86.1326,86.1326,1.0000,0,0,0,1845291,A168_HF9F_20260827_0900,2026-08-27 09:00:00,185
1227169|40|901,901,1227169,40,2026-05-03,1,-1,8,9,3,1009.4160,2.5946,-20.7566,0.0000,-800.000000,112.1573,126.1770,1.1250,8,1,28,1845292,A168_HF9F_20260827_0900,2026-08-27 09:00:00,185
1227169|41|901,901,1227169,41,2026-05-03,1,-1,14,14,2,1466.3659,1466.3659,1097.0215,0.0000,74.812263,104.7404,104.7404,1.0000,0,1,91,1845293,A168_HF9F_20260827_0900,2026-08-27 09:00:00,185
1227169|42|901,901,1227169,42,2026-05-03,1,-1,8,9,4,629.1656,629.1656,-349.2060,0.0000,-55.503040,69.9073,78.6457,1.1250,0,1,28,1845294,A168_HF9F_20260827_0900,2026-08-27 09:00:00,185
1227169|43|901,901,1227169,43,2026-05-03,1,-1,3,3,1,77.8372,77.8372,-73.9453,0.0000,-95.000000,25.9457,25.9457,1.0000,0,1,3,1845295,A168_HF9F_20260827_0900,2026-08-27 09:00:00,185
1227169|44|901,901,1227169,44,2026-05-03,1,-1,3,3,2,486.1517,486.1517,322.3034,0.0000,66.296871,162.0506,162.0506,1.0000,0,1,3,1845296,A168_HF9F_20260827_0900,2026-08-27 09:00:00,185
1227169|45|901,901,1227169,45,2026-05-03,1,-1,8,8,2,644.0857,644.0857,628.5182,0.0000,97.583018,80.5107,80.5107,1.0000,0,1,28,1845297,A168_HF9F_20260827_0900,2026-08-27 09:00:00,185
1227169|46|901,901,1227169,46,2026-05-03,1,-1,7,7,1,576.2530,576.2530,576.2530,0.0000,100.000000,82.3219,82.3219,1.0000,0,1,21,1845298,A168_HF9F_20260827_0900,2026-08-27 09:00:00,185
1227169|47|901,901,1227169,47,2026-05-03,1,-1,9,9,2,760.7740,760.7740,153.6441,0.0000,20.195767,84.5304,84.5304,1.0000,0,1,36,1845299,A168_HF9F_20260827_0900,2026-08-27 09:00:00,185
1227169|48|901,901,1227169,48,2026-05-03,1,-1,7,7,2,1142.4342,1142.4342,337.6007,0.0000,29.551002,163.2049,163.2049,1.0000,0,1,21,1845300,A168_HF9F_20260827_0900,2026-08-27 09:00:00,185
1227169|49|901,901,1227169,49,2026-05-03,1,-1,5,5,1,693.4442,0.0000,0.0000,0.0000,,138.6888,138.6888,1.0000,5,1,10,1845301,A168_HF9F_20260827_0900,2026-08-27 09:00:00,185
1227169|5|901,901,1227169,5,2026-05-03,1,-1,1,1,1,86.1326,86.1326,86.1326,0.0000,100.000000,86.1326,86.1326,1.0000,0,0,0,1845302,A168_HF9F_20260827_0900,2026-08-27 09:00:00,185
1227169|50|901,901,1227169,50,2026-05-03,1,-1,5,5,2,582.4407,582.4407,-471.8620,0.0000,-81.014599,116.4881,116.4881,1.0000,0,1,10,1845303,A168_HF9F_20260827_0900,2026-08-27 09:00:00,185
1227169|51|901,901,1227169,51,2026-05-03,1,-1,6,6,1,566.1811,566.1811,566.1811,0.0000,100.000000,94.3635,94.3635,1.0000,0,1,15,1845304,A168_HF9F_20260827_0900,2026-08-27 09:00:00,185
1227169|52|901,901,1227169,52,2026-05-03,1,-1,7,8,3,1184.3219,4.2012,-33.6099,0.0000,-800.000000,148.0402,169.1888,1.1429,7,1,21,1845305,A168_HF9F_20260827_0900,2026-08-27 09:00:00,185
1227169|53|901,901,1227169,53,2026-05-03,1,-1,8,14,6,288.8079,288.8079,-159.6737,0.9276,-55.287158,20.6291,36.1010,1.7500,0,1,28,1845306,A168_HF9F_20260827_0900,2026-08-27 09:00:00,185
1227169|6|901,901,1227169,6,2026-05-03,1,-1,2,3,3,329.7973,329.7973,116.7945,0.0000,35.414013,109.9324,164.8986,1.5000,0,1,1,1845307,A168_HF9F_20260827_0900,2026-08-27 09:00:00,185
1227169|7|901,901,1227169,7,2026-05-03,1,-1,2,2,2,44.1130,44.1130,-39.9118,0.0168,-90.476190,22.0565,22.0565,1.0000,0,1,1,1845308,A168_HF9F_20260827_0900,2026-08-27 09:00:00,185
1227169|8|901,901,1227169,8,2026-05-03,1,-1,3,3,2,925.4205,925.4205,820.3895,0.0000,88.650459,308.4735,308.4735,1.0000,0,1,3,1845309,A168_HF9F_20260827_0900,2026-08-27 09:00:00,185
1227169|9|901,901,1227169,9,2026-05-03,1,-1,5,5,2,1209.8416,1209.8416,-1157.9501,0.0000,-95.710889,241.9683,241.9683,1.0000,0,1,10,1845310,A168_HF9F_20260827_0900,2026-08-27 09:00:00,185
1227203|1|901,901,1227203,1,2026-05-03,1,-1,6,6,1,181.6201,181.6201,-172.5390,0.0000,-95.000000,30.2700,30.2700,1.0000,0,1,15,1845311,A168_HF9F_20260827_0900,2026-08-27 09:00:00,185
1227203|10|901,901,1227203,10,2026-05-03,1,-1,5,7,3,259.3649,207.4735,-158.9366,0.0000,-76.605764,37.0521,51.8730,1.4000,2,1,10,1845312,A168_HF9F_20260827_0900,2026-08-27 09:00:00,185
1227203|11|901,901,1227203,11,2026-05-03,1,-1,3,3,1,143.4503,143.4503,143.4503,0.5041,100.000000,47.8168,47.8168,1.0000,0,1,3,1845313,A168_HF9F_20260827_0900,2026-08-27 09:00:00,185
1227203|12|901,901,1227203,12,2026-05-03,1,-1,6,6,2,224.1287,224.1287,208.5612,0.0000,93.054243,37.3548,37.3548,1.0000,0,1,15,1845314,A168_HF9F_20260827_0900,2026-08-27 09:00:00,185
1227203|13|901,901,1227203,13,2026-05-03,1,-1,6,6,2,311.4735,311.4735,-93.5294,0.0000,-30.028050,51.9122,51.9122,1.0000,0,1,15,1845315,A168_HF9F_20260827_0900,2026-08-27 09:00:00,185
1227203|14|901,901,1227203,14,2026-05-03,1,-1,5,5,2,217.9441,217.9441,145.2960,0.0000,66.666667,43.5888,43.5888,1.0000,0,1,10,1845316,A168_HF9F_20260827_0900,2026-08-27 09:00:00,185
1227203|15|901,901,1227203,15,2026-05-03,1,-1,7,9,3,1033.0562,1033.0562,-61.7437,0.0000,-5.976795,114.7840,147.5795,1.2857,0,1,21,1845317,A168_HF9F_20260827_0900,2026-08-27 09:00:00,185
1227203|16|901,901,1227203,16,2026-05-03,1,-1,5,5,2,133.9298,133.9298,82.0384,0.0000,61.254758,26.7860,26.7860,1.0000,0,1,10,1845318,A168_HF9F_20260827_0900,2026-08-27 09:00:00,185
1227203|17|901,901,1227203,17,2026-05-03,1,-1,6,7,3,404.7650,404.7650,311.9978,0.0000,77.081206,57.8236,67.4608,1.1667,0,1,15,1845319,A168_HF9F_20260827_0900,2026-08-27 09:00:00,185
1227203|18|901,901,1227203,18,2026-05-03,1,-1,4,4,2,1314.1519,1314.1519,-1230.1271,0.0000,-93.606159,328.5380,328.5380,1.0000,0,1,6,1845320,A168_HF9F_20260827_0900,2026-08-27 09:00:00,185
1227203|19|901,901,1227203,19,2026-05-03,1,-1,13,13,3,3281.2959,3281.2959,3281.2959,0.0689,100.000000,252.4074,252.4074,1.0000,0,1,78,1845321,A168_HF9F_20260827_0900,2026-08-27 09:00:00,185
1227203|2|901,901,1227203,2,2026-05-03,1,-1,3,4,3,36.3240,36.3240,31.1349,0.0000,85.714286,9.0810,12.1080,1.3333,0,1,3,1845322,A168_HF9F_20260827_0900,2026-08-27 09:00:00,185
1227203|20|901,901,1227203,20,2026-05-03,1,-1,10,10,2,2369.0677,2369.0677,2268.2688,0.0000,95.745205,236.9068,236.9068,1.0000,0,1,45,1845323,A168_HF9F_20260827_0900,2026-08-27 09:00:00,185
1227203|21|901,901,1227203,21,2026-05-03,1,-1,9,10,3,303.8091,303.8091,-166.1612,0.3361,-54.692645,30.3809,33.7566,1.1111,0,1,36,1845324,A168_HF9F_20260827_0900,2026-08-27 09:00:00,185
1227203|22|901,901,1227203,22,2026-05-03,1,-1,5,5,3,203.1359,0.2101,0.2101,0.0000,100.000000,40.6272,40.6272,1.0000,4,1,10,1845325,A168_HF9F_20260827_0900,2026-08-27 09:00:00,185
1227203|23|901,901,1227203,23,2026-05-03,1,-1,9,11,4,323.7539,323.7539,-24.2967,0.5041,-7.504687,29.4322,35.9727,1.2222,0,1,36,1845326,A168_HF9F_20260827_0900,2026-08-27 09:00:00,185
1227203|24|901,901,1227203,24,2026-05-03,1,-1,7,10,5,263.5205,263.5205,-119.2275,0.5882,-45.244125,26.3520,37.6458,1.4286,0,1,21,1845327,A168_HF9F_20260827_0900,2026-08-27 09:00:00,185
1227203|25|901,901,1227203,25,2026-05-03,1,-1,2,2,1,71.0067,71.0067,71.0067,0.0000,100.000000,35.5034,35.5034,1.0000,0,1,1,1845328,A168_HF9F_20260827_0900,2026-08-27 09:00:00,185
1227203|26|901,901,1227203,26,2026-05-03,1,-1,9,11,5,675.5405,675.5405,473.1639,0.0000,70.042267,61.4128,75.0601,1.2222,0,1,36,1845329,A168_HF9F_20260827_0900,2026-08-27 09:00:00,185
1227203|27|901,901,1227203,27,2026-05-03,1,-1,4,7,5,192.7411,192.7411,69.2124,0.0000,35.909499,27.5344,48.1853,1.7500,0,1,6,1845330,A168_HF9F_20260827_0900,2026-08-27 09:00:00,185
1227203|28|901,901,1227203,28,2026-05-03,1,-1,7,10,5,518.2897,518.2897,-269.7382,0.0000,-52.043908,51.8290,74.0414,1.4286,0,1,21,1845331,A168_HF9F_20260827_0900,2026-08-27 09:00:00,185
1227203|29|901,901,1227203,29,2026-05-03,1,-1,5,8,5,629.3898,629.3898,-409.8992,0.5041,-65.126448,78.6737,125.8780,1.6000,0,1,10,1845332,A168_HF9F_20260827_0900,2026-08-27 09:00:00,185
1227203|3|901,901,1227203,3,2026-05-03,1,-1,5,5,2,108.9720,108.9720,-93.4046,0.0000,-85.714286,21.7944,21.7944,1.0000,0,1,10,1845333,A168_HF9F_20260827_0900,2026-08-27 09:00:00,185
1227203|30|901,901,1227203,30,2026-05-03,1,-1,4,7,5,197.0744,197.0744,-124.7756,0.0000,-63.313963,28.1535,49.2686,1.7500,0,1,6,1845334,A168_HF9F_20260827_0900,2026-08-27 09:00:00,185
1227203|31|901,901,1227203,31,2026-05-03,1,-1,7,7,2,2204.7646,2204.7646,1882.7880,0.5041,85.396329,314.9664,314.9664,1.0000,0,1,21,1845335,A168_HF9F_20260827_0900,2026-08-27 09:00:00,185
1227203|32|901,901,1227203,32,2026-05-03,1,-1,4,4,1,128.2520,128.2520,-121.8394,0.0000,-95.000000,32.0630,32.0630,1.0000,0,1,6,1845336,A168_HF9F_20260827_0900,2026-08-27 09:00:00,185
1227203|33|901,901,1227203,33,2026-05-03,1,-1,6,6,2,151.8939,151.8939,143.4914,0.0000,94.468191,25.3156,25.3156,1.0000,0,1,15,1845337,A168_HF9F_20260827_0900,2026-08-27 09:00:00,185
1227203|34|901,901,1227203,34,2026-05-03,1,-1,5,6,3,105.8392,105.8392,-64.1608,0.0000,-60.621012,17.6399,21.1678,1.2000,0,1,10,1845338,A168_HF9F_20260827_0900,2026-08-27 09:00:00,185
1227203|35|901,901,1227203,35,2026-05-03,1,-1,13,13,2,419.6097,419.6097,209.4493,0.5882,49.915278,32.2777,32.2777,1.0000,0,1,78,1845339,A168_HF9F_20260827_0900,2026-08-27 09:00:00,185
1227203|36|901,901,1227203,36,2026-05-03,1,-1,9,13,6,454.2073,454.2073,-29.8136,0.5041,-6.563873,34.9390,50.4675,1.4444,0,1,36,1845340,A168_HF9F_20260827_0900,2026-08-27 09:00:00,185
1227203|37|901,901,1227203,37,2026-05-03,1,-1,4,4,2,223.2062,223.2062,-48.1975,0.0000,-21.593281,55.8015,55.8015,1.0000,0,1,6,1845341,A168_HF9F_20260827_0900,2026-08-27 09:00:00,185
1227203|38|901,901,1227203,38,2026-05-03,1,-1,6,8,4,204.7914,204.7914,-162.7632,0.6722,-79.477558,25.5989,34.1319,1.3333,0,1,15,1845342,A168_HF9F_20260827_0900,2026-08-27 09:00:00,185
1227203|39|901,901,1227203,39,2026-05-03,1,-1,8,9,3,436.6962,436.6962,-261.6900,0.5882,-59.924953,48.5218,54.5870,1.1250,0,1,28,1845343,A168_HF9F_20260827_0900,2026-08-27 09:00:00,185
1227203|4|901,901,1227203,4,2026-05-03,1,-1,5,5,2,1168.4422,1168.4422,-1064.6594,0.0000,-91.117842,233.6884,233.6884,1.0000,0,1,10,1845344,A168_HF9F_20260827_0900,2026-08-27 09:00:00,185
1227203|40|901,901,1227203,40,2026-05-03,1,-1,11,12,3,520.4267,520.4267,254.9805,0.6722,48.994497,43.3689,47.3115,1.0909,0,1,55,1845345,A168_HF9F_20260827_0900,2026-08-27 09:00:00,185
1227203|41|901,901,1227203,41,2026-05-03,1,-1,16,21,6,1913.1793,1913.1793,-1435.3894,0.5210,-75.026392,91.1038,119.5737,1.3125,0,1,120,1845346,A168_HF9F_20260827_0900,2026-08-27 09:00:00,185
1227203|42|901,901,1227203,42,2026-05-03,1,-1,15,16,3,928.7077,928.7077,-764.6991,0.6251,-82.340134,58.0442,61.9138,1.0667,0,1,105,1845347,A168_HF9F_20260827_0900,2026-08-27 09:00:00,185
1227203|43|901,901,1227203,43,2026-05-03,1,-1,28,32,6,1784.6970,1784.6970,-1253.2767,0.0000,-70.223497,55.7718,63.7392,1.1429,0,1,378,1845348,A168_HF9F_20260827_0900,2026-08-27 09:00:00,185
1227203|44|901,901,1227203,44,2026-05-03,1,-1,25,34,5,4563.8245,4563.8245,2424.6070,0.0000,53.126649,134.2301,182.5530,1.3600,0,1,300,1845349,A168_HF9F_20260827_0900,2026-08-27 09:00:00,185
1227203|45|901,901,1227203,45,2026-05-03,1,-1,10,16,7,4039.5478,4039.5478,-3272.5497,0.0000,-81.012773,252.4717,403.9548,1.6000,0,1,45,1845350,A168_HF9F_20260827_0900,2026-08-27 09:00:00,185
1227203|46|901,901,1227203,46,2026-05-03,1,-1,11,20,8,3457.5878,3457.5878,3095.7637,0.0000,89.535361,172.8794,314.3262,1.8182,0,1,55,1845351,A168_HF9F_20260827_0900,2026-08-27 09:00:00,185
1227203|47|901,901,1227203,47,2026-05-03,1,-1,6,7,3,1060.4578,1060.4578,-948.6483,0.0000,-89.456491,151.4940,176.7430,1.1667,0,1,15,1845352,A168_HF9F_20260827_0900,2026-08-27 09:00:00,185
1227203|48|901,901,1227203,48,2026-05-03,1,-1,13,16,4,1659.0086,1653.7571,-813.0072,0.6891,-49.161222,103.6880,127.6160,1.2308,0,1,78,1845353,A168_HF9F_20260827_0900,2026-08-27 09:00:00,185
1227203|49|901,901,1227203,49,2026-05-03,1,-1,15,23,6,3111.3042,3111.3042,2804.1212,0.6891,90.126872,135.2741,207.4203,1.5333,0,1,105,1845354,A168_HF9F_20260827_0900,2026-08-27 09:00:00,185
1227203|5|901,901,1227203,5,2026-05-03,1,-1,12,12,2,14187.5419,0.0000,0.0000,0.0000,,1182.2952,1182.2952,1.0000,12,1,66,1845355,A168_HF9F_20260827_0900,2026-08-27 09:00:00,185
1227203|50|901,901,1227203,50,2026-05-03,1,-1,10,13,6,2661.7594,75.2426,75.2426,0.0000,100.000000,204.7507,266.1759,1.3000,9,1,45,1845356,A168_HF9F_20260827_0900,2026-08-27 09:00:00,185
1227203|6|901,901,1227203,6,2026-05-03,1,-1,11,11,2,6193.0983,6193.0983,4301.1604,0.0000,69.450867,563.0089,563.0089,1.0000,0,1,55,1845357,A168_HF9F_20260827_0900,2026-08-27 09:00:00,185
1227203|7|901,901,1227203,7,2026-05-03,1,-1,23,24,3,6834.8014,6834.8014,2743.2451,0.0000,40.136427,284.7834,297.1653,1.0435,0,1,253,1845358,A168_HF9F_20260827_0900,2026-08-27 09:00:00,185
1227203|8|901,901,1227203,8,2026-05-03,1,-1,20,20,2,2100.4205,2100.4205,-1958.9787,0.0000,-93.266026,105.0210,105.0210,1.0000,0,1,190,1845359,A168_HF9F_20260827_0900,2026-08-27 09:00:00,185
1227203|9|901,901,1227203,9,2026-05-03,1,-1,15,15,3,2928.3187,2928.3187,2654.6043,0.0000,90.652848,195.2212,195.2212,1.0000,0,1,105,1845360,A168_HF9F_20260827_0900,2026-08-27 09:00:00,185
1226504|39|902,902,1226504,39,2026-05-03,1,-1,11,20,8,2091.8979,2091.8979,-1861.0284,0.1647,-88.963635,104.5949,190.1725,1.8182,0,1,55,1845361,A168_HF9F_20260827_0900,2026-08-27 09:00:00,185
1226504|40|902,902,1226504,40,2026-05-03,1,-1,10,19,8,476.9691,476.9691,300.3573,0.0000,62.972069,25.1036,47.6969,1.9000,0,1,45,1845362,A168_HF9F_20260827_0900,2026-08-27 09:00:00,185
1226504|41|902,902,1226504,41,2026-05-03,1,-1,7,17,8,182.5294,182.5294,-20.4133,0.0000,-11.183595,10.7370,26.0756,2.4286,0,1,21,1845363,A168_HF9F_20260827_0900,2026-08-27 09:00:00,185
1226504|42|902,902,1226504,42,2026-05-03,1,-1,9,17,8,212.7503,47.0767,-113.0590,0.0000,-240.159072,12.5147,23.6389,1.8889,8,1,36,1845364,A168_HF9F_20260827_0900,2026-08-27 09:00:00,185
1226504|43|902,902,1226504,43,2026-05-03,1,-1,3,3,2,63.3511,63.3511,-37.4054,0.0000,-59.044592,21.1170,21.1170,1.0000,0,1,3,1845365,A168_HF9F_20260827_0900,2026-08-27 09:00:00,185
1226504|44|902,902,1226504,44,2026-05-03,1,-1,8,8,2,132.4814,132.4814,127.2923,0.0000,96.083115,16.5602,16.5602,1.0000,0,1,28,1845366,A168_HF9F_20260827_0900,2026-08-27 09:00:00,185
1226504|45|902,902,1226504,45,2026-05-03,1,-1,9,9,2,1807.2863,1807.2863,-327.0430,0.0000,-18.095806,200.8096,200.8096,1.0000,0,1,36,1845367,A168_HF9F_20260827_0900,2026-08-27 09:00:00,185
1226504|46|902,902,1226504,46,2026-05-03,1,-1,8,9,3,1428.5330,1428.5330,-1270.3903,0.0000,-88.929713,158.7259,178.5666,1.1250,0,1,28,1845368,A168_HF9F_20260827_0900,2026-08-27 09:00:00,185
1226504|47|902,902,1226504,47,2026-05-03,1,-1,14,16,3,2455.9802,2455.9802,1677.2986,0.0000,68.294466,153.4988,175.4272,1.1429,0,1,91,1845369,A168_HF9F_20260827_0900,2026-08-27 09:00:00,185
1226504|48|902,902,1226504,48,2026-05-03,1,-1,7,8,3,322.8084,318.9165,285.8357,0.0000,89.627130,40.3510,46.1155,1.1429,0,1,21,1845370,A168_HF9F_20260827_0900,2026-08-27 09:00:00,185
1226504|49|902,902,1226504,49,2026-05-03,1,-1,7,7,2,78.8901,78.8901,-36.7371,0.0000,-46.567430,11.2700,11.2700,1.0000,0,1,21,1845371,A168_HF9F_20260827_0900,2026-08-27 09:00:00,185
1226504|50|902,902,1226504,50,2026-05-03,1,-1,8,8,2,181.9614,181.9614,-78.4967,0.1008,-43.139204,22.7452,22.7452,1.0000,0,1,28,1845372,A168_HF9F_20260827_0900,2026-08-27 09:00:00,185
1226504|51|902,902,1226504,51,2026-05-03,1,-1,6,6,2,320.2456,320.2456,189.9862,0.0000,59.325146,53.3743,53.3743,1.0000,0,1,15,1845373,A168_HF9F_20260827_0900,2026-08-27 09:00:00,185
1226542|11|902,902,1226542,11,2026-05-03,1,-1,10,10,2,748.3995,748.3995,-497.5733,0.0840,-66.484979,74.8400,74.8400,1.0000,0,1,45,1845374,A168_HF9F_20260827_0900,2026-08-27 09:00:00,185
1226542|12|902,902,1226542,12,2026-05-03,1,-1,10,12,4,538.6782,538.6782,488.0841,0.0672,90.607722,44.8899,53.8678,1.2000,0,1,45,1845375,A168_HF9F_20260827_0900,2026-08-27 09:00:00,185
1226542|13|902,902,1226542,13,2026-05-03,1,-1,5,5,2,137.8716,137.8716,1.3971,0.0672,1.013359,27.5743,27.5743,1.0000,0,1,10,1845376,A168_HF9F_20260827_0900,2026-08-27 09:00:00,185
1226542|14|902,902,1226542,14,2026-05-03,1,-1,4,4,2,160.5860,160.5860,78.6618,0.0000,48.984241,40.1465,40.1465,1.0000,0,1,6,1845377,A168_HF9F_20260827_0900,2026-08-27 09:00:00,185
1226542|15|902,902,1226542,15,2026-05-03,1,-1,5,5,2,104.0325,104.0325,51.6418,0.0000,49.640084,20.8065,20.8065,1.0000,0,1,10,1845378,A168_HF9F_20260827_0900,2026-08-27 09:00:00,185
1226542|16|902,902,1226542,16,2026-05-03,1,-1,17,18,3,11052.8887,11052.8887,11017.9725,0.0000,99.684099,614.0494,650.1699,1.0588,0,1,136,1845379,A168_HF9F_20260827_0900,2026-08-27 09:00:00,185
1226542|17|902,902,1226542,17,2026-05-03,1,-1,18,19,3,7354.4728,7354.4728,4227.5690,0.0000,57.482966,387.0775,408.5818,1.0556,0,1,153,1845380,A168_HF9F_20260827_0900,2026-08-27 09:00:00,185
1226542|18|902,902,1226542,18,2026-05-03,1,-1,9,9,3,301.8358,301.8358,13.1092,0.0000,4.343141,33.5373,33.5373,1.0000,0,1,36,1845381,A168_HF9F_20260827_0900,2026-08-27 09:00:00,185
1226542|19|902,902,1226542,19,2026-05-03,1,-1,6,6,2,516.1342,516.1342,-439.2625,0.0000,-85.106266,86.0224,86.0224,1.0000,0,1,15,1845382,A168_HF9F_20260827_0900,2026-08-27 09:00:00,185
1226542|2|902,902,1226542,2,2026-05-03,1,-1,3,3,2,161.1237,161.1237,51.7429,0.0000,32.113802,53.7079,53.7079,1.0000,0,1,3,1845383,A168_HF9F_20260827_0900,2026-08-27 09:00:00,185
1226542|20|902,902,1226542,20,2026-05-03,1,-1,10,17,6,497.9878,497.9878,-70.7523,0.7580,-14.207640,29.2934,49.7988,1.7000,0,1,45,1845384,A168_HF9F_20260827_0900,2026-08-27 09:00:00,185
1226542|21|902,902,1226542,21,2026-05-03,1,-1,10,21,8,922.7276,922.7276,-227.3795,0.0000,-24.642108,43.9394,92.2728,2.1000,0,1,45,1845385,A168_HF9F_20260827_0900,2026-08-27 09:00:00,185
1226542|22|902,902,1226542,22,2026-05-03,1,-1,8,10,4,403.6182,403.6182,382.6120,0.0000,94.795528,40.3618,50.4523,1.2500,0,1,28,1845386,A168_HF9F_20260827_0900,2026-08-27 09:00:00,185
1226542|23|902,902,1226542,23,2026-05-03,1,-1,12,20,6,1286.2319,1286.2319,71.1234,0.0000,5.529595,64.3116,107.1860,1.6667,0,1,66,1845387,A168_HF9F_20260827_0900,2026-08-27 09:00:00,185
1226542|24|902,902,1226542,24,2026-05-03,1,-1,15,21,6,3457.9583,3457.9583,2183.2049,0.0672,63.135663,164.6647,230.5306,1.4000,0,1,105,1845388,A168_HF9F_20260827_0900,2026-08-27 09:00:00,185
1226542|25|902,902,1226542,25,2026-05-03,1,-1,19,23,6,3801.6878,8.8964,-10.0091,0.0000,-112.507428,165.2908,200.0888,1.2105,19,1,171,1845389,A168_HF9F_20260827_0900,2026-08-27 09:00:00,185
1226542|26|902,902,1226542,26,2026-05-03,1,-1,10,17,5,1123.8593,27.9543,-164.9792,0.0336,-590.173579,66.1094,112.3859,1.7000,9,1,45,1845390,A168_HF9F_20260827_0900,2026-08-27 09:00:00,185
1226542|27|902,902,1226542,27,2026-05-03,1,-1,15,26,6,3119.3803,3119.3803,1386.4060,0.0000,44.444916,119.9762,207.9587,1.7333,0,1,105,1845391,A168_HF9F_20260827_0900,2026-08-27 09:00:00,185
1226542|28|902,902,1226542,28,2026-05-03,1,-1,7,13,6,205.3509,205.3509,-105.7020,0.0000,-51.473840,15.7962,29.3358,1.8571,0,1,21,1845392,A168_HF9F_20260827_0900,2026-08-27 09:00:00,185
1226542|29|902,902,1226542,29,2026-05-03,1,-1,13,19,6,581.9919,581.9919,373.0479,0.0840,64.098473,30.6312,44.7686,1.4615,0,1,78,1845393,A168_HF9F_20260827_0900,2026-08-27 09:00:00,185
1226542|3|902,902,1226542,3,2026-05-03,1,-1,3,3,2,361.3944,361.3944,-157.5200,0.0000,-43.586743,120.4648,120.4648,1.0000,0,1,3,1845394,A168_HF9F_20260827_0900,2026-08-27 09:00:00,185
1226542|30|902,902,1226542,30,2026-05-03,1,-1,13,19,5,400.3130,400.3130,-224.4083,0.0336,-56.058222,21.0691,30.7933,1.4615,0,1,78,1845395,A168_HF9F_20260827_0900,2026-08-27 09:00:00,185
1226542|31|902,902,1226542,31,2026-05-03,1,-1,9,16,6,304.5642,304.5642,249.9480,0.0000,82.067453,19.0353,33.8405,1.7778,0,1,36,1845396,A168_HF9F_20260827_0900,2026-08-27 09:00:00,185
1226542|32|902,902,1226542,32,2026-05-03,1,-1,8,19,7,1241.2986,1241.2986,1228.6949,0.0000,98.984634,65.3315,155.1623,2.3750,0,1,28,1845397,A168_HF9F_20260827_0900,2026-08-27 09:00:00,185
1226542|33|902,902,1226542,33,2026-05-03,1,-1,10,13,5,1083.3349,1083.3349,-408.6721,0.0000,-37.723527,83.3335,108.3335,1.3000,0,1,45,1845398,A168_HF9F_20260827_0900,2026-08-27 09:00:00,185
1226542|34|902,902,1226542,34,2026-05-03,1,-1,19,22,5,3839.6227,3839.6227,-525.1637,0.4739,-13.677483,174.5283,202.0854,1.1579,0,1,171,1845399,A168_HF9F_20260827_0900,2026-08-27 09:00:00,185
1226542|35|902,902,1226542,35,2026-05-03,1,-1,16,20,5,3079.0733,3079.0733,-1679.4324,0.3361,-54.543438,153.9537,192.4421,1.2500,0,1,120,1845400,A168_HF9F_20260827_0900,2026-08-27 09:00:00,185
1226542|36|902,902,1226542,36,2026-05-03,1,-1,11,15,6,556.6370,556.6370,-131.1181,0.0000,-23.555405,37.1091,50.6034,1.3636,0,1,55,1845401,A168_HF9F_20260827_0900,2026-08-27 09:00:00,185
1226542|37|902,902,1226542,37,2026-05-03,1,-1,5,5,2,555.3585,555.3585,15.4474,0.0000,2.781510,111.0717,111.0717,1.0000,0,1,10,1845402,A168_HF9F_20260827_0900,2026-08-27 09:00:00,185
1226542|38|902,902,1226542,38,2026-05-03,1,-1,6,6,2,466.5400,466.5400,337.9459,0.0000,72.436630,77.7567,77.7567,1.0000,0,1,15,1845403,A168_HF9F_20260827_0900,2026-08-27 09:00:00,185
1226542|39|902,902,1226542,39,2026-05-03,1,-1,4,4,2,208.1898,208.1898,157.5957,0.0000,75.698064,52.0475,52.0475,1.0000,0,1,6,1845404,A168_HF9F_20260827_0900,2026-08-27 09:00:00,185
1226542|4|902,902,1226542,4,2026-05-03,1,-1,1,1,1,12.6037,12.6037,12.6037,0.1008,100.000000,12.6037,12.6037,1.0000,0,0,0,1845405,A168_HF9F_20260827_0900,2026-08-27 09:00:00,185
1226542|40|902,902,1226542,40,2026-05-03,1,-1,5,5,2,215.8487,215.8487,104.5416,0.0000,48.432800,43.1697,43.1697,1.0000,0,1,10,1845406,A168_HF9F_20260827_0900,2026-08-27 09:00:00,185
1226542|41|902,902,1226542,41,2026-05-03,1,-1,1,2,2,57.7670,57.7670,57.7670,0.0000,100.000000,28.8835,57.7670,2.0000,0,0,0,1845407,A168_HF9F_20260827_0900,2026-08-27 09:00:00,185
1226542|42|902,902,1226542,42,2026-05-03,1,-1,7,8,3,221.5280,221.5280,25.0971,0.0000,11.329070,27.6910,31.6469,1.1429,0,1,21,1845408,A168_HF9F_20260827_0900,2026-08-27 09:00:00,185
1226542|43|902,902,1226542,43,2026-05-03,1,-1,12,17,5,523.1541,523.1541,-58.7302,0.0000,-11.226185,30.7738,43.5962,1.4167,0,1,66,1845409,A168_HF9F_20260827_0900,2026-08-27 09:00:00,185
1226542|44|902,902,1226542,44,2026-05-03,1,-1,7,13,5,690.2119,690.2119,-344.3895,0.0168,-49.896195,53.0932,98.6017,1.8571,0,1,21,1845410,A168_HF9F_20260827_0900,2026-08-27 09:00:00,185
1226542|45|902,902,1226542,45,2026-05-03,1,-1,16,30,8,1503.7834,1503.7834,882.0327,2.9535,58.654238,50.1261,93.9865,1.8750,0,1,120,1845411,A168_HF9F_20260827_0900,2026-08-27 09:00:00,185
1226542|46|902,902,1226542,46,2026-05-03,1,-1,8,18,7,462.1821,462.1821,-409.1780,0.0000,-88.531760,25.6768,57.7728,2.2500,0,1,28,1845412,A168_HF9F_20260827_0900,2026-08-27 09:00:00,185
1226542|47|902,902,1226542,47,2026-05-03,1,-1,11,17,7,713.2644,713.2644,-158.4050,0.0000,-22.208457,41.9567,64.8422,1.5455,0,1,55,1845413,A168_HF9F_20260827_0900,2026-08-27 09:00:00,185
1226542|48|902,902,1226542,48,2026-05-03,1,-1,11,16,7,691.4607,691.4607,188.7640,0.0000,27.299312,43.2163,62.8601,1.4545,0,1,55,1845414,A168_HF9F_20260827_0900,2026-08-27 09:00:00,185
1226542|49|902,902,1226542,49,2026-05-03,1,-1,9,14,7,651.5776,651.5776,140.8743,0.0000,21.620497,46.5413,72.3975,1.5556,0,1,36,1845415,A168_HF9F_20260827_0900,2026-08-27 09:00:00,185
1226542|5|902,902,1226542,5,2026-05-03,1,-1,2,2,2,54.6161,54.6161,29.4087,0.1008,53.846154,27.3081,27.3081,1.0000,0,1,1,1845416,A168_HF9F_20260827_0900,2026-08-27 09:00:00,185
1226542|50|902,902,1226542,50,2026-05-03,1,-1,7,12,7,546.3341,546.3341,-285.7944,0.0000,-52.311291,45.5278,78.0477,1.7143,0,1,21,1845417,A168_HF9F_20260827_0900,2026-08-27 09:00:00,185
1226542|6|902,902,1226542,6,2026-05-03,1,-1,3,4,3,347.2472,347.2472,326.2410,0.0840,93.950651,86.8118,115.7491,1.3333,0,1,3,1845418,A168_HF9F_20260827_0900,2026-08-27 09:00:00,185
1226542|7|902,902,1226542,7,2026-05-03,1,-1,4,4,2,514.1194,514.1194,480.5095,0.1008,93.462625,128.5298,128.5298,1.0000,0,1,6,1845419,A168_HF9F_20260827_0900,2026-08-27 09:00:00,185
1226542|8|902,902,1226542,8,2026-05-03,1,-1,2,2,1,407.2373,0.0000,0.0000,0.0000,,203.6186,203.6186,1.0000,2,1,1,1845420,A168_HF9F_20260827_0900,2026-08-27 09:00:00,185
1226542|9|902,902,1226542,9,2026-05-03,1,-1,3,3,2,23.1068,0.0000,0.0000,0.0000,,7.7023,7.7023,1.0000,3,1,3,1845421,A168_HF9F_20260827_0900,2026-08-27 09:00:00,185
1226577|1|902,902,1226577,1,2026-05-03,1,-1,3,3,2,98.8434,98.8434,56.8310,0.0000,57.495989,32.9478,32.9478,1.0000,0,1,3,1845422,A168_HF9F_20260827_0900,2026-08-27 09:00:00,185
1226577|10|902,902,1226577,10,2026-05-03,1,-1,9,11,3,1734.4777,1734.4777,1597.6788,0.0000,92.112962,157.6798,192.7197,1.2222,0,1,36,1845423,A168_HF9F_20260827_0900,2026-08-27 09:00:00,185
1226577|11|902,902,1226577,11,2026-05-03,1,-1,7,8,3,254.0388,254.0388,-84.7050,0.0000,-33.343349,31.7549,36.2913,1.1429,0,1,21,1845424,A168_HF9F_20260827_0900,2026-08-27 09:00:00,185
1226577|12|902,902,1226577,12,2026-05-03,1,-1,6,6,2,437.8957,437.8957,235.5190,0.0000,53.784280,72.9826,72.9826,1.0000,0,1,15,1845425,A168_HF9F_20260827_0900,2026-08-27 09:00:00,185
1226577|13|902,902,1226577,13,2026-05-03,1,-1,8,8,2,263.5053,263.5053,212.9112,0.4164,80.799570,32.9382,32.9382,1.0000,0,1,28,1845426,A168_HF9F_20260827_0900,2026-08-27 09:00:00,185
1226577|14|902,902,1226577,14,2026-05-03,1,-1,17,21,5,1584.8841,1584.8841,-81.2371,0.1512,-5.125746,75.4707,93.2285,1.2353,0,1,136,1845427,A168_HF9F_20260827_0900,2026-08-27 09:00:00,185
1226577|15|902,902,1226577,15,2026-05-03,1,-1,15,21,6,3340.7001,3340.7001,-777.8223,0.2353,-23.283214,159.0810,222.7133,1.4000,0,1,105,1845428,A168_HF9F_20260827_0900,2026-08-27 09:00:00,185
1226577|16|902,902,1226577,16,2026-05-03,1,-1,27,38,11,4694.4834,4690.2822,3401.6270,0.2185,72.524998,123.5390,173.8698,1.4074,1,1,351,1845429,A168_HF9F_20260827_0900,2026-08-27 09:00:00,185
1226577|17|902,902,1226577,17,2026-05-03,1,-1,7,18,11,1056.1148,1035.1086,-428.9789,0.0672,-41.442889,58.6730,150.8735,2.5714,1,1,21,1845430,A168_HF9F_20260827_0900,2026-08-27 09:00:00,185
1226577|18|902,902,1226577,18,2026-05-03,1,-1,17,32,11,2729.0644,2724.8632,33.0465,0.1344,1.212776,85.2833,160.5332,1.8824,1,1,136,1845431,A168_HF9F_20260827_0900,2026-08-27 09:00:00,185
1226577|19|902,902,1226577,19,2026-05-03,1,-1,8,9,3,673.6165,673.6165,548.4762,0.0672,81.422629,74.8463,84.2021,1.1250,0,1,28,1845432,A168_HF9F_20260827_0900,2026-08-27 09:00:00,185
1226577|2|902,902,1226577,2,2026-05-03,1,-1,1,1,1,7.7837,7.7837,7.7837,0.0000,100.000000,7.7837,7.7837,1.0000,0,0,0,1845433,A168_HF9F_20260827_0900,2026-08-27 09:00:00,185
1226577|20|902,902,1226577,20,2026-05-03,1,-1,13,14,3,1180.8430,1180.8430,-165.8383,0.0000,-14.044060,84.3459,90.8341,1.0769,0,1,78,1845434,A168_HF9F_20260827_0900,2026-08-27 09:00:00,185
1226577|21|902,902,1226577,21,2026-05-03,1,-1,9,10,3,567.6805,567.6805,-48.6235,0.2756,-8.565300,56.7681,63.0756,1.1111,0,1,36,1845435,A168_HF9F_20260827_0900,2026-08-27 09:00:00,185
1226577|22|902,902,1226577,22,2026-05-03,1,-1,7,8,3,142.5115,142.5115,-30.5091,0.0000,-21.408186,17.8139,20.3588,1.1429,0,1,21,1845436,A168_HF9F_20260827_0900,2026-08-27 09:00:00,185
1226577|23|902,902,1226577,23,2026-05-03,1,-1,10,11,3,529.2213,529.2213,-251.5734,0.5512,-47.536530,48.1110,52.9221,1.1000,0,1,45,1845437,A168_HF9F_20260827_0900,2026-08-27 09:00:00,185
1226577|24|902,902,1226577,24,2026-05-03,1,-1,22,33,7,4584.5996,4584.5996,-442.4701,0.5375,-9.651227,138.9273,208.3909,1.5000,0,1,231,1845438,A168_HF9F_20260827_0900,2026-08-27 09:00:00,185
1226577|25|902,902,1226577,25,2026-05-03,1,-1,4,4,2,116.4287,0.0000,0.0000,0.0000,,29.1072,29.1072,1.0000,4,1,6,1845439,A168_HF9F_20260827_0900,2026-08-27 09:00:00,185
1226577|26|902,902,1226577,26,2026-05-03,1,-1,4,4,2,74.1034,74.1034,8.9229,0.0000,12.041112,18.5259,18.5259,1.0000,0,1,6,1845440,A168_HF9F_20260827_0900,2026-08-27 09:00:00,185
1226577|27|902,902,1226577,27,2026-05-03,1,-1,8,9,3,309.4262,309.4262,-159.8243,0.0000,-51.651827,34.3807,38.6783,1.1250,0,1,28,1845441,A168_HF9F_20260827_0900,2026-08-27 09:00:00,185
1226577|28|902,902,1226577,28,2026-05-03,1,-1,6,6,2,339.4962,339.4962,-53.6629,0.0000,-15.806620,56.5827,56.5827,1.0000,0,1,15,1845442,A168_HF9F_20260827_0900,2026-08-27 09:00:00,185
1226577|29|902,902,1226577,29,2026-05-03,1,-1,14,15,3,1638.4453,1638.4453,-320.8397,0.0840,-19.581958,109.2297,117.0318,1.0714,0,1,91,1845443,A168_HF9F_20260827_0900,2026-08-27 09:00:00,185
1226577|3|902,902,1226577,3,2026-05-03,1,-1,5,5,2,176.0705,176.0705,-60.5031,0.0000,-34.362993,35.2141,35.2141,1.0000,0,1,10,1845444,A168_HF9F_20260827_0900,2026-08-27 09:00:00,185
1226577|30|902,902,1226577,30,2026-05-03,1,-1,7,8,3,926.9940,926.9940,-524.8974,0.0000,-56.623606,115.8743,132.4277,1.1429,0,1,21,1845445,A168_HF9F_20260827_0900,2026-08-27 09:00:00,185
1226577|31|902,902,1226577,31,2026-05-03,1,-1,4,4,2,685.4162,685.4162,-514.5838,0.0000,-75.076103,171.3541,171.3541,1.0000,0,1,6,1845446,A168_HF9F_20260827_0900,2026-08-27 09:00:00,185
1226577|32|902,902,1226577,32,2026-05-03,1,-1,11,11,2,1742.7574,1742.7574,-1110.1246,0.0000,-63.699320,158.4325,158.4325,1.0000,0,1,55,1845447,A168_HF9F_20260827_0900,2026-08-27 09:00:00,185
1226577|33|902,902,1226577,33,2026-05-03,1,-1,5,8,5,799.3794,799.3794,-78.2459,0.2481,-9.788326,99.9224,159.8759,1.6000,0,1,10,1845448,A168_HF9F_20260827_0900,2026-08-27 09:00:00,185
1226577|34|902,902,1226577,34,2026-05-03,1,-1,8,8,2,1746.3313,0.0000,0.0000,0.0000,,218.2914,218.2914,1.0000,8,1,28,1845449,A168_HF9F_20260827_0900,2026-08-27 09:00:00,185
1226577|35|902,902,1226577,35,2026-05-03,1,-1,9,14,5,1029.8267,1029.8267,-747.7068,0.8269,-72.605115,73.5590,114.4252,1.5556,0,1,36,1845450,A168_HF9F_20260827_0900,2026-08-27 09:00:00,185
1226577|36|902,902,1226577,36,2026-05-03,1,-1,5,8,6,1017.2814,1017.2814,996.2752,0.0000,97.935065,127.1602,203.4563,1.6000,0,1,10,1845451,A168_HF9F_20260827_0900,2026-08-27 09:00:00,185
1226577|37|902,902,1226577,37,2026-05-03,1,-1,9,9,2,1336.7346,1336.7346,1129.9072,0.0000,84.527409,148.5261,148.5261,1.0000,0,1,36,1845452,A168_HF9F_20260827_0900,2026-08-27 09:00:00,185
1226577|38|902,902,1226577,38,2026-05-03,1,-1,5,5,2,1160.5366,0.0000,0.0000,0.0000,,232.1073,232.1073,1.0000,5,1,10,1845453,A168_HF9F_20260827_0900,2026-08-27 09:00:00,185
1226577|39|902,902,1226577,39,2026-05-03,1,-1,8,8,2,2615.2683,2615.2683,-501.7529,0.0000,-19.185524,326.9085,326.9085,1.0000,0,1,28,1845454,A168_HF9F_20260827_0900,2026-08-27 09:00:00,185
1226577|4|902,902,1226577,4,2026-05-03,1,-1,7,7,2,419.8759,419.8759,-187.4973,0.0000,-44.655407,59.9823,59.9823,1.0000,0,1,21,1845455,A168_HF9F_20260827_0900,2026-08-27 09:00:00,185
1226577|40|902,902,1226577,40,2026-05-03,1,-1,5,5,2,456.2175,456.2175,-373.1912,0.0000,-81.801156,91.2435,91.2435,1.0000,0,1,10,1845456,A168_HF9F_20260827_0900,2026-08-27 09:00:00,185
1226577|41|902,902,1226577,41,2026-05-03,1,-1,6,11,5,823.4477,719.6648,462.1026,0.0000,64.210807,74.8589,137.2413,1.8333,1,1,15,1845457,A168_HF9F_20260827_0900,2026-08-27 09:00:00,185
1226577|42|902,902,1226577,42,2026-05-03,1,-1,6,10,5,1140.3616,1088.4701,513.9065,0.0000,47.213654,114.0362,190.0603,1.6667,1,1,15,1845458,A168_HF9F_20260827_0900,2026-08-27 09:00:00,185
1226577|43|902,902,1226577,43,2026-05-03,1,-1,11,12,2,2301.3314,2301.3314,-2182.1686,0.0000,-94.822007,191.7776,209.2119,1.0909,0,1,55,1845459,A168_HF9F_20260827_0900,2026-08-27 09:00:00,185
1226577|44|902,902,1226577,44,2026-05-03,1,-1,20,29,8,1976.1121,1976.1121,-210.8338,0.6117,-10.669124,68.1418,98.8056,1.4500,0,1,190,1845460,A168_HF9F_20260827_0900,2026-08-27 09:00:00,185
1226577|45|902,902,1226577,45,2026-05-03,1,-1,25,30,4,2477.0609,2472.8596,757.0284,0.3361,30.613481,82.5687,99.0824,1.2000,1,1,300,1845461,A168_HF9F_20260827_0900,2026-08-27 09:00:00,185
1226577|46|902,902,1226577,46,2026-05-03,1,-1,15,25,6,1172.7633,1164.3608,144.3608,0.0000,12.398289,46.9105,78.1842,1.6667,1,1,105,1845462,A168_HF9F_20260827_0900,2026-08-27 09:00:00,185
1226577|47|902,902,1226577,47,2026-05-03,1,-1,9,13,4,725.5881,721.3869,165.6016,0.0945,22.956009,55.8145,80.6209,1.4444,1,1,36,1845463,A168_HF9F_20260827_0900,2026-08-27 09:00:00,185
1226577|48|902,902,1226577,48,2026-05-03,1,-1,23,30,5,1714.0400,1635.7791,-547.5531,0.2521,-33.473536,57.1347,74.5235,1.3043,3,1,253,1845464,A168_HF9F_20260827_0900,2026-08-27 09:00:00,185
1226577|49|902,902,1226577,49,2026-05-03,1,-1,22,31,7,2085.9104,2077.5080,250.2232,0.5357,12.044390,67.2874,94.8141,1.4091,1,1,231,1845465,A168_HF9F_20260827_0900,2026-08-27 09:00:00,185
1226577|5|902,902,1226577,5,2026-05-03,1,-1,23,23,2,1267.2155,1267.2155,350.4302,0.0000,27.653557,55.0963,55.0963,1.0000,0,1,253,1845466,A168_HF9F_20260827_0900,2026-08-27 09:00:00,185
1226577|50|902,902,1226577,50,2026-05-03,1,-1,6,9,5,1665.3918,1665.3918,-1328.0974,0.0000,-79.746845,185.0435,277.5653,1.5000,0,1,15,1845467,A168_HF9F_20260827_0900,2026-08-27 09:00:00,185
1226577|51|902,902,1226577,51,2026-05-03,1,-1,7,9,4,2380.3060,2380.3060,-226.8340,0.0000,-9.529616,264.4784,340.0437,1.2857,0,1,21,1845468,A168_HF9F_20260827_0900,2026-08-27 09:00:00,185
1226577|52|902,902,1226577,52,2026-05-03,1,-1,9,12,5,2772.5642,2772.5642,-50.8529,0.2836,-1.834146,231.0470,308.0627,1.3333,0,1,36,1845469,A168_HF9F_20260827_0900,2026-08-27 09:00:00,185
1226577|6|902,902,1226577,6,2026-05-03,1,-1,15,16,3,1170.1089,1170.1089,669.2249,0.7562,57.193386,73.1318,78.0073,1.0667,0,1,105,1845470,A168_HF9F_20260827_0900,2026-08-27 09:00:00,185
1226577|7|902,902,1226577,7,2026-05-03,1,-1,3,3,2,198.7942,198.7942,-190.3917,0.0000,-95.773277,66.2647,66.2647,1.0000,0,1,3,1845471,A168_HF9F_20260827_0900,2026-08-27 09:00:00,185
1226577|8|902,902,1226577,8,2026-05-03,1,-1,6,8,3,393.2025,393.2025,-135.5064,0.0000,-34.462256,49.1503,65.5337,1.3333,0,1,15,1845472,A168_HF9F_20260827_0900,2026-08-27 09:00:00,185
1226577|9|902,902,1226577,9,2026-05-03,1,-1,7,8,3,675.6873,675.6873,-605.1346,0.0000,-89.558381,84.4609,96.5268,1.1429,0,1,21,1845473,A168_HF9F_20260827_0900,2026-08-27 09:00:00,185
1226614|10|902,902,1226614,10,2026-05-03,1,-1,3,4,2,736.3240,731.1349,-668.8651,0.0000,-91.483140,184.0810,245.4413,1.3333,1,1,3,1845474,A168_HF9F_20260827_0900,2026-08-27 09:00:00,185
1226614|11|902,902,1226614,11,2026-05-03,1,-1,7,7,2,822.0416,822.0416,-681.9242,0.0000,-82.954942,117.4345,117.4345,1.0000,0,1,21,1845475,A168_HF9F_20260827_0900,2026-08-27 09:00:00,185
1226614|12|902,902,1226614,12,2026-05-03,1,-1,4,4,1,741.4798,741.4798,-741.4798,0.0000,-100.000000,185.3700,185.3700,1.0000,0,1,6,1845476,A168_HF9F_20260827_0900,2026-08-27 09:00:00,185
1226614|13|902,902,1226614,13,2026-05-03,1,-1,25,29,6,1460.0883,1460.0883,-157.4782,0.0672,-10.785524,50.3479,58.4035,1.1600,0,1,300,1845477,A168_HF9F_20260827_0900,2026-08-27 09:00:00,185
1226614|14|902,902,1226614,14,2026-05-03,1,-1,25,33,6,1353.9705,1322.5860,359.2752,0.4201,27.164600,41.0294,54.1588,1.3200,2,1,300,1845478,A168_HF9F_20260827_0900,2026-08-27 09:00:00,185
1226614|15|902,902,1226614,15,2026-05-03,1,-1,11,12,4,1411.5068,1411.5068,-180.5266,0.2836,-12.789636,117.6256,128.3188,1.0909,0,1,55,1845479,A168_HF9F_20260827_0900,2026-08-27 09:00:00,185
1226614|16|902,902,1226614,16,2026-05-03,1,-1,13,13,2,1604.8772,1604.8772,-101.0943,0.0000,-6.299192,123.4521,123.4521,1.0000,0,1,78,1845480,A168_HF9F_20260827_0900,2026-08-27 09:00:00,185
1226614|17|902,902,1226614,17,2026-05-03,1,-1,10,11,2,1187.2115,1167.2115,-1117.7250,0.0000,-95.760277,107.9283,118.7212,1.1000,1,1,45,1845481,A168_HF9F_20260827_0900,2026-08-27 09:00:00,185
1226614|18|902,902,1226614,18,2026-05-03,1,-1,16,16,2,1203.1888,1203.1888,-46.6810,0.0000,-3.879769,75.1993,75.1993,1.0000,0,1,120,1845482,A168_HF9F_20260827_0900,2026-08-27 09:00:00,185
1226614|19|902,902,1226614,19,2026-05-03,1,-1,8,8,2,1137.3775,1137.3775,-851.0561,0.0000,-74.826176,142.1722,142.1722,1.0000,0,1,28,1845483,A168_HF9F_20260827_0900,2026-08-27 09:00:00,185
1226614|2|902,902,1226614,2,2026-05-03,1,-1,1,1,1,600.0000,600.0000,-570.0000,0.0000,-95.000000,600.0000,600.0000,1.0000,0,0,0,1845484,A168_HF9F_20260827_0900,2026-08-27 09:00:00,185
1226614|20|902,902,1226614,20,2026-05-03,1,-1,14,15,3,1432.0687,1432.0687,474.6148,0.5041,33.141902,95.4712,102.2906,1.0714,0,1,91,1845485,A168_HF9F_20260827_0900,2026-08-27 09:00:00,185
1226614|21|902,902,1226614,21,2026-05-03,1,-1,13,14,3,785.4754,785.4754,303.3035,0.0000,38.614003,56.1054,60.4212,1.0769,0,1,78,1845486,A168_HF9F_20260827_0900,2026-08-27 09:00:00,185
1226614|22|902,902,1226614,22,2026-05-03,1,-1,9,10,3,496.7024,496.7024,-369.4856,0.0000,-74.387720,49.6702,55.1892,1.1111,0,1,36,1845487,A168_HF9F_20260827_0900,2026-08-27 09:00:00,185
1226614|23|902,902,1226614,23,2026-05-03,1,-1,9,12,5,431.9323,431.9323,-12.5233,0.0000,-2.899363,35.9944,47.9925,1.3333,0,1,36,1845488,A168_HF9F_20260827_0900,2026-08-27 09:00:00,185
1226614|24|902,902,1226614,24,2026-05-03,1,-1,6,6,2,422.4979,422.4979,321.3096,0.0000,76.049983,70.4163,70.4163,1.0000,0,1,15,1845489,A168_HF9F_20260827_0900,2026-08-27 09:00:00,185
1226614|25|902,902,1226614,25,2026-05-03,1,-1,13,16,5,826.9071,826.9071,14.9787,0.0000,1.811413,51.6817,63.6082,1.2308,0,1,78,1845490,A168_HF9F_20260827_0900,2026-08-27 09:00:00,185
1226614|26|902,902,1226614,26,2026-05-03,1,-1,12,15,5,1481.9182,25.9457,-20.7566,0.0000,-80.000000,98.7945,123.4932,1.2500,12,1,66,1845491,A168_HF9F_20260827_0900,2026-08-27 09:00:00,185
1226614|27|902,902,1226614,27,2026-05-03,1,-1,8,14,7,1062.8702,1062.8702,890.6067,0.0000,83.792611,75.9193,132.8588,1.7500,0,1,28,1845492,A168_HF9F_20260827_0900,2026-08-27 09:00:00,185
1226614|28|902,902,1226614,28,2026-05-03,1,-1,8,17,8,392.6752,49.6089,-195.6020,0.0000,-394.288084,23.0985,49.0844,2.1250,8,1,28,1845493,A168_HF9F_20260827_0900,2026-08-27 09:00:00,185
1226614|29|902,902,1226614,29,2026-05-03,1,-1,7,10,4,325.2058,325.2058,-281.5920,0.0000,-86.588868,32.5206,46.4580,1.4286,0,1,21,1845494,A168_HF9F_20260827_0900,2026-08-27 09:00:00,185
1226614|3|902,902,1226614,3,2026-05-03,1,-1,7,10,4,723.8281,702.8219,615.4361,0.2487,87.566440,72.3828,103.4040,1.4286,1,1,21,1845495,A168_HF9F_20260827_0900,2026-08-27 09:00:00,185
1226614|30|902,902,1226614,30,2026-05-03,1,-1,10,14,5,335.2320,335.2320,193.0816,0.0000,57.596408,23.9451,33.5232,1.4000,0,1,45,1845496,A168_HF9F_20260827_0900,2026-08-27 09:00:00,185
1226614|31|902,902,1226614,31,2026-05-03,1,-1,13,20,7,1192.2420,1192.2420,912.6458,1.8696,76.548709,59.6121,91.7109,1.5385,0,1,78,1845497,A168_HF9F_20260827_0900,2026-08-27 09:00:00,185
1226614|32|902,902,1226614,32,2026-05-03,1,-1,25,39,8,1379.2884,1379.2884,-1094.9647,0.5882,-79.386200,35.3664,55.1715,1.5600,0,1,300,1845498,A168_HF9F_20260827_0900,2026-08-27 09:00:00,185
1226614|33|902,902,1226614,33,2026-05-03,1,-1,12,15,5,340.1080,340.1080,-47.9067,0.0000,-14.085733,22.6739,28.3423,1.2500,0,1,66,1845499,A168_HF9F_20260827_0900,2026-08-27 09:00:00,185
1226614|34|902,902,1226614,34,2026-05-03,1,-1,11,13,4,669.0621,669.0621,512.8914,0.0000,76.658262,51.4663,60.8238,1.1818,0,1,55,1845500,A168_HF9F_20260827_0900,2026-08-27 09:00:00,185
1226614|35|902,902,1226614,35,2026-05-03,1,-1,28,37,7,2402.1145,2402.1145,1595.9118,0.0000,66.437791,64.9220,85.7898,1.3214,0,1,378,1845501,A168_HF9F_20260827_0900,2026-08-27 09:00:00,185
1226614|36|902,902,1226614,36,2026-05-03,1,-1,10,16,7,225.4388,225.4388,42.8131,0.0000,18.990989,14.0899,22.5439,1.6000,0,1,45,1845502,A168_HF9F_20260827_0900,2026-08-27 09:00:00,185
1226614|37|902,902,1226614,37,2026-05-03,1,-1,15,24,7,1347.0310,1347.0310,905.8517,0.0000,67.248026,56.1263,89.8021,1.6000,0,1,105,1845503,A168_HF9F_20260827_0900,2026-08-27 09:00:00,185
1226614|38|902,902,1226614,38,2026-05-03,1,-1,10,15,5,354.0871,7.7099,-13.0862,0.0000,-169.733296,23.6058,35.4087,1.5000,10,1,45,1845504,A168_HF9F_20260827_0900,2026-08-27 09:00:00,185
1226614|39|902,902,1226614,39,2026-05-03,1,-1,11,15,5,688.7991,688.7991,258.3837,0.0000,37.512204,45.9199,62.6181,1.3636,0,1,55,1845505,A168_HF9F_20260827_0900,2026-08-27 09:00:00,185
1226614|4|902,902,1226614,4,2026-05-03,1,-1,3,10,8,700.8297,679.8235,-520.1765,0.6050,-76.516392,70.0830,233.6099,3.3333,1,1,3,1845506,A168_HF9F_20260827_0900,2026-08-27 09:00:00,185
1226614|40|902,902,1226614,40,2026-05-03,1,-1,14,21,7,643.5993,643.5993,-236.3305,0.0000,-36.720124,30.6476,45.9714,1.5000,0,1,91,1845507,A168_HF9F_20260827_0900,2026-08-27 09:00:00,185
1226614|41|902,902,1226614,41,2026-05-03,1,-1,10,12,3,373.7149,373.7149,122.0980,0.0000,32.671424,31.1429,37.3715,1.2000,0,1,45,1845508,A168_HF9F_20260827_0900,2026-08-27 09:00:00,185
1226614|42|902,902,1226614,42,2026-05-03,1,-1,16,20,5,864.4258,864.4258,55.5946,0.0000,6.431391,43.2213,54.0266,1.2500,0,1,120,1845509,A168_HF9F_20260827_0900,2026-08-27 09:00:00,185
1226614|43|902,902,1226614,43,2026-05-03,1,-1,11,13,4,751.9129,751.9129,367.3647,0.0000,48.857352,57.8395,68.3557,1.1818,0,1,55,1845510,A168_HF9F_20260827_0900,2026-08-27 09:00:00,185
1226614|44|902,902,1226614,44,2026-05-03,1,-1,6,8,4,287.1100,287.1100,115.8682,0.0000,40.356737,35.8887,47.8517,1.3333,0,1,15,1845511,A168_HF9F_20260827_0900,2026-08-27 09:00:00,185
1226614|45|902,902,1226614,45,2026-05-03,1,-1,7,7,2,159.7641,159.7641,-25.4599,0.0000,-15.935910,22.8234,22.8234,1.0000,0,1,21,1845512,A168_HF9F_20260827_0900,2026-08-27 09:00:00,185
1226614|46|902,902,1226614,46,2026-05-03,1,-1,4,5,3,85.5014,85.5014,-45.5896,0.0000,-53.320304,17.1003,21.3753,1.2500,0,1,6,1845513,A168_HF9F_20260827_0900,2026-08-27 09:00:00,185
1226614|47|902,902,1226614,47,2026-05-03,1,-1,10,11,3,567.1524,567.1524,25.1865,0.0000,4.440868,51.5593,56.7152,1.1000,0,1,45,1845514,A168_HF9F_20260827_0900,2026-08-27 09:00:00,185
1226614|48|902,902,1226614,48,2026-05-03,1,-1,6,7,3,257.3847,257.3847,50.8754,0.0000,19.766287,36.7692,42.8975,1.1667,0,1,15,1845515,A168_HF9F_20260827_0900,2026-08-27 09:00:00,185
1226614|49|902,902,1226614,49,2026-05-03,1,-1,7,8,3,1623.5483,1623.5483,-450.8122,0.0000,-27.767095,202.9435,231.9355,1.1429,0,1,21,1845516,A168_HF9F_20260827_0900,2026-08-27 09:00:00,185
1226614|5|902,902,1226614,5,2026-05-03,1,-1,6,11,5,1298.1799,1298.1799,-1023.8935,0.1949,-78.871467,118.0164,216.3633,1.8333,0,1,15,1845517,A168_HF9F_20260827_0900,2026-08-27 09:00:00,185
1226614|50|902,902,1226614,50,2026-05-03,1,-1,7,9,4,330.8479,330.8479,-223.2121,0.0000,-67.466690,36.7609,47.2640,1.2857,0,1,21,1845518,A168_HF9F_20260827_0900,2026-08-27 09:00:00,185
1226614|51|902,902,1226614,51,2026-05-03,1,-1,6,7,3,1115.4418,1115.4418,-1011.4495,0.0000,-90.677034,159.3488,185.9070,1.1667,0,1,15,1845519,A168_HF9F_20260827_0900,2026-08-27 09:00:00,185
1226614|52|902,902,1226614,52,2026-05-03,1,-1,11,14,4,1565.9828,1565.9828,1054.0161,0.0000,67.306998,111.8559,142.3621,1.2727,0,1,55,1845520,A168_HF9F_20260827_0900,2026-08-27 09:00:00,185
1226614|6|902,902,1226614,6,2026-05-03,1,-1,6,9,5,1458.8333,1458.8333,-381.7344,0.1882,-26.167103,162.0926,243.1389,1.5000,0,1,15,1845521,A168_HF9F_20260827_0900,2026-08-27 09:00:00,185
1226614|7|902,902,1226614,7,2026-05-03,1,-1,11,18,7,2004.7575,2004.7575,-584.4852,0.1748,-29.154908,111.3754,182.2507,1.6364,0,1,55,1845522,A168_HF9F_20260827_0900,2026-08-27 09:00:00,185
1226614|8|902,902,1226614,8,2026-05-03,1,-1,9,15,8,1665.8533,1665.8533,253.6237,0.0000,15.224855,111.0569,185.0948,1.6667,0,1,36,1845523,A168_HF9F_20260827_0900,2026-08-27 09:00:00,185
1226614|9|902,902,1226614,9,2026-05-03,1,-1,4,4,2,864.0768,864.0768,-795.3804,0.0000,-92.049734,216.0192,216.0192,1.0000,0,1,6,1845524,A168_HF9F_20260827_0900,2026-08-27 09:00:00,185
1226653|1|902,902,1226653,1,2026-05-03,1,-1,2,2,1,64.8643,64.8643,-61.6211,0.0000,-95.000000,32.4322,32.4322,1.0000,0,1,1,1845525,A168_HF9F_20260827_0900,2026-08-27 09:00:00,185
1226653|10|902,902,1226653,10,2026-05-03,1,-1,3,3,2,46.8271,46.8271,-24.0047,0.0000,-51.262425,15.6090,15.6090,1.0000,0,1,3,1845526,A168_HF9F_20260827_0900,2026-08-27 09:00:00,185
1226653|11|902,902,1226653,11,2026-05-03,1,-1,7,7,2,168.6006,168.6006,49.1010,0.0945,29.122681,24.0858,24.0858,1.0000,0,1,21,1845527,A168_HF9F_20260827_0900,2026-08-27 09:00:00,185
1226653|12|902,902,1226653,12,2026-05-03,1,-1,29,42,10,897.2775,897.2775,555.5700,0.1281,61.917298,21.3638,30.9406,1.4483,0,1,406,1845528,A168_HF9F_20260827_0900,2026-08-27 09:00:00,185
1226653|13|902,902,1226653,13,2026-05-03,1,-1,8,8,2,215.4902,215.4902,164.8960,0.0000,76.521361,26.9363,26.9363,1.0000,0,1,28,1845529,A168_HF9F_20260827_0900,2026-08-27 09:00:00,185
1226653|14|902,902,1226653,14,2026-05-03,1,-1,1,1,1,33.4482,0.0000,0.0000,0.0000,,33.4482,33.4482,1.0000,1,0,0,1845530,A168_HF9F_20260827_0900,2026-08-27 09:00:00,185
1226653|15|902,902,1226653,15,2026-05-03,1,-1,6,6,2,221.9941,221.9941,-145.6705,0.0000,-65.619072,36.9990,36.9990,1.0000,0,1,15,1845531,A168_HF9F_20260827_0900,2026-08-27 09:00:00,185
1226653|16|902,902,1226653,16,2026-05-03,1,-1,6,6,2,329.5297,329.5297,211.1398,0.0945,64.073071,54.9216,54.9216,1.0000,0,1,15,1845532,A168_HF9F_20260827_0900,2026-08-27 09:00:00,185
1226653|17|902,902,1226653,17,2026-05-03,1,-1,11,11,2,1532.6054,1532.6054,1351.4091,0.0000,88.177235,139.3278,139.3278,1.0000,0,1,55,1845533,A168_HF9F_20260827_0900,2026-08-27 09:00:00,185
1226653|18|902,902,1226653,18,2026-05-03,1,-1,7,9,4,163.5141,163.5141,32.6961,0.0000,19.995863,18.1682,23.3592,1.2857,0,1,21,1845534,A168_HF9F_20260827_0900,2026-08-27 09:00:00,185
1226653|19|902,902,1226653,19,2026-05-03,1,-1,12,17,5,532.2910,515.4861,267.8875,0.0945,51.967948,31.3112,44.3576,1.4167,1,1,66,1845535,A168_HF9F_20260827_0900,2026-08-27 09:00:00,185
1226653|2|902,902,1226653,2,2026-05-03,1,-1,4,4,2,107.9841,107.9841,-56.0927,0.0000,-51.945304,26.9960,26.9960,1.0000,0,1,6,1845536,A168_HF9F_20260827_0900,2026-08-27 09:00:00,185
1226653|20|902,902,1226653,20,2026-05-03,1,-1,12,15,5,731.9617,731.9617,-562.8401,0.1617,-76.894752,48.7974,60.9968,1.2500,0,1,66,1845537,A168_HF9F_20260827_0900,2026-08-27 09:00:00,185
1226653|21|902,902,1226653,21,2026-05-03,1,-1,5,5,2,71.8781,71.8781,49.5647,0.0336,68.956706,14.3756,14.3756,1.0000,0,1,10,1845538,A168_HF9F_20260827_0900,2026-08-27 09:00:00,185
1226653|22|902,902,1226653,22,2026-05-03,1,-1,6,9,4,276.8252,276.8252,-102.9217,0.0000,-37.179300,30.7584,46.1375,1.5000,0,1,15,1845539,A168_HF9F_20260827_0900,2026-08-27 09:00:00,185
1226653|23|902,902,1226653,23,2026-05-03,1,-1,4,4,2,92.2233,0.0000,0.0000,0.0000,,23.0558,23.0558,1.0000,4,1,6,1845540,A168_HF9F_20260827_0900,2026-08-27 09:00:00,185
1226653|24|902,902,1226653,24,2026-05-03,1,-1,6,6,3,428.8573,428.8573,420.6649,0.1891,98.089710,71.4762,71.4762,1.0000,0,1,15,1845541,A168_HF9F_20260827_0900,2026-08-27 09:00:00,185
1226653|25|902,902,1226653,25,2026-05-03,1,-1,7,10,5,218.9478,218.9478,-25.7191,0.1891,-11.746682,21.8948,31.2783,1.4286,0,1,21,1845542,A168_HF9F_20260827_0900,2026-08-27 09:00:00,185
1226653|26|902,902,1226653,26,2026-05-03,1,-1,5,5,2,10172.9891,10172.9891,-10079.0853,0.1891,-99.076930,2034.5978,2034.5978,1.0000,0,1,10,1845543,A168_HF9F_20260827_0900,2026-08-27 09:00:00,185
1226653|27|902,902,1226653,27,2026-05-03,1,-1,5,5,2,915.2385,915.2385,-763.5394,0.0000,-83.425183,183.0477,183.0477,1.0000,0,1,10,1845544,A168_HF9F_20260827_0900,2026-08-27 09:00:00,185
1226653|28|902,902,1226653,28,2026-05-03,1,-1,4,5,3,55.5578,55.5578,35.5578,0.0000,64.001455,11.1116,13.8895,1.2500,0,1,6,1845545,A168_HF9F_20260827_0900,2026-08-27 09:00:00,185
1226653|29|902,902,1226653,29,2026-05-03,1,-1,10,11,3,154.2613,154.2613,-30.3628,0.2764,-19.682672,14.0238,15.4261,1.1000,0,1,45,1845546,A168_HF9F_20260827_0900,2026-08-27 09:00:00,185
1226653|3|902,902,1226653,3,2026-05-03,1,-1,3,6,4,111.3071,111.3071,-304.2266,0.0000,-273.321678,18.5512,37.1024,2.0000,0,1,3,1845547,A168_HF9F_20260827_0900,2026-08-27 09:00:00,185
1226653|30|902,902,1226653,30,2026-05-03,1,-1,10,11,3,315.2100,315.2100,-280.4274,0.0840,-88.965248,28.6555,31.5210,1.1000,0,1,45,1845548,A168_HF9F_20260827_0900,2026-08-27 09:00:00,185
1226653|31|902,902,1226653,31,2026-05-03,1,-1,13,13,2,2758.7388,2758.7388,1686.5548,0.3025,61.134993,212.2107,212.2107,1.0000,0,1,78,1845549,A168_HF9F_20260827_0900,2026-08-27 09:00:00,185
1226653|32|902,902,1226653,32,2026-05-03,1,-1,3,3,1,125.4131,125.4131,125.4131,0.6092,100.000000,41.8044,41.8044,1.0000,0,1,3,1845550,A168_HF9F_20260827_0900,2026-08-27 09:00:00,185
1226653|33|902,902,1226653,33,2026-05-03,1,-1,2,2,1,79.4634,79.4634,-79.4634,0.0000,-100.000000,39.7317,39.7317,1.0000,0,1,1,1845551,A168_HF9F_20260827_0900,2026-08-27 09:00:00,185
1226653|34|902,902,1226653,34,2026-05-03,1,-1,15,17,4,643.4800,643.4800,190.9680,0.0000,29.677370,37.8518,42.8987,1.1333,0,1,105,1845552,A168_HF9F_20260827_0900,2026-08-27 09:00:00,185
1226653|35|902,902,1226653,35,2026-05-03,1,-1,5,7,3,192.0195,183.6170,146.2414,0.0000,79.644782,27.4314,38.4039,1.4000,1,1,10,1845553,A168_HF9F_20260827_0900,2026-08-27 09:00:00,185
1226653|36|902,902,1226653,36,2026-05-03,1,-1,7,12,7,676.6063,10.5031,-8.4025,0.0000,-80.000000,56.3839,96.6580,1.7143,7,1,21,1845554,A168_HF9F_20260827_0900,2026-08-27 09:00:00,185
1226653|37|902,902,1226653,37,2026-05-03,1,-1,5,7,4,312.4377,312.4377,293.6569,0.2736,93.988956,44.6340,62.4875,1.4000,0,1,10,1845555,A168_HF9F_20260827_0900,2026-08-27 09:00:00,185
1226653|38|902,902,1226653,38,2026-05-03,1,-1,2,2,1,264.6464,264.6464,-264.6464,0.0000,-100.000000,132.3232,132.3232,1.0000,0,1,1,1845556,A168_HF9F_20260827_0900,2026-08-27 09:00:00,185
1226653|39|902,902,1226653,39,2026-05-03,1,-1,9,13,4,1311.8197,1301.4414,-460.0723,0.7363,-35.350977,100.9092,145.7577,1.4444,1,1,36,1845557,A168_HF9F_20260827_0900,2026-08-27 09:00:00,185
1226653|4|902,902,1226653,4,2026-05-03,1,-1,7,12,5,349.2105,33.9791,10.6279,0.0000,31.277819,29.1009,49.8872,1.7143,7,1,21,1845558,A168_HF9F_20260827_0900,2026-08-27 09:00:00,185
1226653|40|902,902,1226653,40,2026-05-03,1,-1,4,5,3,306.7783,306.7783,154.9958,0.0000,50.523723,61.3557,76.6946,1.2500,0,1,6,1845559,A168_HF9F_20260827_0900,2026-08-27 09:00:00,185
1226653|41|902,902,1226653,41,2026-05-03,1,-1,19,21,4,1110.3386,8.4025,-29.4087,0.0336,-350.000000,52.8733,58.4389,1.1053,19,1,171,1845560,A168_HF9F_20260827_0900,2026-08-27 09:00:00,185
1226653|42|902,902,1226653,42,2026-05-03,1,-1,12,12,2,1479.3862,1479.3862,-1268.6454,0.7867,-85.754854,123.2822,123.2822,1.0000,0,1,66,1845561,A168_HF9F_20260827_0900,2026-08-27 09:00:00,185
1226653|43|902,902,1226653,43,2026-05-03,1,-1,5,7,4,127.9339,127.9339,-63.0186,0.0000,-49.258721,18.2763,25.5868,1.4000,0,1,10,1845562,A168_HF9F_20260827_0900,2026-08-27 09:00:00,185
1226653|44|902,902,1226653,44,2026-05-03,1,-1,8,18,10,1584.5218,1584.5218,790.8225,0.0000,49.909219,88.0290,198.0652,2.2500,0,1,28,1845563,A168_HF9F_20260827_0900,2026-08-27 09:00:00,185
1226653|45|902,902,1226653,45,2026-05-03,1,-1,13,24,9,974.5959,974.5959,-692.3132,0.1094,-71.035924,40.6082,74.9689,1.8462,0,1,78,1845564,A168_HF9F_20260827_0900,2026-08-27 09:00:00,185
1226653|46|902,902,1226653,46,2026-05-03,1,-1,15,24,7,1011.6772,1011.6772,100.2561,0.0000,9.909895,42.1532,67.4451,1.6000,0,1,105,1845565,A168_HF9F_20260827_0900,2026-08-27 09:00:00,185
1226653|47|902,902,1226653,47,2026-05-03,1,-1,21,34,9,964.9832,964.9832,97.6170,0.0000,10.115930,28.3819,45.9516,1.6190,0,1,210,1845566,A168_HF9F_20260827_0900,2026-08-27 09:00:00,185
1226653|48|902,902,1226653,48,2026-05-03,1,-1,12,21,8,786.0549,786.0549,124.3974,0.5472,15.825538,37.4312,65.5046,1.7500,0,1,66,1845567,A168_HF9F_20260827_0900,2026-08-27 09:00:00,185
1226653|49|902,902,1226653,49,2026-05-03,1,-1,6,7,3,781.8157,129.7286,129.7286,0.0000,100.000000,111.6880,130.3026,1.1667,6,1,15,1845568,A168_HF9F_20260827_0900,2026-08-27 09:00:00,185
1226653|5|902,902,1226653,5,2026-05-03,1,-1,8,17,8,445.6741,445.6741,-180.2789,0.0336,-40.450830,26.2161,55.7093,2.1250,0,1,28,1845569,A168_HF9F_20260827_0900,2026-08-27 09:00:00,185
1226653|50|902,902,1226653,50,2026-05-03,1,-1,2,6,6,166.0526,166.0526,-93.4046,0.0000,-56.250000,27.6754,83.0263,3.0000,0,1,1,1845570,A168_HF9F_20260827_0900,2026-08-27 09:00:00,185
1226653|51|902,902,1226653,51,2026-05-03,1,-1,4,6,4,432.5370,432.5370,388.4776,0.0000,89.813723,72.0895,108.1342,1.5000,0,1,6,1845571,A168_HF9F_20260827_0900,2026-08-27 09:00:00,185
1226653|52|902,902,1226653,52,2026-05-03,1,-1,6,10,5,147.0192,147.0192,57.6415,0.0000,39.206751,14.7019,24.5032,1.6667,0,1,15,1845572,A168_HF9F_20260827_0900,2026-08-27 09:00:00,185
1226653|53|902,902,1226653,53,2026-05-03,1,-1,5,8,5,235.7858,235.7858,26.4176,0.0000,11.204070,29.4732,47.1572,1.6000,0,1,10,1845573,A168_HF9F_20260827_0900,2026-08-27 09:00:00,185
1226653|54|902,902,1226653,54,2026-05-03,1,-1,2,4,3,34.7377,15.5674,15.5674,0.0000,100.000000,8.6844,17.3688,2.0000,2,1,1,1845574,A168_HF9F_20260827_0900,2026-08-27 09:00:00,185
1226653|55|902,902,1226653,55,2026-05-03,1,-1,3,6,4,100.4317,100.4317,-69.2969,0.0000,-68.998977,16.7386,33.4772,2.0000,0,1,3,1845575,A168_HF9F_20260827_0900,2026-08-27 09:00:00,185
1226653|56|902,902,1226653,56,2026-05-03,1,-1,8,10,4,341.9730,341.9730,205.3688,0.0000,60.054088,34.1973,42.7466,1.2500,0,1,28,1845576,A168_HF9F_20260827_0900,2026-08-27 09:00:00,185
1226653|57|902,902,1226653,57,2026-05-03,1,-1,8,9,3,603.2557,603.2557,120.7771,0.5472,20.020883,67.0284,75.4070,1.1250,0,1,28,1845577,A168_HF9F_20260827_0900,2026-08-27 09:00:00,185
1226653|6|902,902,1226653,6,2026-05-03,1,-1,18,27,7,1251.6008,1251.6008,-114.3185,0.0000,-9.133784,46.3556,69.5334,1.5000,0,1,153,1845578,A168_HF9F_20260827_0900,2026-08-27 09:00:00,185
1226653|7|902,902,1226653,7,2026-05-03,1,-1,7,12,7,1772.1245,1772.1245,-1633.4836,0.0945,-92.176571,147.6770,253.1606,1.7143,0,1,21,1845579,A168_HF9F_20260827_0900,2026-08-27 09:00:00,185
1226653|8|902,902,1226653,8,2026-05-03,1,-1,8,11,5,312.9126,312.9126,189.7526,0.0000,60.640770,28.4466,39.1141,1.3750,0,1,28,1845580,A168_HF9F_20260827_0900,2026-08-27 09:00:00,185
1226653|9|902,902,1226653,9,2026-05-03,1,-1,7,11,5,279.2523,275.0511,211.3101,0.0336,76.825774,25.3866,39.8932,1.5714,1,1,21,1845581,A168_HF9F_20260827_0900,2026-08-27 09:00:00,185
1226695|1|902,902,1226695,1,2026-05-03,1,-1,2,2,2,45.9016,45.9016,-4.6925,0.0000,-10.223059,22.9508,22.9508,1.0000,0,1,1,1845582,A168_HF9F_20260827_0900,2026-08-27 09:00:00,185
1226695|10|902,902,1226695,10,2026-05-03,1,-1,17,21,5,1251.5207,1251.5207,-503.8719,0.7361,-40.260770,59.5962,73.6189,1.2353,0,1,136,1845583,A168_HF9F_20260827_0900,2026-08-27 09:00:00,185
1226695|11|902,902,1226695,11,2026-05-03,1,-1,28,36,5,4367.9731,4363.7719,-3273.8320,2.7560,-75.022987,121.3326,155.9990,1.2857,1,1,378,1845584,A168_HF9F_20260827_0900,2026-08-27 09:00:00,185
1226695|12|902,902,1226695,12,2026-05-03,1,-1,16,17,3,3347.8774,3347.8774,2354.1892,1.1763,70.318859,196.9340,209.2423,1.0625,0,1,120,1845585,A168_HF9F_20260827_0900,2026-08-27 09:00:00,185
1226695|13|902,902,1226695,13,2026-05-03,1,-1,10,11,3,3217.6158,3217.6158,1915.2316,0.0000,59.523315,292.5105,321.7616,1.1000,0,1,45,1845586,A168_HF9F_20260827_0900,2026-08-27 09:00:00,185
1226695|14|902,902,1226695,14,2026-05-03,1,-1,5,5,2,691.1615,691.1615,-419.0233,0.0000,-60.625964,138.2323,138.2323,1.0000,0,1,10,1845587,A168_HF9F_20260827_0900,2026-08-27 09:00:00,185
1226695|15|902,902,1226695,15,2026-05-03,1,-1,13,16,4,1510.1060,42.0910,42.0910,0.0000,100.000000,94.3816,116.1620,1.2308,13,1,78,1845588,A168_HF9F_20260827_0900,2026-08-27 09:00:00,185
1226695|16|902,902,1226695,16,2026-05-03,1,-1,7,9,4,597.6554,597.6554,413.8725,0.3361,69.249353,66.4062,85.3793,1.2857,0,1,21,1845589,A168_HF9F_20260827_0900,2026-08-27 09:00:00,185
1226695|17|902,902,1226695,17,2026-05-03,1,-1,11,14,3,609.0822,609.0822,-316.5007,1.3491,-51.963539,43.5059,55.3711,1.2727,0,1,55,1845590,A168_HF9F_20260827_0900,2026-08-27 09:00:00,185
1226695|18|902,902,1226695,18,2026-05-03,1,-1,18,19,3,2539.0570,2539.0570,1308.1367,2.5207,51.520572,133.6346,141.0587,1.0556,0,1,153,1845591,A168_HF9F_20260827_0900,2026-08-27 09:00:00,185
1226695|19|902,902,1226695,19,2026-05-03,1,-1,15,19,6,1534.7873,1534.7873,555.4473,1.6805,36.190508,80.7783,102.3192,1.2667,0,1,105,1845592,A168_HF9F_20260827_0900,2026-08-27 09:00:00,185
1226695|2|902,902,1226695,2,2026-05-03,1,-1,3,3,2,88.7131,88.7131,59.2204,0.5472,66.754950,29.5710,29.5710,1.0000,0,1,3,1845593,A168_HF9F_20260827_0900,2026-08-27 09:00:00,185
1226695|20|902,902,1226695,20,2026-05-03,1,-1,19,24,7,3740.3942,3740.3942,2450.1222,5.2519,65.504385,155.8498,196.8629,1.2632,0,1,171,1845594,A168_HF9F_20260827_0900,2026-08-27 09:00:00,185
1226695|21|902,902,1226695,21,2026-05-03,1,-1,5,7,2,858.4463,858.4463,-707.0253,6.5206,-82.361043,122.6352,171.6893,1.4000,0,1,10,1845595,A168_HF9F_20260827_0900,2026-08-27 09:00:00,185
1226695|22|902,902,1226695,22,2026-05-03,1,-1,7,10,5,1066.0021,85.5205,62.1694,0.3928,72.695277,106.6002,152.2860,1.4286,7,1,21,1845596,A168_HF9F_20260827_0900,2026-08-27 09:00:00,185
1226695|23|902,902,1226695,23,2026-05-03,1,-1,10,13,4,1034.7272,860.1462,665.9224,1.5633,77.419679,79.5944,103.4727,1.3000,1,1,45,1845597,A168_HF9F_20260827_0900,2026-08-27 09:00:00,185
1226695|24|902,902,1226695,24,2026-05-03,1,-1,7,9,3,1246.3863,1246.3863,-908.3547,9.1917,-72.879063,138.4874,178.0552,1.2857,0,1,21,1845598,A168_HF9F_20260827_0900,2026-08-27 09:00:00,185
1226695|25|902,902,1226695,25,2026-05-03,1,-1,15,16,2,3431.0838,3343.7933,2368.2208,2.2414,70.824378,214.4427,228.7389,1.0667,1,1,105,1845599,A168_HF9F_20260827_0900,2026-08-27 09:00:00,185
1226695|26|902,902,1226695,26,2026-05-03,1,-1,28,32,5,10883.1245,10883.1245,10457.5897,5.9396,96.089957,340.0976,388.6830,1.1429,0,1,378,1845600,A168_HF9F_20260827_0900,2026-08-27 09:00:00,185
1226695|27|902,902,1226695,27,2026-05-03,1,-1,10,13,3,730.8364,556.2554,360.5134,2.8282,64.810766,56.2182,73.0836,1.3000,1,1,45,1845601,A168_HF9F_20260827_0900,2026-08-27 09:00:00,185
1226695|28|902,902,1226695,28,2026-05-03,1,-1,9,15,6,746.5772,571.9962,28.0261,2.3568,4.899698,49.7718,82.9530,1.6667,1,1,36,1845602,A168_HF9F_20260827_0900,2026-08-27 09:00:00,185
1226695|29|902,902,1226695,29,2026-05-03,1,-1,19,21,3,1931.8633,127.3958,-1019.1668,1.0999,-800.000000,91.9935,101.6770,1.1053,19,1,171,1845603,A168_HF9F_20260827_0900,2026-08-27 09:00:00,185
1226695|3|902,902,1226695,3,2026-05-03,1,-1,3,3,2,110.0615,110.0615,49.3485,0.0000,44.837197,36.6872,36.6872,1.0000,0,1,3,1845604,A168_HF9F_20260827_0900,2026-08-27 09:00:00,185
1226695|30|902,902,1226695,30,2026-05-03,1,-1,15,17,4,1083.4518,1083.4518,723.6440,0.8642,66.790607,63.7325,72.2301,1.1333,0,1,105,1845605,A168_HF9F_20260827_0900,2026-08-27 09:00:00,185
1226695|31|902,902,1226695,31,2026-05-03,1,-1,7,12,6,403.9192,403.9192,58.1752,1.8399,14.402694,33.6599,57.7027,1.7143,0,1,21,1845606,A168_HF9F_20260827_0900,2026-08-27 09:00:00,185
1226695|32|902,902,1226695,32,2026-05-03,1,-1,7,10,5,724.6717,724.6717,461.4910,0.8544,63.682771,72.4672,103.5245,1.4286,0,1,21,1845607,A168_HF9F_20260827_0900,2026-08-27 09:00:00,185
1226695|33|902,902,1226695,33,2026-05-03,1,-1,8,13,6,522.9408,522.9408,5.6532,1.3051,1.081042,40.2262,65.3676,1.6250,0,1,28,1845608,A168_HF9F_20260827_0900,2026-08-27 09:00:00,185
1226695|34|902,902,1226695,34,2026-05-03,1,-1,8,11,5,954.3722,954.3722,-27.7398,0.6339,-2.906600,86.7611,119.2965,1.3750,0,1,28,1845609,A168_HF9F_20260827_0900,2026-08-27 09:00:00,185
1226695|35|902,902,1226695,35,2026-05-03,1,-1,8,11,5,994.9286,994.9286,-212.6424,0.6339,-21.372624,90.4481,124.3661,1.3750,0,1,28,1845610,A168_HF9F_20260827_0900,2026-08-27 09:00:00,185
1226695|36|902,902,1226695,36,2026-05-03,1,-1,7,11,5,691.6242,691.6242,443.4084,0.2648,64.111172,62.8749,98.8035,1.5714,0,1,21,1845611,A168_HF9F_20260827_0900,2026-08-27 09:00:00,185
1226695|37|902,902,1226695,37,2026-05-03,1,-1,4,4,2,432.0424,432.0424,406.8349,0.0567,94.165517,108.0106,108.0106,1.0000,0,1,6,1845612,A168_HF9F_20260827_0900,2026-08-27 09:00:00,185
1226695|38|902,902,1226695,38,2026-05-03,1,-1,5,6,3,1122.7556,1122.7556,1102.2745,0.0000,98.175824,187.1259,224.5511,1.2000,0,1,10,1845613,A168_HF9F_20260827_0900,2026-08-27 09:00:00,185
1226695|39|902,902,1226695,39,2026-05-03,1,-1,2,6,6,189.2842,189.2842,138.8694,0.0000,73.365521,31.5474,94.6421,3.0000,0,1,1,1845614,A168_HF9F_20260827_0900,2026-08-27 09:00:00,185
1226695|4|902,902,1226695,4,2026-05-03,1,-1,5,5,2,613.0459,613.0459,-417.8093,0.6144,-68.153017,122.6092,122.6092,1.0000,0,1,10,1845615,A168_HF9F_20260827_0900,2026-08-27 09:00:00,185
1226695|40|902,902,1226695,40,2026-05-03,1,-1,2,5,5,76.2955,76.2955,43.5259,0.0000,57.049043,15.2591,38.1478,2.5000,0,1,1,1845616,A168_HF9F_20260827_0900,2026-08-27 09:00:00,185
1226695|41|902,902,1226695,41,2026-05-03,1,-1,6,10,5,184.9688,180.7675,105.7012,0.0168,58.473529,18.4969,30.8281,1.6667,1,1,15,1845617,A168_HF9F_20260827_0900,2026-08-27 09:00:00,185
1226695|42|902,902,1226695,42,2026-05-03,1,-1,5,5,2,341.4366,341.4366,-195.7318,0.0000,-57.325973,68.2873,68.2873,1.0000,0,1,10,1845618,A168_HF9F_20260827_0900,2026-08-27 09:00:00,185
1226695|43|902,902,1226695,43,2026-05-03,1,-1,9,11,3,1141.7146,721.5906,465.3835,0.2736,64.494116,103.7922,126.8572,1.2222,2,1,36,1845619,A168_HF9F_20260827_0900,2026-08-27 09:00:00,185
1226695|44|902,902,1226695,44,2026-05-03,1,-1,7,7,2,343.6381,343.6381,-66.1455,0.2736,-19.248588,49.0912,49.0912,1.0000,0,1,21,1845620,A168_HF9F_20260827_0900,2026-08-27 09:00:00,185
1226695|45|902,902,1226695,45,2026-05-03,1,-1,6,7,3,850.2322,850.2322,-723.5676,0.1094,-85.102348,121.4617,141.7054,1.1667,0,1,15,1845621,A168_HF9F_20260827_0900,2026-08-27 09:00:00,185
1226695|46|902,902,1226695,46,2026-05-03,1,-1,5,6,3,820.7729,820.7729,742.9357,0.0000,90.516602,136.7955,164.1546,1.2000,0,1,10,1845622,A168_HF9F_20260827_0900,2026-08-27 09:00:00,185
1226695|47|902,902,1226695,47,2026-05-03,1,-1,10,18,8,464.4684,451.8646,43.3014,0.3744,9.582819,25.8038,46.4468,1.8000,1,1,45,1845623,A168_HF9F_20260827_0900,2026-08-27 09:00:00,185
1226695|48|902,902,1226695,48,2026-05-03,1,-1,9,11,4,1114.9544,1106.5520,-188.3436,0.0168,-17.020768,101.3595,123.8838,1.2222,1,1,36,1845624,A168_HF9F_20260827_0900,2026-08-27 09:00:00,185
1226695|49|902,902,1226695,49,2026-05-03,1,-1,6,8,4,723.6744,723.6744,513.6124,0.2736,70.972862,90.4593,120.6124,1.3333,0,1,15,1845625,A168_HF9F_20260827_0900,2026-08-27 09:00:00,185
1226695|5|902,902,1226695,5,2026-05-03,1,-1,4,5,2,766.3110,766.3110,-723.8992,0.3361,-94.465464,153.2622,191.5777,1.2500,0,1,6,1845626,A168_HF9F_20260827_0900,2026-08-27 09:00:00,185
1226695|50|902,902,1226695,50,2026-05-03,1,-1,9,9,2,900.5729,900.5729,228.3746,0.0000,25.358813,100.0637,100.0637,1.0000,0,1,36,1845627,A168_HF9F_20260827_0900,2026-08-27 09:00:00,185
1226695|51|902,902,1226695,51,2026-05-03,1,-1,6,9,6,603.8446,603.8446,-235.7152,0.0000,-39.035736,67.0938,100.6408,1.5000,0,1,15,1845628,A168_HF9F_20260827_0900,2026-08-27 09:00:00,185
1226695|52|902,902,1226695,52,2026-05-03,1,-1,4,4,2,131.6973,131.6973,-78.3647,0.0000,-59.503661,32.9243,32.9243,1.0000,0,1,6,1845629,A168_HF9F_20260827_0900,2026-08-27 09:00:00,185
1226695|53|902,902,1226695,53,2026-05-03,1,-1,4,4,2,934.2241,934.2241,882.3326,0.0000,94.445504,233.5560,233.5560,1.0000,0,1,6,1845630,A168_HF9F_20260827_0900,2026-08-27 09:00:00,185
1226695|6|902,902,1226695,6,2026-05-03,1,-1,21,29,7,1854.9211,1854.9211,127.6494,0.4033,6.881664,63.9628,88.3296,1.3810,0,1,210,1845631,A168_HF9F_20260827_0900,2026-08-27 09:00:00,185
1226695|7|902,902,1226695,7,2026-05-03,1,-1,6,7,2,991.1108,985.9217,744.7480,0.0000,75.538253,141.5873,165.1851,1.1667,1,1,15,1845632,A168_HF9F_20260827_0900,2026-08-27 09:00:00,185
1226695|8|902,902,1226695,8,2026-05-03,1,-1,10,12,3,741.3328,736.1437,557.7158,0.0000,75.761815,61.7777,74.1333,1.2000,1,1,45,1845633,A168_HF9F_20260827_0900,2026-08-27 09:00:00,185
1226695|9|902,902,1226695,9,2026-05-03,1,-1,7,9,3,1279.7704,1279.7704,-1069.3649,0.0000,-83.559120,142.1967,182.8243,1.2857,0,1,21,1845634,A168_HF9F_20260827_0900,2026-08-27 09:00:00,185
1226734|1|902,902,1226734,1,2026-05-03,1,-1,5,5,2,486.1489,486.1489,19.7968,0.6891,4.072176,97.2298,97.2298,1.0000,0,1,10,1845635,A168_HF9F_20260827_0900,2026-08-27 09:00:00,185
1226734|10|902,902,1226734,10,2026-05-03,1,-1,7,7,2,478.8484,0.0000,0.0000,0.0000,,68.4069,68.4069,1.0000,7,1,21,1845636,A168_HF9F_20260827_0900,2026-08-27 09:00:00,185
1226734|11|902,902,1226734,11,2026-05-03,1,-1,3,3,2,12.8645,12.8645,-8.6632,0.0000,-67.342278,4.2882,4.2882,1.0000,0,1,3,1845637,A168_HF9F_20260827_0900,2026-08-27 09:00:00,185
1226734|12|902,902,1226734,12,2026-05-03,1,-1,5,5,2,41.6276,41.6276,-17.4264,0.0000,-41.862583,8.3255,8.3255,1.0000,0,1,10,1845638,A168_HF9F_20260827_0900,2026-08-27 09:00:00,185
1226734|13|902,902,1226734,13,2026-05-03,1,-1,6,6,2,110.0754,110.0754,-18.1840,0.0000,-16.519570,18.3459,18.3459,1.0000,0,1,15,1845639,A168_HF9F_20260827_0900,2026-08-27 09:00:00,185
1226734|14|902,902,1226734,14,2026-05-03,1,-1,4,4,2,71.1349,71.1349,-40.9024,0.0000,-57.499724,17.7837,17.7837,1.0000,0,1,6,1845640,A168_HF9F_20260827_0900,2026-08-27 09:00:00,185
1226734|15|902,902,1226734,15,2026-05-03,1,-1,4,4,2,693.4943,693.4943,-344.3345,0.0000,-49.652103,173.3736,173.3736,1.0000,0,1,6,1845641,A168_HF9F_20260827_0900,2026-08-27 09:00:00,185
1226734|16|902,902,1226734,16,2026-05-03,1,-1,8,13,7,256.5743,43.0663,12.0586,0.0000,28.000000,19.7365,32.0718,1.6250,8,1,28,1845642,A168_HF9F_20260827_0900,2026-08-27 09:00:00,185
1226734|17|902,902,1226734,17,2026-05-03,1,-1,3,3,2,44.8513,44.8513,11.2414,0.0000,25.063675,14.9504,14.9504,1.0000,0,1,3,1845643,A168_HF9F_20260827_0900,2026-08-27 09:00:00,185
1226734|18|902,902,1226734,18,2026-05-03,1,-1,5,5,2,114.1717,114.1717,-32.8716,0.0000,-28.791387,22.8343,22.8343,1.0000,0,1,10,1845644,A168_HF9F_20260827_0900,2026-08-27 09:00:00,185
1226734|19|902,902,1226734,19,2026-05-03,1,-1,6,7,3,99.9765,99.9765,9.8599,0.0672,9.862222,14.2824,16.6627,1.1667,0,1,15,1845645,A168_HF9F_20260827_0900,2026-08-27 09:00:00,185
1226734|2|902,902,1226734,2,2026-05-03,1,-1,5,5,2,638.7876,638.7876,-466.5223,0.6891,-73.032461,127.7575,127.7575,1.0000,0,1,10,1845646,A168_HF9F_20260827_0900,2026-08-27 09:00:00,185
1226734|20|902,902,1226734,20,2026-05-03,1,-1,7,13,7,1568.3634,1561.4728,1237.9398,0.0000,79.280266,120.6433,224.0519,1.8571,1,1,21,1845647,A168_HF9F_20260827_0900,2026-08-27 09:00:00,185
1226734|21|902,902,1226734,21,2026-05-03,1,-1,2,3,2,88.9643,2.1006,2.1006,0.0000,100.000000,29.6548,44.4822,1.5000,2,1,1,1845648,A168_HF9F_20260827_0900,2026-08-27 09:00:00,185
1226734|22|902,902,1226734,22,2026-05-03,1,-1,3,4,2,76.6102,76.6102,-72.4090,0.0000,-94.516085,19.1526,25.5367,1.3333,0,1,3,1845649,A168_HF9F_20260827_0900,2026-08-27 09:00:00,185
1226734|23|902,902,1226734,23,2026-05-03,1,-1,8,9,3,520.1937,520.1937,338.8040,0.0945,65.130358,57.7993,65.0242,1.1250,0,1,28,1845650,A168_HF9F_20260827_0900,2026-08-27 09:00:00,185
1226734|24|902,902,1226734,24,2026-05-03,1,-1,3,4,2,131.2263,131.2263,131.2263,0.0000,100.000000,32.8066,43.7421,1.3333,0,1,3,1845651,A168_HF9F_20260827_0900,2026-08-27 09:00:00,185
1226734|25|902,902,1226734,25,2026-05-03,1,-1,3,4,3,57.7046,57.7046,57.7046,0.0000,100.000000,14.4262,19.2349,1.3333,0,1,3,1845652,A168_HF9F_20260827_0900,2026-08-27 09:00:00,185
1226734|26|902,902,1226734,26,2026-05-03,1,-1,10,11,4,385.2053,385.2053,195.9321,0.0000,50.864334,35.0187,38.5205,1.1000,0,1,45,1845653,A168_HF9F_20260827_0900,2026-08-27 09:00:00,185
1226734|27|902,902,1226734,27,2026-05-03,1,-1,13,15,5,990.3131,990.3131,659.2018,0.0000,66.564992,66.0209,76.1779,1.1538,0,1,78,1845654,A168_HF9F_20260827_0900,2026-08-27 09:00:00,185
1226734|28|902,902,1226734,28,2026-05-03,1,-1,9,13,6,798.9269,798.9269,177.7970,5.0415,22.254472,61.4559,88.7697,1.4444,0,1,36,1845655,A168_HF9F_20260827_0900,2026-08-27 09:00:00,185
1226734|29|902,902,1226734,29,2026-05-03,1,-1,3,3,2,167.8094,167.8094,167.8094,0.0000,100.000000,55.9365,55.9365,1.0000,0,1,3,1845656,A168_HF9F_20260827_0900,2026-08-27 09:00:00,185
1226734|3|902,902,1226734,3,2026-05-03,1,-1,3,3,1,452.5601,452.5601,-452.5601,0.0000,-100.000000,150.8534,150.8534,1.0000,0,1,3,1845657,A168_HF9F_20260827_0900,2026-08-27 09:00:00,185
1226734|30|902,902,1226734,30,2026-05-03,1,-1,3,3,3,556.1687,556.1687,448.0325,0.0000,80.556949,185.3896,185.3896,1.0000,0,1,3,1845658,A168_HF9F_20260827_0900,2026-08-27 09:00:00,185
1226734|31|902,902,1226734,31,2026-05-03,1,-1,6,7,4,364.4440,364.4440,205.2719,0.0000,56.324678,52.0634,60.7407,1.1667,0,1,15,1845659,A168_HF9F_20260827_0900,2026-08-27 09:00:00,185
1226734|32|902,902,1226734,32,2026-05-03,1,-1,14,16,4,1609.1846,1609.1846,869.9547,0.3361,54.061835,100.5740,114.9418,1.1429,0,1,91,1845660,A168_HF9F_20260827_0900,2026-08-27 09:00:00,185
1226734|33|902,902,1226734,33,2026-05-03,1,-1,10,14,7,1533.8147,1533.8147,-1079.2224,0.0000,-70.361979,109.5582,153.3815,1.4000,0,1,45,1845661,A168_HF9F_20260827_0900,2026-08-27 09:00:00,185
1226734|34|902,902,1226734,34,2026-05-03,1,-1,7,10,6,457.0615,457.0615,-239.0721,0.0000,-52.306323,45.7061,65.2945,1.4286,0,1,21,1845662,A168_HF9F_20260827_0900,2026-08-27 09:00:00,185
1226734|35|902,902,1226734,35,2026-05-03,1,-1,6,7,4,180.9257,180.9257,93.6765,0.0000,51.776207,25.8465,30.1543,1.1667,0,1,15,1845663,A168_HF9F_20260827_0900,2026-08-27 09:00:00,185
1226734|36|902,902,1226734,36,2026-05-03,1,-1,7,7,3,1456.6926,1456.6926,343.6212,0.0000,23.589135,208.0989,208.0989,1.0000,0,1,21,1845664,A168_HF9F_20260827_0900,2026-08-27 09:00:00,185
1226734|37|902,902,1226734,37,2026-05-03,1,-1,3,4,4,196.1247,196.1247,-20.1476,0.0000,-10.272878,49.0312,65.3749,1.3333,0,1,3,1845665,A168_HF9F_20260827_0900,2026-08-27 09:00:00,185
1226734|38|902,902,1226734,38,2026-05-03,1,-1,2,2,2,30.1220,30.1220,30.1220,0.0000,100.000000,15.0610,15.0610,1.0000,0,1,1,1845666,A168_HF9F_20260827_0900,2026-08-27 09:00:00,185
1226734|39|902,902,1226734,39,2026-05-03,1,-1,9,11,5,585.7315,585.7315,-334.1478,0.0000,-57.047946,53.2483,65.0813,1.2222,0,1,36,1845667,A168_HF9F_20260827_0900,2026-08-27 09:00:00,185
1226734|4|902,902,1226734,4,2026-05-03,1,-1,6,6,2,693.6497,693.6497,-643.3150,0.0000,-92.743499,115.6083,115.6083,1.0000,0,1,15,1845668,A168_HF9F_20260827_0900,2026-08-27 09:00:00,185
1226734|40|902,902,1226734,40,2026-05-03,1,-1,8,21,8,463.2043,398.7092,-77.1955,0.0000,-19.361361,22.0573,57.9005,2.6250,2,1,28,1845669,A168_HF9F_20260827_0900,2026-08-27 09:00:00,185
1226734|41|902,902,1226734,41,2026-05-03,1,-1,21,26,8,1391.7130,1391.7130,248.0473,0.0504,17.823168,53.5274,66.2720,1.2381,0,1,210,1845670,A168_HF9F_20260827_0900,2026-08-27 09:00:00,185
1226734|42|902,902,1226734,42,2026-05-03,1,-1,22,40,8,2649.9647,2641.5623,1401.2585,0.0000,53.046581,66.2491,120.4529,1.8182,1,1,231,1845671,A168_HF9F_20260827_0900,2026-08-27 09:00:00,185
1226734|43|902,902,1226734,43,2026-05-03,1,-1,16,22,8,976.0943,976.0943,429.9332,0.0000,44.046278,44.3679,61.0059,1.3750,0,1,120,1845672,A168_HF9F_20260827_0900,2026-08-27 09:00:00,185
1226734|44|902,902,1226734,44,2026-05-03,1,-1,9,16,7,480.2519,480.2519,-157.5845,0.0000,-32.812874,30.0157,53.3613,1.7778,0,1,36,1845673,A168_HF9F_20260827_0900,2026-08-27 09:00:00,185
1226734|45|902,902,1226734,45,2026-05-03,1,-1,10,17,7,502.9398,502.9398,62.3853,0.0000,12.404122,29.5847,50.2940,1.7000,0,1,45,1845674,A168_HF9F_20260827_0900,2026-08-27 09:00:00,185
1226734|46|902,902,1226734,46,2026-05-03,1,-1,8,9,3,144.0749,144.0749,63.1949,0.0000,43.862530,16.0083,18.0094,1.1250,0,1,28,1845675,A168_HF9F_20260827_0900,2026-08-27 09:00:00,185
1226734|47|902,902,1226734,47,2026-05-03,1,-1,4,5,3,58.0228,58.0228,47.9040,0.0000,82.560594,11.6046,14.5057,1.2500,0,1,6,1845676,A168_HF9F_20260827_0900,2026-08-27 09:00:00,185
1226734|48|902,902,1226734,48,2026-05-03,1,-1,6,12,7,210.9463,8.8226,6.9320,0.0000,78.571429,17.5789,35.1577,2.0000,6,1,15,1845677,A168_HF9F_20260827_0900,2026-08-27 09:00:00,185
1226734|49|902,902,1226734,49,2026-05-03,1,-1,1,6,6,6.0918,6.0918,-5.4406,0.0000,-89.310345,1.0153,6.0918,6.0000,0,0,0,1845678,A168_HF9F_20260827_0900,2026-08-27 09:00:00,185
1226734|5|902,902,1226734,5,2026-05-03,1,-1,15,21,6,1544.6725,1544.6725,1451.1847,0.2521,93.947727,73.5558,102.9782,1.4000,0,1,105,1845679,A168_HF9F_20260827_0900,2026-08-27 09:00:00,185
1226734|50|902,902,1226734,50,2026-05-03,1,-1,2,7,6,57.9832,57.9832,46.4298,0.0000,80.074573,8.2833,28.9916,3.5000,0,1,1,1845680,A168_HF9F_20260827_0900,2026-08-27 09:00:00,185
1226734|51|902,902,1226734,51,2026-05-03,1,-1,4,8,6,106.7997,1.2604,-0.6302,0.0000,-50.000000,13.3500,26.6999,2.0000,4,1,6,1845681,A168_HF9F_20260827_0900,2026-08-27 09:00:00,185
1226734|6|902,902,1226734,6,2026-05-03,1,-1,5,5,2,56.2242,56.2242,-19.6670,0.0000,-34.979694,11.2448,11.2448,1.0000,0,1,10,1845682,A168_HF9F_20260827_0900,2026-08-27 09:00:00,185
1226734|7|902,902,1226734,7,2026-05-03,1,-1,8,8,2,302.5467,302.5467,198.3615,0.0000,65.563925,37.8183,37.8183,1.0000,0,1,28,1845683,A168_HF9F_20260827_0900,2026-08-27 09:00:00,185
1226734|8|902,902,1226734,8,2026-05-03,1,-1,6,6,2,540.0466,540.0466,-523.2416,0.0000,-96.888239,90.0078,90.0078,1.0000,0,1,15,1845684,A168_HF9F_20260827_0900,2026-08-27 09:00:00,185
1226734|9|902,902,1226734,9,2026-05-03,1,-1,11,11,2,551.5288,551.5288,415.7736,0.0000,75.385660,50.1390,50.1390,1.0000,0,1,55,1845685,A168_HF9F_20260827_0900,2026-08-27 09:00:00,185
1226773|10|902,902,1226773,10,2026-05-03,1,-1,10,10,2,453.3928,453.3928,-238.0433,0.0000,-52.502662,45.3393,45.3393,1.0000,0,1,45,1845686,A168_HF9F_20260827_0900,2026-08-27 09:00:00,185
1226773|11|902,902,1226773,11,2026-05-03,1,-1,7,7,2,239.0116,239.0116,-73.5749,0.0000,-30.782980,34.1445,34.1445,1.0000,0,1,21,1845687,A168_HF9F_20260827_0900,2026-08-27 09:00:00,185
1226773|12|902,902,1226773,12,2026-05-03,1,-1,9,10,4,1122.8741,1122.8741,870.7997,0.0000,77.550967,112.2874,124.7638,1.1111,0,1,36,1845688,A168_HF9F_20260827_0900,2026-08-27 09:00:00,185
1226773|13|902,902,1226773,13,2026-05-03,1,-1,7,7,2,491.2413,491.2413,-187.5204,0.0000,-38.172764,70.1773,70.1773,1.0000,0,1,21,1845689,A168_HF9F_20260827_0900,2026-08-27 09:00:00,185
1226773|14|902,902,1226773,14,2026-05-03,1,-1,15,17,5,1148.4537,51.8914,-181.6201,0.0000,-350.000000,67.5561,76.5636,1.1333,14,1,105,1845690,A168_HF9F_20260827_0900,2026-08-27 09:00:00,185
1226773|15|902,902,1226773,15,2026-05-03,1,-1,13,15,3,996.9836,991.7945,-860.5682,1.1763,-86.768799,66.4656,76.6910,1.1538,1,1,78,1845691,A168_HF9F_20260827_0900,2026-08-27 09:00:00,185
1226773|16|902,902,1226773,16,2026-05-03,1,-1,12,12,2,845.8959,845.8959,794.0045,1.1763,93.865505,70.4913,70.4913,1.0000,0,1,66,1845692,A168_HF9F_20260827_0900,2026-08-27 09:00:00,185
1226773|17|902,902,1226773,17,2026-05-03,1,-1,6,8,4,345.8284,345.8284,-35.9351,0.0000,-10.391035,43.2285,57.6381,1.3333,0,1,15,1845693,A168_HF9F_20260827_0900,2026-08-27 09:00:00,185
1226773|18|902,902,1226773,18,2026-05-03,1,-1,5,5,2,248.3128,248.3128,-183.1768,0.0000,-73.768558,49.6626,49.6626,1.0000,0,1,10,1845694,A168_HF9F_20260827_0900,2026-08-27 09:00:00,185
1226773|19|902,902,1226773,19,2026-05-03,1,-1,16,17,2,1247.5983,1243.3971,-862.7112,0.0000,-69.383399,73.3881,77.9749,1.0625,1,1,120,1845695,A168_HF9F_20260827_0900,2026-08-27 09:00:00,185
1226773|20|902,902,1226773,20,2026-05-03,1,-1,14,18,6,3129.7601,3129.7601,2611.5299,0.0000,83.441856,173.8756,223.5543,1.2857,0,1,91,1845696,A168_HF9F_20260827_0900,2026-08-27 09:00:00,185
1226773|21|902,902,1226773,21,2026-05-03,1,-1,13,21,10,472.5494,472.5494,-151.8975,0.0000,-32.144257,22.5024,36.3500,1.6154,0,1,78,1845697,A168_HF9F_20260827_0900,2026-08-27 09:00:00,185
1226773|22|902,902,1226773,22,2026-05-03,1,-1,9,13,6,384.0503,384.0503,-181.7973,0.0000,-47.336843,29.5423,42.6723,1.4444,0,1,36,1845698,A168_HF9F_20260827_0900,2026-08-27 09:00:00,185
1226773|23|902,902,1226773,23,2026-05-03,1,-1,11,22,9,512.4268,512.4268,-317.1285,1.0083,-61.887575,23.2921,46.5843,2.0000,0,1,55,1845699,A168_HF9F_20260827_0900,2026-08-27 09:00:00,185
1226773|24|902,902,1226773,24,2026-05-03,1,-1,11,25,8,880.6182,880.6182,779.4299,2.9577,88.509400,35.2247,80.0562,2.2727,0,1,55,1845700,A168_HF9F_20260827_0900,2026-08-27 09:00:00,185
1226773|25|902,902,1226773,25,2026-05-03,1,-1,9,9,2,310.3890,310.3890,-182.8505,0.0000,-58.910124,34.4877,34.4877,1.0000,0,1,36,1845701,A168_HF9F_20260827_0900,2026-08-27 09:00:00,185
1226773|26|902,902,1226773,26,2026-05-03,1,-1,13,19,7,998.4541,998.4541,-931.2343,0.0000,-93.267610,52.5502,76.8042,1.4615,0,1,78,1845702,A168_HF9F_20260827_0900,2026-08-27 09:00:00,185
1226773|27|902,902,1226773,27,2026-05-03,1,-1,8,15,8,332.4731,332.4731,-183.9532,0.5041,-55.328738,22.1649,41.5591,1.8750,0,1,28,1845703,A168_HF9F_20260827_0900,2026-08-27 09:00:00,185
1226773|28|902,902,1226773,28,2026-05-03,1,-1,9,11,4,282.8454,282.8454,-87.1542,0.5827,-30.813361,25.7132,31.4273,1.2222,0,1,36,1845704,A168_HF9F_20260827_0900,2026-08-27 09:00:00,185
1226773|29|902,902,1226773,29,2026-05-03,1,-1,8,9,2,483.3826,483.3826,-441.3703,0.5041,-91.308667,53.7092,60.4228,1.1250,0,1,28,1845705,A168_HF9F_20260827_0900,2026-08-27 09:00:00,185
1226773|3|902,902,1226773,3,2026-05-03,1,-1,2,2,1,124.1705,124.1705,-124.1705,0.0000,-100.000000,62.0853,62.0853,1.0000,0,1,1,1845706,A168_HF9F_20260827_0900,2026-08-27 09:00:00,185
1226773|30|902,902,1226773,30,2026-05-03,1,-1,24,36,8,1474.1889,1474.1889,781.5221,0.9547,53.013702,40.9497,61.4245,1.5000,0,1,276,1845707,A168_HF9F_20260827_0900,2026-08-27 09:00:00,185
1226773|31|902,902,1226773,31,2026-05-03,1,-1,14,24,8,656.3671,635.3609,-286.6581,0.1731,-45.117358,27.3486,46.8834,1.7143,1,1,91,1845708,A168_HF9F_20260827_0900,2026-08-27 09:00:00,185
1226773|32|902,902,1226773,32,2026-05-03,1,-1,13,13,2,209.1075,209.1075,140.2021,0.0786,67.047853,16.0852,16.0852,1.0000,0,1,78,1845709,A168_HF9F_20260827_0900,2026-08-27 09:00:00,185
1226773|33|902,902,1226773,33,2026-05-03,1,-1,15,20,7,327.3625,327.3625,-161.8214,0.0786,-49.431872,16.3681,21.8242,1.3333,0,1,105,1845710,A168_HF9F_20260827_0900,2026-08-27 09:00:00,185
1226773|34|902,902,1226773,34,2026-05-03,1,-1,14,19,7,2866.3920,2866.3920,2647.5229,0.0786,92.364299,150.8627,204.7423,1.3571,0,1,91,1845711,A168_HF9F_20260827_0900,2026-08-27 09:00:00,185
1226773|35|902,902,1226773,35,2026-05-03,1,-1,26,34,6,2599.0643,2599.0643,1801.9939,0.0786,69.332407,76.4431,99.9640,1.3077,0,1,325,1845712,A168_HF9F_20260827_0900,2026-08-27 09:00:00,185
1226773|36|902,902,1226773,36,2026-05-03,1,-1,8,10,4,1196.3515,1196.3515,-138.6263,0.0000,-11.587425,119.6351,149.5439,1.2500,0,1,28,1845713,A168_HF9F_20260827_0900,2026-08-27 09:00:00,185
1226773|37|902,902,1226773,37,2026-05-03,1,-1,6,6,2,286.7950,286.7950,-170.0500,0.0000,-59.293232,47.7992,47.7992,1.0000,0,1,15,1845714,A168_HF9F_20260827_0900,2026-08-27 09:00:00,185
1226773|38|902,902,1226773,38,2026-05-03,1,-1,11,14,5,620.9443,620.9443,593.7611,0.0000,95.622273,44.3532,56.4495,1.2727,0,1,55,1845715,A168_HF9F_20260827_0900,2026-08-27 09:00:00,185
1226773|39|902,902,1226773,39,2026-05-03,1,-1,8,12,6,180.2736,180.2736,100.6996,0.0000,55.859350,15.0228,22.5342,1.5000,0,1,28,1845716,A168_HF9F_20260827_0900,2026-08-27 09:00:00,185
1226773|4|902,902,1226773,4,2026-05-03,1,-1,3,3,1,173.9433,173.9433,-173.9433,0.0000,-100.000000,57.9811,57.9811,1.0000,0,1,3,1845717,A168_HF9F_20260827_0900,2026-08-27 09:00:00,185
1226773|40|902,902,1226773,40,2026-05-03,1,-1,5,5,2,127.1340,127.1340,-75.2426,0.0000,-59.183673,25.4268,25.4268,1.0000,0,1,10,1845718,A168_HF9F_20260827_0900,2026-08-27 09:00:00,185
1226773|41|902,902,1226773,41,2026-05-03,1,-1,5,9,6,990.4255,990.4255,770.7341,0.0000,77.818483,110.0473,198.0851,1.8000,0,1,10,1845719,A168_HF9F_20260827_0900,2026-08-27 09:00:00,185
1226773|42|902,902,1226773,42,2026-05-03,1,-1,5,5,2,116.8510,0.0000,0.0000,0.0000,,23.3702,23.3702,1.0000,5,1,10,1845720,A168_HF9F_20260827_0900,2026-08-27 09:00:00,185
1226773|43|902,902,1226773,43,2026-05-03,1,-1,6,6,2,145.4314,145.4314,-85.1375,0.0000,-58.541338,24.2386,24.2386,1.0000,0,1,15,1845721,A168_HF9F_20260827_0900,2026-08-27 09:00:00,185
1226773|44|902,902,1226773,44,2026-05-03,1,-1,3,3,2,104.9062,104.9062,-94.5279,0.0000,-90.107076,34.9687,34.9687,1.0000,0,1,3,1845722,A168_HF9F_20260827_0900,2026-08-27 09:00:00,185
1226773|45|902,902,1226773,45,2026-05-03,1,-1,7,7,2,447.9540,447.9540,57.2387,0.0000,12.777811,63.9934,63.9934,1.0000,0,1,21,1845723,A168_HF9F_20260827_0900,2026-08-27 09:00:00,185
1226773|46|902,902,1226773,46,2026-05-03,1,-1,18,27,6,1208.9632,1208.9632,-582.6585,0.0000,-48.194890,44.7764,67.1646,1.5000,0,1,153,1845724,A168_HF9F_20260827_0900,2026-08-27 09:00:00,185
1226773|47|902,902,1226773,47,2026-05-03,1,-1,21,31,8,1575.9118,1575.9118,-31.0233,0.1025,-1.968597,50.8359,75.0434,1.4762,0,1,210,1845725,A168_HF9F_20260827_0900,2026-08-27 09:00:00,185
1226773|48|902,902,1226773,48,2026-05-03,1,-1,8,16,8,298.1632,298.1632,237.1297,0.2000,79.530167,18.6352,37.2704,2.0000,0,1,28,1845726,A168_HF9F_20260827_0900,2026-08-27 09:00:00,185
1226773|49|902,902,1226773,49,2026-05-03,1,-1,10,20,8,1025.6169,39.9118,-73.5217,0.0000,-184.210526,51.2808,102.5617,2.0000,10,1,45,1845727,A168_HF9F_20260827_0900,2026-08-27 09:00:00,185
1226773|5|902,902,1226773,5,2026-05-03,1,-1,9,14,6,816.3746,730.2419,631.6200,0.0000,86.494629,58.3125,90.7083,1.5556,1,1,36,1845728,A168_HF9F_20260827_0900,2026-08-27 09:00:00,185
1226773|50|902,902,1226773,50,2026-05-03,1,-1,16,19,4,1406.3183,1406.3183,-971.3411,0.2857,-69.069787,74.0168,87.8949,1.1875,0,1,120,1845729,A168_HF9F_20260827_0900,2026-08-27 09:00:00,185
1226773|51|902,902,1226773,51,2026-05-03,1,-1,9,12,4,137.3871,137.3871,-90.4292,0.2689,-65.820746,11.4489,15.2652,1.3333,0,1,36,1845730,A168_HF9F_20260827_0900,2026-08-27 09:00:00,185
1226773|52|902,902,1226773,52,2026-05-03,1,-1,7,10,5,96.3929,96.3929,2.1146,0.2941,2.193720,9.6393,13.7704,1.4286,0,1,21,1845731,A168_HF9F_20260827_0900,2026-08-27 09:00:00,185
1226773|53|902,902,1226773,53,2026-05-03,1,-1,4,6,4,132.3390,132.3390,98.7291,0.8907,74.603175,22.0565,33.0848,1.5000,0,1,6,1845732,A168_HF9F_20260827_0900,2026-08-27 09:00:00,185
1226773|6|902,902,1226773,6,2026-05-03,1,-1,2,5,5,185.1850,185.1850,-105.5970,0.0000,-57.022432,37.0370,92.5925,2.5000,0,1,1,1845733,A168_HF9F_20260827_0900,2026-08-27 09:00:00,185
1226773|7|902,902,1226773,7,2026-05-03,1,-1,3,6,5,284.3499,284.3499,205.9917,0.0000,72.443045,47.3916,94.7833,2.0000,0,1,3,1845734,A168_HF9F_20260827_0900,2026-08-27 09:00:00,185
1226773|8|902,902,1226773,8,2026-05-03,1,-1,3,3,1,97.3668,97.3668,97.3668,0.0000,100.000000,32.4556,32.4556,1.0000,0,1,3,1845735,A168_HF9F_20260827_0900,2026-08-27 09:00:00,185
1226773|9|902,902,1226773,9,2026-05-03,1,-1,5,5,2,204.1519,204.1519,10.8661,0.4437,5.322572,40.8304,40.8304,1.0000,0,1,10,1845736,A168_HF9F_20260827_0900,2026-08-27 09:00:00,185
1226816|1|902,902,1226816,1,2026-05-03,1,-1,2,2,1,341.2163,341.2163,341.2163,0.1697,100.000000,170.6081,170.6081,1.0000,0,1,1,1845737,A168_HF9F_20260827_0900,2026-08-27 09:00:00,185
1226816|10|902,902,1226816,10,2026-05-03,1,-1,11,13,3,1084.6203,997.3298,-379.5937,2.5522,-38.060998,83.4323,98.6018,1.1818,1,1,55,1845738,A168_HF9F_20260827_0900,2026-08-27 09:00:00,185
1226816|11|902,902,1226816,11,2026-05-03,1,-1,7,10,4,901.1648,813.8743,-573.2464,1.8506,-70.434264,90.1165,128.7378,1.4286,1,1,21,1845739,A168_HF9F_20260827_0900,2026-08-27 09:00:00,185
1226816|12|902,902,1226816,12,2026-05-03,1,-1,6,9,5,1061.2100,1061.2100,634.5546,1.1784,59.795387,117.9122,176.8683,1.5000,0,1,15,1845740,A168_HF9F_20260827_0900,2026-08-27 09:00:00,185
1226816|13|902,902,1226816,13,2026-05-03,1,-1,5,6,3,602.5709,602.5709,592.1926,0.0000,98.277665,100.4285,120.5142,1.2000,0,1,10,1845741,A168_HF9F_20260827_0900,2026-08-27 09:00:00,185
1226816|14|902,902,1226816,14,2026-05-03,1,-1,5,5,2,357.9253,357.9253,207.9411,0.5882,58.096215,71.5851,71.5851,1.0000,0,1,10,1845742,A168_HF9F_20260827_0900,2026-08-27 09:00:00,185
1226816|15|902,902,1226816,15,2026-05-03,1,-1,6,6,2,371.8745,371.8745,220.5980,0.6722,59.320545,61.9791,61.9791,1.0000,0,1,15,1845743,A168_HF9F_20260827_0900,2026-08-27 09:00:00,185
1226816|16|902,902,1226816,16,2026-05-03,1,-1,6,6,2,198.9410,198.9410,45.9296,0.7562,23.087063,33.1568,33.1568,1.0000,0,1,15,1845744,A168_HF9F_20260827_0900,2026-08-27 09:00:00,185
1226816|17|902,902,1226816,17,2026-05-03,1,-1,11,11,2,2784.4222,2784.4222,-1900.1759,17.3528,-68.243095,253.1293,253.1293,1.0000,0,1,55,1845745,A168_HF9F_20260827_0900,2026-08-27 09:00:00,185
1226816|18|902,902,1226816,18,2026-05-03,1,-1,7,9,4,276.5316,276.5316,-163.0859,0.6722,-58.975496,30.7257,39.5045,1.2857,0,1,21,1845746,A168_HF9F_20260827_0900,2026-08-27 09:00:00,185
1226816|19|902,902,1226816,19,2026-05-03,1,-1,7,7,2,238.8624,238.8624,89.6270,0.6722,37.522435,34.1232,34.1232,1.0000,0,1,21,1845747,A168_HF9F_20260827_0900,2026-08-27 09:00:00,185
1226816|2|902,902,1226816,2,2026-05-03,1,-1,6,7,3,127.3837,127.3837,117.0054,0.0000,91.852731,18.1977,21.2306,1.1667,0,1,15,1845748,A168_HF9F_20260827_0900,2026-08-27 09:00:00,185
1226816|20|902,902,1226816,20,2026-05-03,1,-1,13,14,3,1112.6188,1112.6188,-600.7175,0.0000,-53.991318,79.4728,85.5861,1.0769,0,1,78,1845749,A168_HF9F_20260827_0900,2026-08-27 09:00:00,185
1226816|21|902,902,1226816,21,2026-05-03,1,-1,11,14,5,635.5511,635.5511,45.6568,0.0000,7.183818,45.3965,57.7774,1.2727,0,1,55,1845750,A168_HF9F_20260827_0900,2026-08-27 09:00:00,185
1226816|22|902,902,1226816,22,2026-05-03,1,-1,26,31,6,3277.3606,3277.3606,-2341.7233,1.5124,-71.451499,105.7213,126.0523,1.1923,0,1,325,1845751,A168_HF9F_20260827_0900,2026-08-27 09:00:00,185
1226816|23|902,902,1226816,23,2026-05-03,1,-1,27,31,5,3520.0643,3520.0643,2759.1228,0.0000,78.382740,113.5505,130.3728,1.1481,0,1,351,1845752,A168_HF9F_20260827_0900,2026-08-27 09:00:00,185
1226816|24|902,902,1226816,24,2026-05-03,1,-1,12,12,2,349.8288,349.8288,145.5057,0.0000,41.593402,29.1524,29.1524,1.0000,0,1,66,1845753,A168_HF9F_20260827_0900,2026-08-27 09:00:00,185
1226816|25|902,902,1226816,25,2026-05-03,1,-1,5,7,4,167.4256,167.4256,132.7295,0.0000,79.276714,23.9179,33.4851,1.4000,0,1,10,1845754,A168_HF9F_20260827_0900,2026-08-27 09:00:00,185
1226816|26|902,902,1226816,26,2026-05-03,1,-1,14,17,5,804.8732,804.8732,-342.2764,0.0000,-42.525506,47.3455,57.4909,1.2143,0,1,91,1845755,A168_HF9F_20260827_0900,2026-08-27 09:00:00,185
1226816|27|902,902,1226816,27,2026-05-03,1,-1,10,10,2,941.2580,852.3996,-518.7626,0.0000,-60.859081,94.1258,94.1258,1.0000,0,1,45,1845756,A168_HF9F_20260827_0900,2026-08-27 09:00:00,185
1226816|28|902,902,1226816,28,2026-05-03,1,-1,19,22,6,2535.5296,2535.5296,-2267.3515,0.0000,-89.423189,115.2513,133.4489,1.1579,0,1,171,1845757,A168_HF9F_20260827_0900,2026-08-27 09:00:00,185
1226816|29|902,902,1226816,29,2026-05-03,1,-1,24,30,7,4397.4394,63.6717,-52.7009,0.0000,-82.769653,146.5813,183.2266,1.2500,23,1,276,1845758,A168_HF9F_20260827_0900,2026-08-27 09:00:00,185
1226816|3|902,902,1226816,3,2026-05-03,1,-1,4,4,2,108.1089,108.1089,97.7306,0.0000,90.400156,27.0272,27.0272,1.0000,0,1,6,1845759,A168_HF9F_20260827_0900,2026-08-27 09:00:00,185
1226816|30|902,902,1226816,30,2026-05-03,1,-1,23,25,4,3944.8951,3944.8951,1847.8631,0.0945,46.841882,157.7958,171.5172,1.0870,0,1,253,1845760,A168_HF9F_20260827_0900,2026-08-27 09:00:00,185
1226816|31|902,902,1226816,31,2026-05-03,1,-1,9,10,3,1157.1881,1157.1881,848.7161,0.0000,73.342966,115.7188,128.5765,1.1111,0,1,36,1845761,A168_HF9F_20260827_0900,2026-08-27 09:00:00,185
1226816|32|902,902,1226816,32,2026-05-03,1,-1,12,13,3,1572.1768,1572.1768,-549.3709,0.5041,-34.943329,120.9367,131.0147,1.0833,0,1,66,1845762,A168_HF9F_20260827_0900,2026-08-27 09:00:00,185
1226816|33|902,902,1226816,33,2026-05-03,1,-1,15,15,2,1296.3700,1296.3700,751.6344,0.0000,57.979931,86.4247,86.4247,1.0000,0,1,105,1845763,A168_HF9F_20260827_0900,2026-08-27 09:00:00,185
1226816|34|902,902,1226816,34,2026-05-03,1,-1,14,16,4,1934.0387,1934.0387,-1189.5250,0.0000,-61.504714,120.8774,138.1456,1.1429,0,1,91,1845764,A168_HF9F_20260827_0900,2026-08-27 09:00:00,185
1226816|35|902,902,1226816,35,2026-05-03,1,-1,27,37,8,3182.4234,3182.4234,898.5271,0.0840,28.234052,86.0114,117.8675,1.3704,0,1,351,1845765,A168_HF9F_20260827_0900,2026-08-27 09:00:00,185
1226816|36|902,902,1226816,36,2026-05-03,1,-1,16,19,5,2600.8141,2600.8141,1214.2273,0.6722,46.686432,136.8850,162.5509,1.1875,0,1,120,1845766,A168_HF9F_20260827_0900,2026-08-27 09:00:00,185
1226816|37|902,902,1226816,37,2026-05-03,1,-1,16,18,4,1226.4977,1226.4977,-499.0704,0.6722,-40.690691,68.1388,76.6561,1.1250,0,1,120,1845767,A168_HF9F_20260827_0900,2026-08-27 09:00:00,185
1226816|38|902,902,1226816,38,2026-05-03,1,-1,24,30,6,3456.1792,3456.1792,1545.6797,1.4164,44.722210,115.2060,144.0075,1.2500,0,1,276,1845768,A168_HF9F_20260827_0900,2026-08-27 09:00:00,185
1226816|39|902,902,1226816,39,2026-05-03,1,-1,13,13,2,786.1195,786.1195,-429.5323,0.6891,-54.639566,60.4707,60.4707,1.0000,0,1,78,1845769,A168_HF9F_20260827_0900,2026-08-27 09:00:00,185
1226816|4|902,902,1226816,4,2026-05-03,1,-1,4,4,1,176.3114,176.3114,-176.3114,0.0000,-100.000000,44.0778,44.0778,1.0000,0,1,6,1845770,A168_HF9F_20260827_0900,2026-08-27 09:00:00,185
1226816|40|902,902,1226816,40,2026-05-03,1,-1,11,13,4,1511.8558,1511.8558,-1176.4707,2.3531,-77.816332,116.2966,137.4414,1.1818,0,1,55,1845771,A168_HF9F_20260827_0900,2026-08-27 09:00:00,185
1226816|41|902,902,1226816,41,2026-05-03,1,-1,16,26,7,738.4744,669.5683,669.1482,3.0973,99.937255,28.4029,46.1547,1.6250,1,1,120,1845772,A168_HF9F_20260827_0900,2026-08-27 09:00:00,185
1226816|42|902,902,1226816,42,2026-05-03,1,-1,7,14,7,355.5881,355.5881,-459.1383,2.3800,-129.120830,25.3992,50.7983,2.0000,0,1,21,1845773,A168_HF9F_20260827_0900,2026-08-27 09:00:00,185
1226816|43|902,902,1226816,43,2026-05-03,1,-1,4,13,8,218.8384,218.8384,217.6095,1.6043,99.438461,16.8337,54.7096,3.2500,0,1,6,1845774,A168_HF9F_20260827_0900,2026-08-27 09:00:00,185
1226816|44|902,902,1226816,44,2026-05-03,1,-1,6,13,7,275.3534,275.3534,173.3458,1.6262,62.953950,21.1810,45.8922,2.1667,0,1,15,1845775,A168_HF9F_20260827_0900,2026-08-27 09:00:00,185
1226816|45|902,902,1226816,45,2026-05-03,1,-1,9,13,5,1268.5292,1268.5292,229.0413,0.0000,18.055661,97.5792,140.9477,1.4444,0,1,36,1845776,A168_HF9F_20260827_0900,2026-08-27 09:00:00,185
1226816|46|902,902,1226816,46,2026-05-03,1,-1,22,32,6,2816.2121,2790.2664,1530.8286,1.8572,54.863169,88.0066,128.0096,1.4545,1,1,231,1845777,A168_HF9F_20260827_0900,2026-08-27 09:00:00,185
1226816|47|902,902,1226816,47,2026-05-03,1,-1,5,10,5,172.6107,172.6107,-28.5336,0.0000,-16.530592,17.2611,34.5221,2.0000,0,1,10,1845778,A168_HF9F_20260827_0900,2026-08-27 09:00:00,185
1226816|48|902,902,1226816,48,2026-05-03,1,-1,9,11,6,857.2393,857.2393,699.7997,0.0000,81.634111,77.9308,95.2488,1.2222,0,1,36,1845779,A168_HF9F_20260827_0900,2026-08-27 09:00:00,185
1226816|49|902,902,1226816,49,2026-05-03,1,-1,2,5,5,132.1290,132.1290,-93.1625,0.0000,-70.508744,26.4258,66.0645,2.5000,0,1,1,1845780,A168_HF9F_20260827_0900,2026-08-27 09:00:00,185
1226816|5|902,902,1226816,5,2026-05-03,1,-1,6,6,2,82.3031,82.3031,54.3303,0.0000,66.012462,13.7172,13.7172,1.0000,0,1,15,1845781,A168_HF9F_20260827_0900,2026-08-27 09:00:00,185
1226816|50|902,902,1226816,50,2026-05-03,1,-1,8,9,4,1632.6267,1632.6267,1597.2108,0.0000,97.830740,181.4030,204.0783,1.1250,0,1,28,1845782,A168_HF9F_20260827_0900,2026-08-27 09:00:00,185
1226816|51|902,902,1226816,51,2026-05-03,1,-1,9,14,5,1432.4859,1432.4859,1230.9849,0.0000,85.933478,102.3204,159.1651,1.5556,0,1,36,1845783,A168_HF9F_20260827_0900,2026-08-27 09:00:00,185
1226816|6|902,902,1226816,6,2026-05-03,1,-1,2,2,1,57.0806,57.0806,-57.0806,0.0000,-100.000000,28.5403,28.5403,1.0000,0,1,1,1845784,A168_HF9F_20260827_0900,2026-08-27 09:00:00,185
1226816|7|902,902,1226816,7,2026-05-03,1,-1,4,4,1,97.9856,97.9856,97.9856,0.0000,100.000000,24.4964,24.4964,1.0000,0,1,6,1845785,A168_HF9F_20260827_0900,2026-08-27 09:00:00,185
1226816|8|902,902,1226816,8,2026-05-03,1,-1,7,7,2,311.4729,311.4729,41.9163,0.0000,13.457441,44.4961,44.4961,1.0000,0,1,21,1845786,A168_HF9F_20260827_0900,2026-08-27 09:00:00,185
1226816|9|902,902,1226816,9,2026-05-03,1,-1,9,9,2,717.0608,717.0608,580.2252,0.0000,80.917157,79.6734,79.6734,1.0000,0,1,36,1845787,A168_HF9F_20260827_0900,2026-08-27 09:00:00,185
1226856|1|902,902,1226856,1,2026-05-03,1,-1,2,2,2,39.6256,39.6256,-10.9685,0.1094,-27.680443,19.8128,19.8128,1.0000,0,1,1,1845788,A168_HF9F_20260827_0900,2026-08-27 09:00:00,185
1226856|10|902,902,1226856,10,2026-05-03,1,-1,4,10,7,173.8416,173.8416,-120.4630,0.0000,-69.294702,17.3842,43.4604,2.5000,0,1,6,1845789,A168_HF9F_20260827_0900,2026-08-27 09:00:00,185
1226856|11|902,902,1226856,11,2026-05-03,1,-1,13,19,8,2729.9151,2729.9151,-2175.1167,0.1094,-79.677083,143.6797,209.9935,1.4615,0,1,78,1845790,A168_HF9F_20260827_0900,2026-08-27 09:00:00,185
1226856|12|902,902,1226856,12,2026-05-03,1,-1,15,23,9,2877.8287,267.1821,95.6661,0.0000,35.805586,125.1230,191.8552,1.5333,14,1,105,1845791,A168_HF9F_20260827_0900,2026-08-27 09:00:00,185
1226856|13|902,902,1226856,13,2026-05-03,1,-1,10,19,8,334.9836,334.9836,138.0533,0.0000,41.211956,17.6307,33.4984,1.9000,0,1,45,1845792,A168_HF9F_20260827_0900,2026-08-27 09:00:00,185
1226856|14|902,902,1226856,14,2026-05-03,1,-1,17,18,3,1168.8330,1168.8330,-1054.6317,0.2736,-90.229465,64.9352,68.7549,1.0588,0,1,136,1845793,A168_HF9F_20260827_0900,2026-08-27 09:00:00,185
1226856|15|902,902,1226856,15,2026-05-03,1,-1,13,18,6,1229.2052,1229.2052,-673.5336,0.2736,-54.794240,68.2892,94.5542,1.3846,0,1,78,1845794,A168_HF9F_20260827_0900,2026-08-27 09:00:00,185
1226856|16|902,902,1226856,16,2026-05-03,1,-1,16,19,4,2042.9006,32.1006,-237.8994,0.0000,-741.105258,107.5211,127.6813,1.1875,16,1,120,1845795,A168_HF9F_20260827_0900,2026-08-27 09:00:00,185
1226856|17|902,902,1226856,17,2026-05-03,1,-1,14,19,5,1095.3576,929.1019,-565.5470,0.2736,-60.870287,57.6504,78.2398,1.3571,4,1,91,1845796,A168_HF9F_20260827_0900,2026-08-27 09:00:00,185
1226856|18|902,902,1226856,18,2026-05-03,1,-1,15,17,4,738.8250,738.8250,2.5972,0.2736,0.351528,43.4603,49.2550,1.1333,0,1,105,1845797,A168_HF9F_20260827_0900,2026-08-27 09:00:00,185
1226856|19|902,902,1226856,19,2026-05-03,1,-1,21,23,4,5112.9269,5112.9269,4900.9868,0.2736,95.854818,222.3012,243.4727,1.0952,0,1,210,1845798,A168_HF9F_20260827_0900,2026-08-27 09:00:00,185
1226856|2|902,902,1226856,2,2026-05-03,1,-1,2,2,1,20.8814,20.8814,-19.8373,0.0000,-95.000000,10.4407,10.4407,1.0000,0,1,1,1845799,A168_HF9F_20260827_0900,2026-08-27 09:00:00,185
1226856|20|902,902,1226856,20,2026-05-03,1,-1,14,16,3,2654.5626,2654.5626,-290.6964,0.2736,-10.950823,165.9102,189.6116,1.1429,0,1,91,1845800,A168_HF9F_20260827_0900,2026-08-27 09:00:00,185
1226856|21|902,902,1226856,21,2026-05-03,1,-1,13,16,5,2074.0602,2074.0602,-1650.1960,0.0000,-79.563552,129.6288,159.5431,1.2308,0,1,78,1845801,A168_HF9F_20260827_0900,2026-08-27 09:00:00,185
1226856|22|902,902,1226856,22,2026-05-03,1,-1,25,25,2,7670.5526,7670.5526,-1916.4618,0.2736,-24.984664,306.8221,306.8221,1.0000,0,1,300,1845802,A168_HF9F_20260827_0900,2026-08-27 09:00:00,185
1226856|23|902,902,1226856,23,2026-05-03,1,-1,9,10,3,372.0966,372.0966,164.5569,0.1094,44.224259,37.2097,41.3441,1.1111,0,1,36,1845803,A168_HF9F_20260827_0900,2026-08-27 09:00:00,185
1226856|24|902,902,1226856,24,2026-05-03,1,-1,7,7,2,342.1620,342.1620,23.1239,0.2736,6.758159,48.8803,48.8803,1.0000,0,1,21,1845804,A168_HF9F_20260827_0900,2026-08-27 09:00:00,185
1226856|25|902,902,1226856,25,2026-05-03,1,-1,14,16,5,772.8586,772.8586,251.2053,0.9458,32.503392,48.3037,55.2042,1.1429,0,1,91,1845805,A168_HF9F_20260827_0900,2026-08-27 09:00:00,185
1226856|26|902,902,1226856,26,2026-05-03,1,-1,8,9,2,193.1876,193.1876,193.1876,0.6722,100.000000,21.4653,24.1485,1.1250,0,1,28,1845806,A168_HF9F_20260827_0900,2026-08-27 09:00:00,185
1226856|27|902,902,1226856,27,2026-05-03,1,-1,8,8,2,1195.5252,895.5252,-631.1121,0.0000,-70.473962,149.4406,149.4406,1.0000,0,1,28,1845807,A168_HF9F_20260827_0900,2026-08-27 09:00:00,185
1226856|28|902,902,1226856,28,2026-05-03,1,-1,6,8,4,866.8034,866.8034,753.3258,0.0000,86.908491,108.3504,144.4672,1.3333,0,1,15,1845808,A168_HF9F_20260827_0900,2026-08-27 09:00:00,185
1226856|29|902,902,1226856,29,2026-05-03,1,-1,8,10,3,964.3526,964.3526,886.5155,0.0000,91.928558,96.4353,120.5441,1.2500,0,1,28,1845809,A168_HF9F_20260827_0900,2026-08-27 09:00:00,185
1226856|3|902,902,1226856,3,2026-05-03,1,-1,3,3,1,171.2418,171.2418,171.2418,0.0000,100.000000,57.0806,57.0806,1.0000,0,1,3,1845810,A168_HF9F_20260827_0900,2026-08-27 09:00:00,185
1226856|30|902,902,1226856,30,2026-05-03,1,-1,8,10,3,246.6217,246.6217,29.4054,0.0840,11.923276,24.6622,30.8277,1.2500,0,1,28,1845811,A168_HF9F_20260827_0900,2026-08-27 09:00:00,185
1226856|31|902,902,1226856,31,2026-05-03,1,-1,7,9,3,1909.4409,70.7970,-566.3762,0.0000,-800.000000,212.1601,272.7773,1.2857,6,1,21,1845812,A168_HF9F_20260827_0900,2026-08-27 09:00:00,185
1226856|32|902,902,1226856,32,2026-05-03,1,-1,7,8,4,357.1538,357.1538,23.7191,0.0000,6.641133,44.6442,51.0220,1.1429,0,1,21,1845813,A168_HF9F_20260827_0900,2026-08-27 09:00:00,185
1226856|33|902,902,1226856,33,2026-05-03,1,-1,6,6,2,256.6932,256.6932,0.6009,0.0000,0.234097,42.7822,42.7822,1.0000,0,1,15,1845814,A168_HF9F_20260827_0900,2026-08-27 09:00:00,185
1226856|34|902,902,1226856,34,2026-05-03,1,-1,7,8,2,730.8126,727.9303,-589.0566,0.0000,-80.922105,91.3516,104.4018,1.1429,2,1,21,1845815,A168_HF9F_20260827_0900,2026-08-27 09:00:00,185
1226856|35|902,902,1226856,35,2026-05-03,1,-1,4,7,5,142.9636,142.9636,-27.0328,0.0000,-18.908872,20.4234,35.7409,1.7500,0,1,6,1845816,A168_HF9F_20260827_0900,2026-08-27 09:00:00,185
1226856|36|902,902,1226856,36,2026-05-03,1,-1,19,28,8,4491.1027,4179.5636,3382.0642,0.0672,80.919076,160.3965,236.3738,1.4737,2,1,171,1845817,A168_HF9F_20260827_0900,2026-08-27 09:00:00,185
1226856|37|902,902,1226856,37,2026-05-03,1,-1,5,9,6,542.7269,438.9440,-293.3451,0.0000,-66.829730,60.3030,108.5454,1.8000,1,1,10,1845818,A168_HF9F_20260827_0900,2026-08-27 09:00:00,185
1226856|38|902,902,1226856,38,2026-05-03,1,-1,6,11,7,1024.7379,946.9008,116.6377,0.0000,12.317837,93.1580,170.7897,1.8333,1,1,15,1845819,A168_HF9F_20260827_0900,2026-08-27 09:00:00,185
1226856|39|902,902,1226856,39,2026-05-03,1,-1,7,7,1,141.2850,141.2850,-134.2208,0.0000,-95.000000,20.1836,20.1836,1.0000,0,1,21,1845820,A168_HF9F_20260827_0900,2026-08-27 09:00:00,185
1226856|4|902,902,1226856,4,2026-05-03,1,-1,3,3,2,99.0640,99.0640,-4.7188,0.2736,-4.763408,33.0213,33.0213,1.0000,0,1,3,1845821,A168_HF9F_20260827_0900,2026-08-27 09:00:00,185
1226856|40|902,902,1226856,40,2026-05-03,1,-1,14,15,4,2295.0420,2295.0420,-1910.7534,0.0945,-83.255705,153.0028,163.9316,1.0714,0,1,91,1845822,A168_HF9F_20260827_0900,2026-08-27 09:00:00,185
1226856|41|902,902,1226856,41,2026-05-03,1,-1,18,22,4,1921.4759,1921.4759,-1494.6392,0.3025,-77.785999,87.3398,106.7487,1.2222,0,1,153,1845823,A168_HF9F_20260827_0900,2026-08-27 09:00:00,185
1226856|42|902,902,1226856,42,2026-05-03,1,-1,23,27,6,4660.8498,4660.8498,166.4162,0.0000,3.570513,172.6241,202.6456,1.1739,0,1,253,1845824,A168_HF9F_20260827_0900,2026-08-27 09:00:00,185
1226856|43|902,902,1226856,43,2026-05-03,1,-1,13,20,10,206.9568,206.9568,-8.5228,0.0000,-4.118136,10.3478,15.9198,1.5385,0,1,78,1845825,A168_HF9F_20260827_0900,2026-08-27 09:00:00,185
1226856|44|902,902,1226856,44,2026-05-03,1,-1,4,5,3,25.7014,25.7014,17.5090,0.0000,68.124614,5.1403,6.4253,1.2500,0,1,6,1845826,A168_HF9F_20260827_0900,2026-08-27 09:00:00,185
1226856|45|902,902,1226856,45,2026-05-03,1,-1,9,12,5,178.5474,178.5474,105.5458,0.0000,59.113592,14.8789,19.8386,1.3333,0,1,36,1845827,A168_HF9F_20260827_0900,2026-08-27 09:00:00,185
1226856|46|902,902,1226856,46,2026-05-03,1,-1,11,16,7,170.3961,170.3961,80.4486,0.1094,47.212722,10.6498,15.4906,1.4545,0,1,55,1845828,A168_HF9F_20260827_0900,2026-08-27 09:00:00,185
1226856|47|902,902,1226856,47,2026-05-03,1,-1,11,18,6,476.6139,472.4127,-356.6396,0.2736,-75.493222,26.4786,43.3285,1.6364,2,1,55,1845829,A168_HF9F_20260827_0900,2026-08-27 09:00:00,185
1226856|48|902,902,1226856,48,2026-05-03,1,-1,4,4,2,43.8404,43.8404,-36.5890,0.0000,-83.459464,10.9601,10.9601,1.0000,0,1,6,1845830,A168_HF9F_20260827_0900,2026-08-27 09:00:00,185
1226856|49|902,902,1226856,49,2026-05-03,1,-1,5,9,6,132.3909,132.3909,79.8754,0.1596,60.332996,14.7101,26.4782,1.8000,0,1,10,1845831,A168_HF9F_20260827_0900,2026-08-27 09:00:00,185
1226856|5|902,902,1226856,5,2026-05-03,1,-1,4,4,2,268.2240,268.2240,216.2511,0.1094,80.623336,67.0560,67.0560,1.0000,0,1,6,1845832,A168_HF9F_20260827_0900,2026-08-27 09:00:00,185
1226856|50|902,902,1226856,50,2026-05-03,1,-1,9,13,5,353.8822,353.8822,-276.9277,0.1094,-78.254185,27.2217,39.3202,1.4444,0,1,36,1845833,A168_HF9F_20260827_0900,2026-08-27 09:00:00,185
1226856|51|902,902,1226856,51,2026-05-03,1,-1,23,30,7,3113.1992,3113.1992,1986.0633,3.4975,63.794931,103.7733,135.3565,1.3043,0,1,253,1845834,A168_HF9F_20260827_0900,2026-08-27 09:00:00,185
1226856|52|902,902,1226856,52,2026-05-03,1,-1,12,19,6,727.4518,630.4148,251.1448,0.6366,39.838019,38.2869,60.6210,1.5833,2,1,66,1845835,A168_HF9F_20260827_0900,2026-08-27 09:00:00,185
1226856|53|902,902,1226856,53,2026-05-03,1,-1,5,5,2,127.8539,127.8539,-106.2830,0.2736,-83.128448,25.5708,25.5708,1.0000,0,1,10,1845836,A168_HF9F_20260827_0900,2026-08-27 09:00:00,185
1226856|54|902,902,1226856,54,2026-05-03,1,-1,7,7,2,574.7130,574.7130,-544.5723,0.2736,-94.755512,82.1019,82.1019,1.0000,0,1,21,1845837,A168_HF9F_20260827_0900,2026-08-27 09:00:00,185
1226856|55|902,902,1226856,55,2026-05-03,1,-1,19,22,6,1850.3489,1850.3489,1753.0348,0.0000,94.740768,84.1068,97.3868,1.1579,0,1,171,1845838,A168_HF9F_20260827_0900,2026-08-27 09:00:00,185
1226856|6|902,902,1226856,6,2026-05-03,1,-1,6,6,1,963.5608,963.5608,963.5608,0.0000,100.000000,160.5935,160.5935,1.0000,0,1,15,1845839,A168_HF9F_20260827_0900,2026-08-27 09:00:00,185
1226856|7|902,902,1226856,7,2026-05-03,1,-1,4,4,2,372.1471,372.1471,-146.7673,0.0000,-39.437986,93.0368,93.0368,1.0000,0,1,6,1845840,A168_HF9F_20260827_0900,2026-08-27 09:00:00,185
1226856|8|902,902,1226856,8,2026-05-03,1,-1,5,9,6,379.9773,379.9773,-336.4011,0.3134,-88.531916,42.2197,75.9955,1.8000,0,1,10,1845841,A168_HF9F_20260827_0900,2026-08-27 09:00:00,185
1226856|9|902,902,1226856,9,2026-05-03,1,-1,10,15,7,322.9111,322.9111,-114.0642,0.1094,-35.323705,21.5274,32.2911,1.5000,0,1,45,1845842,A168_HF9F_20260827_0900,2026-08-27 09:00:00,185
1226896|1|902,902,1226896,1,2026-05-03,1,-1,1,1,1,51.8914,51.8914,51.8914,0.0000,100.000000,51.8914,51.8914,1.0000,0,0,0,1845843,A168_HF9F_20260827_0900,2026-08-27 09:00:00,185
1226896|10|902,902,1226896,10,2026-05-03,1,-1,38,50,9,8737.3001,8737.3001,7875.4500,0.0000,90.135968,174.7460,229.9290,1.3158,0,1,703,1845844,A168_HF9F_20260827_0900,2026-08-27 09:00:00,185
1226896|11|902,902,1226896,11,2026-05-03,1,-1,17,24,6,4811.1584,4811.1584,3621.3781,0.0000,75.270400,200.4649,283.0093,1.4118,0,1,136,1845845,A168_HF9F_20260827_0900,2026-08-27 09:00:00,185
1226896|12|902,902,1226896,12,2026-05-03,1,-1,8,14,6,565.3030,561.1018,-246.2836,0.0000,-43.892860,40.3788,70.6629,1.7500,0,1,28,1845846,A168_HF9F_20260827_0900,2026-08-27 09:00:00,185
1226896|13|902,902,1226896,13,2026-05-03,1,-1,19,25,6,4522.3250,4522.3250,4387.8959,0.0000,97.027434,180.8930,238.0171,1.3158,0,1,171,1845847,A168_HF9F_20260827_0900,2026-08-27 09:00:00,185
1226896|14|902,902,1226896,14,2026-05-03,1,-1,15,25,7,1473.5049,1473.5049,-164.2633,0.0000,-11.147795,58.9402,98.2337,1.6667,0,1,105,1845848,A168_HF9F_20260827_0900,2026-08-27 09:00:00,185
1226896|15|902,902,1226896,15,2026-05-03,1,-1,8,17,7,829.9585,52.1411,-44.9761,0.0000,-86.258519,48.8211,103.7448,2.1250,8,1,28,1845849,A168_HF9F_20260827_0900,2026-08-27 09:00:00,185
1226896|16|902,902,1226896,16,2026-05-03,1,-1,9,18,7,1453.0839,1453.0839,-743.6477,0.0000,-51.177202,80.7269,161.4538,2.0000,0,1,36,1845850,A168_HF9F_20260827_0900,2026-08-27 09:00:00,185
1226896|17|902,902,1226896,17,2026-05-03,1,-1,11,22,8,1705.4750,1705.4750,1465.1641,0.0000,85.909445,77.5216,155.0432,2.0000,0,1,55,1845851,A168_HF9F_20260827_0900,2026-08-27 09:00:00,185
1226896|18|902,902,1226896,18,2026-05-03,1,-1,8,16,8,198.7751,198.7751,-30.5782,0.0000,-15.383302,12.4234,24.8469,2.0000,0,1,28,1845852,A168_HF9F_20260827_0900,2026-08-27 09:00:00,185
1226896|19|902,902,1226896,19,2026-05-03,1,-1,5,10,6,383.1489,383.1489,201.5991,0.0000,52.616396,38.3149,76.6298,2.0000,0,1,10,1845853,A168_HF9F_20260827_0900,2026-08-27 09:00:00,185
1226896|2|902,902,1226896,2,2026-05-03,1,-1,1,1,1,25.9457,25.9457,-24.6484,0.0000,-95.000000,25.9457,25.9457,1.0000,0,0,0,1845854,A168_HF9F_20260827_0900,2026-08-27 09:00:00,185
1226896|20|902,902,1226896,20,2026-05-03,1,-1,20,32,6,2696.5001,2693.3492,1258.9971,0.0000,46.744666,84.2656,134.8250,1.6000,0,1,190,1845855,A168_HF9F_20260827_0900,2026-08-27 09:00:00,185
1226896|21|902,902,1226896,21,2026-05-03,1,-1,10,15,6,366.9432,366.9432,-177.8177,0.0000,-48.459198,24.4629,36.6943,1.5000,0,1,45,1845856,A168_HF9F_20260827_0900,2026-08-27 09:00:00,185
1226896|22|902,902,1226896,22,2026-05-03,1,-1,14,24,8,1818.9946,1818.9946,1643.8425,0.0000,90.370938,75.7914,129.9282,1.7143,0,1,91,1845857,A168_HF9F_20260827_0900,2026-08-27 09:00:00,185
1226896|23|902,902,1226896,23,2026-05-03,1,-1,9,13,5,2975.3392,2975.3392,-2243.8349,0.0000,-75.414423,228.8722,330.5932,1.4444,0,1,36,1845858,A168_HF9F_20260827_0900,2026-08-27 09:00:00,185
1226896|24|902,902,1226896,24,2026-05-03,1,-1,9,16,8,4242.2380,4242.2380,-4092.8260,0.0000,-96.477990,265.1399,471.3598,1.7778,0,1,36,1845859,A168_HF9F_20260827_0900,2026-08-27 09:00:00,185
1226896|25|902,902,1226896,25,2026-05-03,1,-1,18,19,4,2255.9141,2255.9141,2031.3809,0.1702,90.046909,118.7323,125.3286,1.0556,0,1,153,1845860,A168_HF9F_20260827_0900,2026-08-27 09:00:00,185
1226896|26|902,902,1226896,26,2026-05-03,1,-1,3,3,2,1302.4744,1302.4744,-1297.2852,0.0000,-99.601593,434.1581,434.1581,1.0000,0,1,3,1845861,A168_HF9F_20260827_0900,2026-08-27 09:00:00,185
1226896|27|902,902,1226896,27,2026-05-03,1,-1,4,6,3,30.1470,30.1470,30.1470,0.0000,100.000000,5.0245,7.5367,1.5000,0,1,6,1845862,A168_HF9F_20260827_0900,2026-08-27 09:00:00,185
1226896|28|902,902,1226896,28,2026-05-03,1,-1,5,5,2,1794.1681,1794.1681,1789.9508,0.0000,99.764943,358.8336,358.8336,1.0000,0,1,10,1845863,A168_HF9F_20260827_0900,2026-08-27 09:00:00,185
1226896|29|902,902,1226896,29,2026-05-03,1,-1,13,16,5,1851.3245,1851.3245,1274.2566,0.0000,68.829460,115.7078,142.4096,1.2308,0,1,78,1845864,A168_HF9F_20260827_0900,2026-08-27 09:00:00,185
1226896|3|902,902,1226896,3,2026-05-03,1,-1,1,1,1,648.6430,648.6430,-616.2109,0.0000,-95.000000,648.6430,648.6430,1.0000,0,0,0,1845865,A168_HF9F_20260827_0900,2026-08-27 09:00:00,185
1226896|30|902,902,1226896,30,2026-05-03,1,-1,14,15,2,1259.7953,1104.1210,985.3426,0.0000,89.242274,83.9864,89.9854,1.0714,2,1,91,1845866,A168_HF9F_20260827_0900,2026-08-27 09:00:00,185
1226896|31|902,902,1226896,31,2026-05-03,1,-1,6,7,4,253.9763,253.9763,40.2989,0.0000,15.867202,36.2823,42.3294,1.1667,0,1,15,1845867,A168_HF9F_20260827_0900,2026-08-27 09:00:00,185
1226896|32|902,902,1226896,32,2026-05-03,1,-1,3,3,2,123.5452,123.5452,-5.0489,0.0000,-4.086709,41.1817,41.1817,1.0000,0,1,3,1845868,A168_HF9F_20260827_0900,2026-08-27 09:00:00,185
1226896|33|902,902,1226896,33,2026-05-03,1,-1,1,1,1,2.2299,2.2299,-2.2299,0.0000,-100.000000,2.2299,2.2299,1.0000,0,0,0,1845869,A168_HF9F_20260827_0900,2026-08-27 09:00:00,185
1226896|34|902,902,1226896,34,2026-05-03,1,-1,4,4,2,78.2213,78.2213,10.2632,0.0000,13.120736,19.5553,19.5553,1.0000,0,1,6,1845870,A168_HF9F_20260827_0900,2026-08-27 09:00:00,185
1226896|35|902,902,1226896,35,2026-05-03,1,-1,6,6,2,251.4102,251.4102,-217.8545,0.2269,-86.653024,41.9017,41.9017,1.0000,0,1,15,1845871,A168_HF9F_20260827_0900,2026-08-27 09:00:00,185
1226896|36|902,902,1226896,36,2026-05-03,1,-1,10,10,2,2056.4985,2056.4985,-670.6226,0.0000,-32.609923,205.6498,205.6498,1.0000,0,1,45,1845872,A168_HF9F_20260827_0900,2026-08-27 09:00:00,185
1226896|37|902,902,1226896,37,2026-05-03,1,-1,7,7,2,361.7340,361.7340,341.4964,0.0000,94.405375,51.6763,51.6763,1.0000,0,1,21,1845873,A168_HF9F_20260827_0900,2026-08-27 09:00:00,185
1226896|38|902,902,1226896,38,2026-05-03,1,-1,5,7,4,1188.9911,1188.9911,388.9911,0.0000,32.716065,169.8559,237.7982,1.4000,0,1,10,1845874,A168_HF9F_20260827_0900,2026-08-27 09:00:00,185
1226896|39|902,902,1226896,39,2026-05-03,1,-1,7,13,8,2300.9238,2300.9238,2008.0151,0.2521,87.269955,176.9941,328.7034,1.8571,0,1,21,1845875,A168_HF9F_20260827_0900,2026-08-27 09:00:00,185
1226896|40|902,902,1226896,40,2026-05-03,1,-1,6,7,3,792.5125,792.5125,-646.5258,0.0000,-81.579256,113.2161,132.0854,1.1667,0,1,15,1845876,A168_HF9F_20260827_0900,2026-08-27 09:00:00,185
1226896|41|902,902,1226896,41,2026-05-03,1,-1,18,31,9,11303.3918,11303.3918,5245.6565,0.0000,46.407809,364.6255,627.9662,1.7222,0,1,153,1845877,A168_HF9F_20260827_0900,2026-08-27 09:00:00,185
1226896|42|902,902,1226896,42,2026-05-03,1,-1,18,18,2,5024.2868,5024.2868,-4565.3192,0.0000,-90.865020,279.1270,279.1270,1.0000,0,1,153,1845878,A168_HF9F_20260827_0900,2026-08-27 09:00:00,185
1226896|43|902,902,1226896,43,2026-05-03,1,-1,17,19,4,8652.9353,5.1891,-18.1620,0.0000,-350.000000,455.4176,508.9962,1.1176,17,1,136,1845879,A168_HF9F_20260827_0900,2026-08-27 09:00:00,185
1226896|44|902,902,1226896,44,2026-05-03,1,-1,20,32,7,4159.1631,4159.1631,2968.3639,0.2521,71.369258,129.9738,207.9582,1.6000,0,1,190,1845880,A168_HF9F_20260827_0900,2026-08-27 09:00:00,185
1226896|45|902,902,1226896,45,2026-05-03,1,-1,7,7,2,2108.5193,0.0000,0.0000,0.0000,,301.2170,301.2170,1.0000,7,1,21,1845881,A168_HF9F_20260827_0900,2026-08-27 09:00:00,185
1226896|46|902,902,1226896,46,2026-05-03,1,-1,7,7,2,2908.8025,2908.8025,-2533.9606,0.0000,-87.113532,415.5432,415.5432,1.0000,0,1,21,1845882,A168_HF9F_20260827_0900,2026-08-27 09:00:00,185
1226896|47|902,902,1226896,47,2026-05-03,1,-1,9,19,10,4026.3132,3096.3665,-2366.9669,0.0000,-76.443370,211.9112,447.3681,2.1111,3,1,36,1845883,A168_HF9F_20260827_0900,2026-08-27 09:00:00,185
1226896|48|902,902,1226896,48,2026-05-03,1,-1,13,23,10,3059.7676,2129.8209,38.3313,0.0000,1.799741,133.0334,235.3667,1.7692,3,1,78,1845884,A168_HF9F_20260827_0900,2026-08-27 09:00:00,185
1226896|49|902,902,1226896,49,2026-05-03,1,-1,7,14,8,2847.2732,1921.5277,178.0134,0.0000,9.264159,203.3767,406.7533,2.0000,1,1,21,1845885,A168_HF9F_20260827_0900,2026-08-27 09:00:00,185
1226896|5|902,902,1226896,5,2026-05-03,1,-1,3,7,6,223.8919,223.8919,121.4193,0.0000,54.231204,31.9846,74.6306,2.3333,0,1,3,1845886,A168_HF9F_20260827_0900,2026-08-27 09:00:00,185
1226896|50|902,902,1226896,50,2026-05-03,1,-1,10,18,10,1526.3157,1526.3157,-1471.3699,0.0000,-96.400103,84.7953,152.6316,1.8000,0,1,45,1845887,A168_HF9F_20260827_0900,2026-08-27 09:00:00,185
1226896|51|902,902,1226896,51,2026-05-03,1,-1,23,33,8,3260.6651,2815.5167,307.3591,0.1815,10.916615,98.8080,141.7680,1.4348,4,1,253,1845888,A168_HF9F_20260827_0900,2026-08-27 09:00:00,185
1226896|52|902,902,1226896,52,2026-05-03,1,-1,26,35,8,6315.5110,6315.5110,5719.1046,0.0000,90.556481,180.4432,242.9043,1.3462,0,1,325,1845889,A168_HF9F_20260827_0900,2026-08-27 09:00:00,185
1226896|53|902,902,1226896,53,2026-05-03,1,-1,9,22,9,4630.3142,4630.3142,-2966.1885,0.0000,-64.060198,210.4688,514.4794,2.4444,0,1,36,1845890,A168_HF9F_20260827_0900,2026-08-27 09:00:00,185
1226896|6|902,902,1226896,6,2026-05-03,1,-1,5,9,6,942.7526,942.7526,683.2954,0.0000,72.478759,104.7503,188.5505,1.8000,0,1,10,1845891,A168_HF9F_20260827_0900,2026-08-27 09:00:00,185
1226896|7|902,902,1226896,7,2026-05-03,1,-1,5,9,6,168.5424,168.5424,-21.3310,0.0000,-12.656152,18.7269,33.7085,1.8000,0,1,10,1845892,A168_HF9F_20260827_0900,2026-08-27 09:00:00,185
1226896|8|902,902,1226896,8,2026-05-03,1,-1,15,19,6,2089.4023,2089.4023,-1485.6194,0.0000,-71.102602,109.9685,139.2935,1.2667,0,1,105,1845893,A168_HF9F_20260827_0900,2026-08-27 09:00:00,185
1226896|9|902,902,1226896,9,2026-05-03,1,-1,30,35,7,5620.8005,5620.8005,-5019.3600,0.0000,-89.299736,160.5943,187.3600,1.1667,0,1,435,1845894,A168_HF9F_20260827_0900,2026-08-27 09:00:00,185
1226932|1|902,902,1226932,1,2026-05-03,1,-1,1,1,1,216.2723,216.2723,-216.2723,0.0000,-100.000000,216.2723,216.2723,1.0000,0,0,0,1845895,A168_HF9F_20260827_0900,2026-08-27 09:00:00,185
1226932|10|902,902,1226932,10,2026-05-03,1,-1,59,99,10,7433.8401,7390.5856,6037.3166,3.9878,81.689285,75.0893,125.9973,1.6780,1,1,1711,1845896,A168_HF9F_20260827_0900,2026-08-27 09:00:00,185
1226932|11|902,902,1226932,11,2026-05-03,1,-1,21,35,8,1690.7567,1690.7567,434.3585,4.4889,25.690182,48.3073,80.5122,1.6667,0,1,210,1845897,A168_HF9F_20260827_0900,2026-08-27 09:00:00,185
1226932|12|902,902,1226932,12,2026-05-03,1,-1,25,47,9,2214.1449,242.5222,-137.8931,1.2570,-56.857947,47.1095,88.5658,1.8800,25,1,300,1845898,A168_HF9F_20260827_0900,2026-08-27 09:00:00,185
1226932|13|902,902,1226932,13,2026-05-03,1,-1,22,46,10,2119.5337,2102.3072,-1139.3866,3.3781,-54.196960,46.0768,96.3424,2.0909,1,1,231,1845899,A168_HF9F_20260827_0900,2026-08-27 09:00:00,185
1226932|14|902,902,1226932,14,2026-05-03,1,-1,31,57,10,6136.8535,6136.8535,3490.7439,3.2996,56.881656,107.6641,197.9630,1.8387,0,1,465,1845900,A168_HF9F_20260827_0900,2026-08-27 09:00:00,185
1226932|15|902,902,1226932,15,2026-05-03,1,-1,27,58,10,3311.8670,3128.8835,846.3600,3.1425,27.049905,57.1012,122.6617,2.1481,3,1,351,1845901,A168_HF9F_20260827_0900,2026-08-27 09:00:00,185
1226932|16|902,902,1226932,16,2026-05-03,1,-1,17,32,8,919.8310,918.7931,371.6175,0.3361,40.446266,28.7447,54.1077,1.8824,1,1,136,1845902,A168_HF9F_20260827_0900,2026-08-27 09:00:00,185
1226932|17|902,902,1226932,17,2026-05-03,1,-1,12,15,5,1305.1284,1305.1284,941.1626,0.0000,72.112645,87.0086,108.7607,1.2500,0,1,66,1845903,A168_HF9F_20260827_0900,2026-08-27 09:00:00,185
1226932|18|902,902,1226932,18,2026-05-03,1,-1,25,31,8,3532.3579,3532.3579,-2901.7751,0.0000,-82.148389,113.9470,141.2943,1.2400,0,1,300,1845904,A168_HF9F_20260827_0900,2026-08-27 09:00:00,185
1226932|19|902,902,1226932,19,2026-05-03,1,-1,27,31,6,5135.8466,5135.8466,-4862.3291,0.0000,-94.674345,165.6725,190.2165,1.1481,0,1,351,1845905,A168_HF9F_20260827_0900,2026-08-27 09:00:00,185
1226932|2|902,902,1226932,2,2026-05-03,1,-1,7,9,4,570.7550,570.7550,-104.5485,0.5041,-18.317587,63.4172,81.5364,1.2857,0,1,21,1845906,A168_HF9F_20260827_0900,2026-08-27 09:00:00,185
1226932|20|902,902,1226932,20,2026-05-03,1,-1,39,44,5,7637.8372,7205.4982,-6189.8376,0.4033,-85.904366,173.5872,195.8420,1.1282,1,1,741,1845907,A168_HF9F_20260827_0900,2026-08-27 09:00:00,185
1226932|21|902,902,1226932,21,2026-05-03,1,-1,54,72,10,9160.6705,9160.6705,-6407.9557,0.1008,-69.950728,127.2315,169.6420,1.3333,0,1,1431,1845908,A168_HF9F_20260827_0900,2026-08-27 09:00:00,185
1226932|22|902,902,1226932,22,2026-05-03,1,-1,55,84,11,9875.6009,9872.1556,2060.0573,0.2017,20.867351,117.5667,179.5564,1.5273,1,1,1485,1845909,A168_HF9F_20260827_0900,2026-08-27 09:00:00,185
1226932|23|902,902,1226932,23,2026-05-03,1,-1,20,35,9,1480.9497,1470.6138,-255.8222,0.1008,-17.395610,42.3128,74.0475,1.7500,1,1,190,1845910,A168_HF9F_20260827_0900,2026-08-27 09:00:00,185
1226932|24|902,902,1226932,24,2026-05-03,1,-1,28,38,8,4034.3193,4034.3193,-2960.0731,0.3697,-73.372306,106.1663,144.0828,1.3571,0,1,378,1845911,A168_HF9F_20260827_0900,2026-08-27 09:00:00,185
1226932|25|902,902,1226932,25,2026-05-03,1,-1,14,18,6,3498.9748,3498.9748,2796.0038,0.2736,79.909228,194.3875,249.9268,1.2857,0,1,91,1845912,A168_HF9F_20260827_0900,2026-08-27 09:00:00,185
1226932|26|902,902,1226932,26,2026-05-03,1,-1,17,29,9,5412.6509,5412.6509,-4429.6975,0.5128,-81.839704,186.6431,318.3912,1.7059,0,1,136,1845913,A168_HF9F_20260827_0900,2026-08-27 09:00:00,185
1226932|27|902,902,1226932,27,2026-05-03,1,-1,10,17,6,4904.9219,4904.9219,4516.3161,0.2017,92.077228,288.5248,490.4922,1.7000,0,1,45,1845914,A168_HF9F_20260827_0900,2026-08-27 09:00:00,185
1226932|28|902,902,1226932,28,2026-05-03,1,-1,19,28,7,3048.5819,3048.5819,118.8170,0.5085,3.897453,108.8779,160.4517,1.4737,0,1,171,1845915,A168_HF9F_20260827_0900,2026-08-27 09:00:00,185
1226932|29|902,902,1226932,29,2026-05-03,1,-1,31,37,7,5281.5750,5281.5750,-2464.1985,0.2607,-46.656508,142.7453,170.3734,1.1935,0,1,465,1845916,A168_HF9F_20260827_0900,2026-08-27 09:00:00,185
1226932|3|902,902,1226932,3,2026-05-03,1,-1,4,4,2,699.9467,699.9467,-276.9557,0.0000,-39.568119,174.9867,174.9867,1.0000,0,1,6,1845917,A168_HF9F_20260827_0900,2026-08-27 09:00:00,185
1226932|30|902,902,1226932,30,2026-05-03,1,-1,39,50,7,8878.7554,8878.7554,-281.5355,0.3529,-3.170889,177.5751,227.6604,1.2821,0,1,741,1845918,A168_HF9F_20260827_0900,2026-08-27 09:00:00,185
1226932|31|902,902,1226932,31,2026-05-03,1,-1,11,18,5,1458.5569,36.9428,-164.3264,0.0672,-444.813469,81.0309,132.5961,1.6364,11,1,55,1845919,A168_HF9F_20260827_0900,2026-08-27 09:00:00,185
1226932|32|902,902,1226932,32,2026-05-03,1,-1,9,16,5,1458.6145,1366.1873,-542.0924,0.6136,-39.679215,91.1634,162.0683,1.7778,1,1,36,1845920,A168_HF9F_20260827_0900,2026-08-27 09:00:00,185
1226932|33|902,902,1226932,33,2026-05-03,1,-1,9,16,5,2004.8191,2004.8191,1875.0905,0.4033,93.529161,125.3012,222.7577,1.7778,0,1,36,1845921,A168_HF9F_20260827_0900,2026-08-27 09:00:00,185
1226932|34|902,902,1226932,34,2026-05-03,1,-1,7,13,5,1484.7842,1484.7842,587.5767,0.7730,39.573206,114.2142,212.1120,1.8571,0,1,21,1845922,A168_HF9F_20260827_0900,2026-08-27 09:00:00,185
1226932|35|902,902,1226932,35,2026-05-03,1,-1,13,19,5,3057.6215,3057.6215,1332.4289,0.4537,43.577299,160.9274,235.2017,1.4615,0,1,78,1845923,A168_HF9F_20260827_0900,2026-08-27 09:00:00,185
1226932|36|902,902,1226932,36,2026-05-03,1,-1,10,18,5,1245.6637,1245.6637,141.2581,1.0923,11.339989,69.2035,124.5664,1.8000,0,1,45,1845924,A168_HF9F_20260827_0900,2026-08-27 09:00:00,185
1226932|37|902,902,1226932,37,2026-05-03,1,-1,7,16,5,1391.7390,1391.7390,1391.7390,1.7477,100.000000,86.9837,198.8199,2.2857,0,1,21,1845925,A168_HF9F_20260827_0900,2026-08-27 09:00:00,185
1226932|38|902,902,1226932,38,2026-05-03,1,-1,6,8,3,605.0354,605.0354,-312.1618,0.0000,-51.593984,75.6294,100.8392,1.3333,0,1,15,1845926,A168_HF9F_20260827_0900,2026-08-27 09:00:00,185
1226932|39|902,902,1226932,39,2026-05-03,1,-1,5,8,5,521.5619,12.9729,-57.0806,0.0000,-440.000000,65.1952,104.3124,1.6000,5,1,10,1845927,A168_HF9F_20260827_0900,2026-08-27 09:00:00,185
1226932|4|902,902,1226932,4,2026-05-03,1,-1,4,4,1,557.1696,557.1696,-550.9383,0.0000,-98.881625,139.2924,139.2924,1.0000,0,1,6,1845928,A168_HF9F_20260827_0900,2026-08-27 09:00:00,185
1226932|40|902,902,1226932,40,2026-05-03,1,-1,7,16,8,710.1184,710.1184,608.6867,0.2521,85.716228,44.3824,101.4455,2.2857,0,1,21,1845929,A168_HF9F_20260827_0900,2026-08-27 09:00:00,185
1226932|41|902,902,1226932,41,2026-05-03,1,-1,13,18,5,6811.9585,6811.9585,6490.4806,0.0000,95.280683,378.4421,523.9968,1.3846,0,1,78,1845930,A168_HF9F_20260827_0900,2026-08-27 09:00:00,185
1226932|42|902,902,1226932,42,2026-05-03,1,-1,15,20,7,2476.9544,57.7046,11.0023,0.0000,19.066644,123.8477,165.1303,1.3333,15,1,105,1845931,A168_HF9F_20260827_0900,2026-08-27 09:00:00,185
1226932|43|902,902,1226932,43,2026-05-03,1,-1,17,24,6,4384.1831,4384.1831,616.0431,0.0000,14.051492,182.6743,257.8931,1.4118,0,1,136,1845932,A168_HF9F_20260827_0900,2026-08-27 09:00:00,185
1226932|44|902,902,1226932,44,2026-05-03,1,-1,18,23,4,4247.8617,4163.8369,3573.6932,0.0000,85.826924,184.6896,235.9923,1.2778,1,1,153,1845933,A168_HF9F_20260827_0900,2026-08-27 09:00:00,185
1226932|45|902,902,1226932,45,2026-05-03,1,-1,4,4,2,115.7959,115.7959,91.7699,0.0000,79.251373,28.9490,28.9490,1.0000,0,1,6,1845934,A168_HF9F_20260827_0900,2026-08-27 09:00:00,185
1226932|46|902,902,1226932,46,2026-05-03,1,-1,7,7,3,719.8582,719.8582,356.1682,0.0000,49.477545,102.8369,102.8369,1.0000,0,1,21,1845935,A168_HF9F_20260827_0900,2026-08-27 09:00:00,185
1226932|47|902,902,1226932,47,2026-05-03,1,-1,12,16,6,1756.1763,1756.1763,-1606.5574,0.0000,-91.480414,109.7610,146.3480,1.3333,0,1,66,1845936,A168_HF9F_20260827_0900,2026-08-27 09:00:00,185
1226932|48|902,902,1226932,48,2026-05-03,1,-1,12,15,4,2105.0522,2105.0522,1874.5413,0.0000,89.049635,140.3368,175.4210,1.2500,0,1,66,1845937,A168_HF9F_20260827_0900,2026-08-27 09:00:00,185
1226932|49|902,902,1226932,49,2026-05-03,1,-1,28,36,8,4124.5413,4124.5413,972.0694,0.0000,23.567939,114.5706,147.3050,1.2857,0,1,378,1845938,A168_HF9F_20260827_0900,2026-08-27 09:00:00,185
1226932|5|902,902,1226932,5,2026-05-03,1,-1,11,14,5,959.4430,959.4430,-889.7965,1.5124,-92.740941,68.5316,87.2221,1.2727,0,1,55,1845939,A168_HF9F_20260827_0900,2026-08-27 09:00:00,185
1226932|50|902,902,1226932,50,2026-05-03,1,-1,8,11,4,1545.5372,1545.5372,1493.6457,0.0000,96.642498,140.5034,193.1921,1.3750,0,1,28,1845940,A168_HF9F_20260827_0900,2026-08-27 09:00:00,185
1226932|51|902,902,1226932,51,2026-05-03,1,-1,4,6,4,1189.1369,1189.1369,-281.2969,0.0000,-23.655552,198.1895,297.2842,1.5000,0,1,6,1845941,A168_HF9F_20260827_0900,2026-08-27 09:00:00,185
1226932|6|902,902,1226932,6,2026-05-03,1,-1,16,28,7,2252.4780,2183.5719,-1515.6140,0.0000,-69.409853,80.4456,140.7799,1.7500,1,1,120,1845942,A168_HF9F_20260827_0900,2026-08-27 09:00:00,185
1226932|7|902,902,1226932,7,2026-05-03,1,-1,39,54,7,4284.9929,4198.4839,-3032.1252,0.0840,-72.219526,79.3517,109.8716,1.3846,1,1,741,1845943,A168_HF9F_20260827_0900,2026-08-27 09:00:00,185
1226932|8|902,902,1226932,8,2026-05-03,1,-1,41,66,8,5218.8088,5149.9027,-3997.5008,0.3361,-77.622841,79.0729,127.2880,1.6098,1,1,820,1845944,A168_HF9F_20260827_0900,2026-08-27 09:00:00,185
1226932|9|902,902,1226932,9,2026-05-03,1,-1,50,87,10,5796.7824,5457.5358,-3446.7763,0.6134,-63.156274,66.6297,115.9356,1.7400,1,1,1225,1845945,A168_HF9F_20260827_0900,2026-08-27 09:00:00,185
1226975|1|902,902,1226975,1,2026-05-03,1,-1,3,3,1,777.7630,777.7630,777.7630,0.0000,100.000000,259.2543,259.2543,1.0000,0,1,3,1845946,A168_HF9F_20260827_0900,2026-08-27 09:00:00,185
1226975|10|902,902,1226975,10,2026-05-03,1,-1,7,13,6,291.7517,291.7517,220.6765,1.5902,75.638463,22.4424,41.6788,1.8571,0,1,21,1845947,A168_HF9F_20260827_0900,2026-08-27 09:00:00,185
1226975|11|902,902,1226975,11,2026-05-03,1,-1,6,9,5,611.4771,611.4771,276.1268,1.5082,45.157341,67.9419,101.9128,1.5000,0,1,15,1845948,A168_HF9F_20260827_0900,2026-08-27 09:00:00,185
1226975|12|902,902,1226975,12,2026-05-03,1,-1,10,12,4,2001.1774,2001.1774,1861.2657,0.9453,93.008527,166.7648,200.1177,1.2000,0,1,45,1845949,A168_HF9F_20260827_0900,2026-08-27 09:00:00,185
1226975|13|902,902,1226975,13,2026-05-03,1,-1,6,6,2,931.3174,0.0000,0.0000,0.0000,,155.2196,155.2196,1.0000,6,1,15,1845950,A168_HF9F_20260827_0900,2026-08-27 09:00:00,185
1226975|14|902,902,1226975,14,2026-05-03,1,-1,5,5,2,558.8972,558.8972,288.2893,0.0000,51.581818,111.7794,111.7794,1.0000,0,1,10,1845951,A168_HF9F_20260827_0900,2026-08-27 09:00:00,185
1226975|15|902,902,1226975,15,2026-05-03,1,-1,7,10,5,219.5612,219.5612,13.8202,0.0000,6.294478,21.9561,31.3659,1.4286,0,1,21,1845952,A168_HF9F_20260827_0900,2026-08-27 09:00:00,185
1226975|16|902,902,1226975,16,2026-05-03,1,-1,7,17,8,603.8458,599.6445,-619.7839,3.6924,-103.358545,35.5203,86.2637,2.4286,1,1,21,1845953,A168_HF9F_20260827_0900,2026-08-27 09:00:00,185
1226975|17|902,902,1226975,17,2026-05-03,1,-1,12,23,8,3944.2089,133.6092,-120.9808,1.0999,-90.548232,171.4873,328.6841,1.9167,11,1,66,1845954,A168_HF9F_20260827_0900,2026-08-27 09:00:00,185
1226975|18|902,902,1226975,18,2026-05-03,1,-1,8,16,9,1103.9639,1103.9639,-419.3003,4.9822,-37.981340,68.9977,137.9955,2.0000,0,1,28,1845955,A168_HF9F_20260827_0900,2026-08-27 09:00:00,185
1226975|19|902,902,1226975,19,2026-05-03,1,-1,23,35,8,3047.6978,3047.6978,-379.1197,1.9174,-12.439545,87.0771,132.5086,1.5217,0,1,253,1845956,A168_HF9F_20260827_0900,2026-08-27 09:00:00,185
1226975|2|902,902,1226975,2,2026-05-03,1,-1,2,2,1,434.1731,0.0000,0.0000,0.0000,,217.0865,217.0865,1.0000,2,1,1,1845957,A168_HF9F_20260827_0900,2026-08-27 09:00:00,185
1226975|20|902,902,1226975,20,2026-05-03,1,-1,19,36,9,5316.8570,5316.8570,-517.2109,3.4567,-9.727756,147.6905,279.8346,1.8947,0,1,171,1845958,A168_HF9F_20260827_0900,2026-08-27 09:00:00,185
1226975|21|902,902,1226975,21,2026-05-03,1,-1,25,31,7,4742.6886,4742.6886,-3969.4176,0.0000,-83.695514,152.9900,189.7075,1.2400,0,1,300,1845959,A168_HF9F_20260827_0900,2026-08-27 09:00:00,185
1226975|22|902,902,1226975,22,2026-05-03,1,-1,22,28,7,6164.4827,6164.4827,5705.9927,0.8192,92.562393,220.1601,280.2038,1.2727,0,1,231,1845960,A168_HF9F_20260827_0900,2026-08-27 09:00:00,185
1226975|23|902,902,1226975,23,2026-05-03,1,-1,9,17,7,338.2310,337.1807,-10.0565,0.1891,-2.982517,19.8959,37.5812,1.8889,0,1,36,1845961,A168_HF9F_20260827_0900,2026-08-27 09:00:00,185
1226975|24|902,902,1226975,24,2026-05-03,1,-1,5,12,7,210.8072,20.2626,-45.3453,0.0000,-223.787647,17.5673,42.1614,2.4000,5,1,10,1845962,A168_HF9F_20260827_0900,2026-08-27 09:00:00,185
1226975|25|902,902,1226975,25,2026-05-03,1,-1,7,14,8,470.2398,470.2398,-528.4331,0.0000,-112.375246,33.5886,67.1771,2.0000,0,1,21,1845963,A168_HF9F_20260827_0900,2026-08-27 09:00:00,185
1226975|26|902,902,1226975,26,2026-05-03,1,-1,16,22,6,1703.6313,1703.6313,1380.7564,0.0000,81.047841,77.4378,106.4770,1.3750,0,1,120,1845964,A168_HF9F_20260827_0900,2026-08-27 09:00:00,185
1226975|27|902,902,1226975,27,2026-05-03,1,-1,5,8,4,556.1851,556.1851,339.1660,0.0000,60.980779,69.5231,111.2370,1.6000,0,1,10,1845965,A168_HF9F_20260827_0900,2026-08-27 09:00:00,185
1226975|28|902,902,1226975,28,2026-05-03,1,-1,5,12,7,588.8301,588.8301,588.8301,0.0000,100.000000,49.0692,117.7660,2.4000,0,1,10,1845966,A168_HF9F_20260827_0900,2026-08-27 09:00:00,185
1226975|29|902,902,1226975,29,2026-05-03,1,-1,4,4,2,268.9766,0.0000,0.0000,0.0000,,67.2442,67.2442,1.0000,4,1,6,1845967,A168_HF9F_20260827_0900,2026-08-27 09:00:00,185
1226975|3|902,902,1226975,3,2026-05-03,1,-1,1,1,1,609.1797,609.1797,-609.1797,0.0000,-100.000000,609.1797,609.1797,1.0000,0,0,0,1845968,A168_HF9F_20260827_0900,2026-08-27 09:00:00,185
1226975|30|902,902,1226975,30,2026-05-03,1,-1,4,6,4,185.4218,185.4218,94.3523,0.0000,50.885226,30.9036,46.3554,1.5000,0,1,6,1845969,A168_HF9F_20260827_0900,2026-08-27 09:00:00,185
1226975|31|902,902,1226975,31,2026-05-03,1,-1,3,7,5,95.9992,95.9992,-164.4959,0.0000,-171.351351,13.7142,31.9997,2.3333,0,1,3,1845970,A168_HF9F_20260827_0900,2026-08-27 09:00:00,185
1226975|32|902,902,1226975,32,2026-05-03,1,-1,7,9,3,1610.5297,1610.5297,-1339.5162,0.0000,-83.172398,178.9477,230.0757,1.2857,0,1,21,1845971,A168_HF9F_20260827_0900,2026-08-27 09:00:00,185
1226975|33|902,902,1226975,33,2026-05-03,1,-1,7,14,7,256.0323,20.7566,20.7566,0.0000,100.000000,18.2880,36.5760,2.0000,7,1,21,1845972,A168_HF9F_20260827_0900,2026-08-27 09:00:00,185
1226975|34|902,902,1226975,34,2026-05-03,1,-1,11,16,6,1821.2025,1821.2025,1195.4347,0.0000,65.639854,113.8252,165.5639,1.4545,0,1,55,1845973,A168_HF9F_20260827_0900,2026-08-27 09:00:00,185
1226975|35|902,902,1226975,35,2026-05-03,1,-1,4,5,3,191.3474,191.3474,71.1907,0.0000,37.204962,38.2695,47.8369,1.2500,0,1,6,1845974,A168_HF9F_20260827_0900,2026-08-27 09:00:00,185
1226975|36|902,902,1226975,36,2026-05-03,1,-1,4,4,1,449.2322,449.2322,449.2322,0.0000,100.000000,112.3081,112.3081,1.0000,0,1,6,1845975,A168_HF9F_20260827_0900,2026-08-27 09:00:00,185
1226975|37|902,902,1226975,37,2026-05-03,1,-1,2,2,1,95.9019,0.0000,0.0000,0.0000,,47.9510,47.9510,1.0000,2,1,1,1845976,A168_HF9F_20260827_0900,2026-08-27 09:00:00,185
1226975|38|902,902,1226975,38,2026-05-03,1,-1,3,9,8,572.0646,572.0646,92.8864,4.8708,16.237052,63.5627,190.6882,3.0000,0,1,3,1845977,A168_HF9F_20260827_0900,2026-08-27 09:00:00,185
1226975|39|902,902,1226975,39,2026-05-03,1,-1,12,19,10,2923.5854,2923.5854,-2041.6950,6.1278,-69.835314,153.8729,243.6321,1.5833,0,1,66,1845978,A168_HF9F_20260827_0900,2026-08-27 09:00:00,185
1226975|4|902,902,1226975,4,2026-05-03,1,-1,2,2,1,15.6717,0.0000,0.0000,0.0000,,7.8358,7.8358,1.0000,2,1,1,1845979,A168_HF9F_20260827_0900,2026-08-27 09:00:00,185
1226975|40|902,902,1226975,40,2026-05-03,1,-1,20,33,10,4271.0230,4271.0230,-137.4819,5.3741,-3.218945,129.4249,213.5512,1.6500,0,1,190,1845980,A168_HF9F_20260827_0900,2026-08-27 09:00:00,185
1226975|41|902,902,1226975,41,2026-05-03,1,-1,12,16,6,4161.2445,4161.2445,515.8060,0.0000,12.395474,260.0778,346.7704,1.3333,0,1,66,1845981,A168_HF9F_20260827_0900,2026-08-27 09:00:00,185
1226975|42|902,902,1226975,42,2026-05-03,1,-1,6,10,6,246.8608,246.8608,-14.2117,0.0000,-5.756957,24.6861,41.1435,1.6667,0,1,15,1845982,A168_HF9F_20260827_0900,2026-08-27 09:00:00,185
1226975|43|902,902,1226975,43,2026-05-03,1,-1,5,5,2,58.2938,58.2938,-21.6475,0.0000,-37.135059,11.6588,11.6588,1.0000,0,1,10,1845983,A168_HF9F_20260827_0900,2026-08-27 09:00:00,185
1226975|44|902,902,1226975,44,2026-05-03,1,-1,14,18,4,3478.5506,32.5489,-137.2724,0.0000,-421.741691,193.2528,248.4679,1.2857,14,1,91,1845984,A168_HF9F_20260827_0900,2026-08-27 09:00:00,185
1226975|45|902,902,1226975,45,2026-05-03,1,-1,16,25,8,2254.4056,2062.4072,698.6054,0.5785,33.873301,90.1762,140.9003,1.5625,1,1,120,1845985,A168_HF9F_20260827_0900,2026-08-27 09:00:00,185
1226975|46|902,902,1226975,46,2026-05-03,1,-1,4,4,2,279.4468,0.0000,0.0000,0.0000,,69.8617,69.8617,1.0000,4,1,6,1845986,A168_HF9F_20260827_0900,2026-08-27 09:00:00,185
1226975|47|902,902,1226975,47,2026-05-03,1,-1,4,5,3,363.1583,363.1583,-316.3269,0.0000,-87.104418,72.6317,90.7896,1.2500,0,1,6,1845987,A168_HF9F_20260827_0900,2026-08-27 09:00:00,185
1226975|48|902,902,1226975,48,2026-05-03,1,-1,4,4,2,301.4462,301.4462,160.9320,0.0000,53.386653,75.3616,75.3616,1.0000,0,1,6,1845988,A168_HF9F_20260827_0900,2026-08-27 09:00:00,185
1226975|49|902,902,1226975,49,2026-05-03,1,-1,2,2,1,512.9729,512.9729,-487.3242,0.0000,-95.000000,256.4864,256.4864,1.0000,0,1,1,1845989,A168_HF9F_20260827_0900,2026-08-27 09:00:00,185
1226975|5|902,902,1226975,5,2026-05-03,1,-1,2,2,1,699.0612,699.0612,699.0612,0.0000,100.000000,349.5306,349.5306,1.0000,0,1,1,1845990,A168_HF9F_20260827_0900,2026-08-27 09:00:00,185
1226975|50|902,902,1226975,50,2026-05-03,1,-1,1,1,1,38.9186,38.9186,38.9186,0.0000,100.000000,38.9186,38.9186,1.0000,0,0,0,1845991,A168_HF9F_20260827_0900,2026-08-27 09:00:00,185
1226975|51|902,902,1226975,51,2026-05-03,1,-1,3,3,2,226.7274,226.7274,168.9869,0.0000,74.533062,75.5758,75.5758,1.0000,0,1,3,1845992,A168_HF9F_20260827_0900,2026-08-27 09:00:00,185
1226975|52|902,902,1226975,52,2026-05-03,1,-1,3,6,5,93.3511,93.3511,-24.3865,0.0000,-26.123421,15.5585,31.1170,2.0000,0,1,3,1845993,A168_HF9F_20260827_0900,2026-08-27 09:00:00,185
1226975|53|902,902,1226975,53,2026-05-03,1,-1,6,7,3,2467.3233,2467.3233,-2195.7738,0.0000,-88.994166,352.4748,411.2205,1.1667,0,1,15,1845994,A168_HF9F_20260827_0900,2026-08-27 09:00:00,185
1226975|54|902,902,1226975,54,2026-05-03,1,-1,6,6,2,1357.1358,1357.1358,1180.4353,0.0000,86.979898,226.1893,226.1893,1.0000,0,1,15,1845995,A168_HF9F_20260827_0900,2026-08-27 09:00:00,185
1226975|6|902,902,1226975,6,2026-05-03,1,-1,6,13,8,2735.1476,2735.1476,1555.1476,1.3781,56.857903,210.3960,455.8579,2.1667,0,1,15,1845996,A168_HF9F_20260827_0900,2026-08-27 09:00:00,185
1226975|7|902,902,1226975,7,2026-05-03,1,-1,6,12,8,1194.1896,1194.1896,-269.1003,0.0000,-22.534136,99.5158,199.0316,2.0000,0,1,15,1845997,A168_HF9F_20260827_0900,2026-08-27 09:00:00,185
1226975|8|902,902,1226975,8,2026-05-03,1,-1,6,7,3,841.0678,841.0678,-464.1253,0.0000,-55.182867,120.1525,140.1780,1.1667,0,1,15,1845998,A168_HF9F_20260827_0900,2026-08-27 09:00:00,185
1226975|9|902,902,1226975,9,2026-05-03,1,-1,5,5,2,616.1182,616.1182,-355.1042,0.0924,-57.635733,123.2236,123.2236,1.0000,0,1,10,1845999,A168_HF9F_20260827_0900,2026-08-27 09:00:00,185
1227018|1|902,902,1227018,1,2026-05-03,1,-1,1,1,1,2583.9793,2583.9793,2583.9793,0.0000,100.000000,2583.9793,2583.9793,1.0000,0,0,0,1846000,A168_HF9F_20260827_0900,2026-08-27 09:00:00,185
1227018|10|902,902,1227018,10,2026-05-03,1,-1,3,3,2,37.7484,37.7484,13.2935,0.0000,35.215951,12.5828,12.5828,1.0000,0,1,3,1846001,A168_HF9F_20260827_0900,2026-08-27 09:00:00,185
1227018|12|902,902,1227018,12,2026-05-03,1,-1,1,1,1,10.3783,10.3783,-10.3783,0.0000,-100.000000,10.3783,10.3783,1.0000,0,0,0,1846002,A168_HF9F_20260827_0900,2026-08-27 09:00:00,185
1227018|13|902,902,1227018,13,2026-05-03,1,-1,1,1,1,2.1627,2.1627,2.1627,0.0000,100.000000,2.1627,2.1627,1.0000,0,0,0,1846003,A168_HF9F_20260827_0900,2026-08-27 09:00:00,185
1227018|14|902,902,1227018,14,2026-05-03,1,-1,2,2,2,247.3165,247.3165,-147.3165,0.0000,-59.565981,123.6582,123.6582,1.0000,0,1,1,1846004,A168_HF9F_20260827_0900,2026-08-27 09:00:00,185
1227018|15|902,902,1227018,15,2026-05-03,1,-1,3,3,1,77.8372,77.8372,-73.9453,0.0000,-95.000000,25.9457,25.9457,1.0000,0,1,3,1846005,A168_HF9F_20260827_0900,2026-08-27 09:00:00,185
1227018|16|902,902,1227018,16,2026-05-03,1,-1,1,1,1,43.6453,43.6453,-43.6453,0.0000,-100.000000,43.6453,43.6453,1.0000,0,0,0,1846006,A168_HF9F_20260827_0900,2026-08-27 09:00:00,185
1227018|17|902,902,1227018,17,2026-05-03,1,-1,8,9,3,1647.8391,1647.8391,1500.7957,0.3361,91.076594,183.0932,205.9799,1.1250,0,1,28,1846007,A168_HF9F_20260827_0900,2026-08-27 09:00:00,185
1227018|18|902,902,1227018,18,2026-05-03,1,-1,9,16,8,4242.3187,4240.2181,-480.3169,0.7142,-11.327645,265.1449,471.3687,1.7778,1,1,36,1846008,A168_HF9F_20260827_0900,2026-08-27 09:00:00,185
1227018|19|902,902,1227018,19,2026-05-03,1,-1,5,12,8,135.5928,133.4922,-110.9084,0.0000,-83.082359,11.2994,27.1186,2.4000,1,1,10,1846009,A168_HF9F_20260827_0900,2026-08-27 09:00:00,185
1227018|2|902,902,1227018,2,2026-05-03,1,-1,4,4,2,4129.2479,4129.2479,-3903.5344,0.0000,-94.533787,1032.3120,1032.3120,1.0000,0,1,6,1846010,A168_HF9F_20260827_0900,2026-08-27 09:00:00,185
1227018|20|902,902,1227018,20,2026-05-03,1,-1,6,13,8,2908.3507,2906.2501,-2876.4213,0.0000,-98.973633,223.7193,484.7251,2.1667,1,1,15,1846011,A168_HF9F_20260827_0900,2026-08-27 09:00:00,185
1227018|21|902,902,1227018,21,2026-05-03,1,-1,8,15,8,2826.0506,2821.8493,2481.3890,0.0000,87.934851,188.4034,353.2563,1.8750,1,1,28,1846012,A168_HF9F_20260827_0900,2026-08-27 09:00:00,185
1227018|22|902,902,1227018,22,2026-05-03,1,-1,10,18,8,541.2257,539.1251,235.2412,0.0000,43.633882,30.0681,54.1226,1.8000,1,1,45,1846013,A168_HF9F_20260827_0900,2026-08-27 09:00:00,185
1227018|23|902,902,1227018,23,2026-05-03,1,-1,9,9,2,1704.7213,1704.7213,1199.4907,0.0000,70.362862,189.4135,189.4135,1.0000,0,1,36,1846014,A168_HF9F_20260827_0900,2026-08-27 09:00:00,185
1227018|24|902,902,1227018,24,2026-05-03,1,-1,3,4,3,64.8643,64.8643,-16.0863,0.0000,-24.800000,16.2161,21.6214,1.3333,0,1,3,1846015,A168_HF9F_20260827_0900,2026-08-27 09:00:00,185
1227018|25|902,902,1227018,25,2026-05-03,1,-1,19,22,5,2772.5780,2772.5780,-424.1686,0.0000,-15.298706,126.0263,145.9252,1.1579,0,1,171,1846016,A168_HF9F_20260827_0900,2026-08-27 09:00:00,185
1227018|26|902,902,1227018,26,2026-05-03,1,-1,14,22,8,2681.4277,2681.4277,2147.4074,0.0000,80.084479,121.8831,191.5306,1.5714,0,1,91,1846017,A168_HF9F_20260827_0900,2026-08-27 09:00:00,185
1227018|27|902,902,1227018,27,2026-05-03,1,-1,16,17,3,2400.0511,2400.0511,1797.4444,0.5546,74.891921,141.1795,150.0032,1.0625,0,1,120,1846018,A168_HF9F_20260827_0900,2026-08-27 09:00:00,185
1227018|28|902,902,1227018,28,2026-05-03,1,-1,9,12,4,1876.5989,1876.5989,1209.8674,0.4201,64.471285,156.3832,208.5110,1.3333,0,1,36,1846019,A168_HF9F_20260827_0900,2026-08-27 09:00:00,185
1227018|29|902,902,1227018,29,2026-05-03,1,-1,5,6,3,449.4169,449.4169,131.2884,0.4705,29.213061,74.9028,89.8834,1.2000,0,1,10,1846020,A168_HF9F_20260827_0900,2026-08-27 09:00:00,185
1227018|3|902,902,1227018,3,2026-05-03,1,-1,3,3,1,1349.6768,1349.6768,1349.6768,0.0000,100.000000,449.8923,449.8923,1.0000,0,1,3,1846021,A168_HF9F_20260827_0900,2026-08-27 09:00:00,185
1227018|30|902,902,1227018,30,2026-05-03,1,-1,7,8,3,434.1936,434.1936,62.8275,1.6049,14.469932,54.2742,62.0277,1.1429,0,1,21,1846022,A168_HF9F_20260827_0900,2026-08-27 09:00:00,185
1227018|31|902,902,1227018,31,2026-05-03,1,-1,7,9,3,1012.1432,41.0397,-328.3174,0.0000,-800.000000,112.4604,144.5919,1.2857,8,1,21,1846023,A168_HF9F_20260827_0900,2026-08-27 09:00:00,185
1227018|32|902,902,1227018,32,2026-05-03,1,-1,5,5,2,154.5662,0.0000,0.0000,0.0000,,30.9132,30.9132,1.0000,5,1,10,1846024,A168_HF9F_20260827_0900,2026-08-27 09:00:00,185
1227018|33|902,902,1227018,33,2026-05-03,1,-1,3,4,3,846.5901,846.5901,-390.1897,0.5109,-46.089565,211.6475,282.1967,1.3333,0,1,3,1846025,A168_HF9F_20260827_0900,2026-08-27 09:00:00,185
1227018|34|902,902,1227018,34,2026-05-03,1,-1,2,3,3,83.6453,83.6453,23.6453,0.0000,28.268492,27.8818,41.8226,1.5000,0,1,1,1846026,A168_HF9F_20260827_0900,2026-08-27 09:00:00,185
1227018|35|902,902,1227018,35,2026-05-03,1,-1,3,3,2,105.0742,105.0742,-85.0742,0.0000,-80.965835,35.0247,35.0247,1.0000,0,1,3,1846027,A168_HF9F_20260827_0900,2026-08-27 09:00:00,185
1227018|36|902,902,1227018,36,2026-05-03,1,-1,3,4,3,205.1277,205.1277,30.5467,0.0000,14.891537,51.2819,68.3759,1.3333,0,1,3,1846028,A168_HF9F_20260827_0900,2026-08-27 09:00:00,185
1227018|37|902,902,1227018,37,2026-05-03,1,-1,6,6,3,633.6167,633.6167,-2.0542,0.0000,-0.324210,105.6028,105.6028,1.0000,0,1,15,1846029,A168_HF9F_20260827_0900,2026-08-27 09:00:00,185
1227018|38|902,902,1227018,38,2026-05-03,1,-1,10,12,3,1441.6836,1441.6836,1413.5816,0.0000,98.050749,120.1403,144.1684,1.2000,0,1,45,1846030,A168_HF9F_20260827_0900,2026-08-27 09:00:00,185
1227018|39|902,902,1227018,39,2026-05-03,1,-1,3,4,2,172.5421,169.9163,-142.0518,0.0000,-83.601027,43.1355,57.5140,1.3333,0,1,3,1846031,A168_HF9F_20260827_0900,2026-08-27 09:00:00,185
1227018|4|902,902,1227018,4,2026-05-03,1,-1,3,5,3,81.3845,81.3845,-41.3845,0.0000,-50.850583,16.2769,27.1282,1.6667,0,1,3,1846032,A168_HF9F_20260827_0900,2026-08-27 09:00:00,185
1227018|40|902,902,1227018,40,2026-05-03,1,-1,8,12,6,894.1100,10.3783,-12.9729,0.0000,-125.000000,74.5092,111.7638,1.5000,8,1,28,1846033,A168_HF9F_20260827_0900,2026-08-27 09:00:00,185
1227018|41|902,902,1227018,41,2026-05-03,1,-1,7,12,7,739.5408,739.5408,599.4339,0.0000,81.054888,61.6284,105.6487,1.7143,0,1,21,1846034,A168_HF9F_20260827_0900,2026-08-27 09:00:00,185
1227018|42|902,902,1227018,42,2026-05-03,1,-1,5,8,4,330.3267,330.3267,330.3267,0.0000,100.000000,41.2908,66.0653,1.6000,0,1,10,1846035,A168_HF9F_20260827_0900,2026-08-27 09:00:00,185
1227018|43|902,902,1227018,43,2026-05-03,1,-1,3,5,4,133.4760,133.4760,-82.0051,0.0000,-61.438092,26.6952,44.4920,1.6667,0,1,3,1846036,A168_HF9F_20260827_0900,2026-08-27 09:00:00,185
1227018|44|902,902,1227018,44,2026-05-03,1,-1,1,2,2,30.0000,30.0000,30.0000,0.0000,100.000000,15.0000,30.0000,2.0000,0,0,0,1846037,A168_HF9F_20260827_0900,2026-08-27 09:00:00,185
1227018|45|902,902,1227018,45,2026-05-03,1,-1,2,3,2,70.5031,70.5031,-50.5031,0.0000,-71.632452,23.5010,35.2515,1.5000,0,1,1,1846038,A168_HF9F_20260827_0900,2026-08-27 09:00:00,185
1227018|46|902,902,1227018,46,2026-05-03,1,-1,8,8,3,375.0134,10.0000,-80.0000,0.0000,-800.000000,46.8767,46.8767,1.0000,7,1,28,1846039,A168_HF9F_20260827_0900,2026-08-27 09:00:00,185
1227018|47|902,902,1227018,47,2026-05-03,1,-1,7,11,5,274.0981,274.0981,-51.5861,0.0000,-18.820315,24.9180,39.1569,1.5714,0,1,21,1846040,A168_HF9F_20260827_0900,2026-08-27 09:00:00,185
1227018|48|902,902,1227018,48,2026-05-03,1,-1,9,13,5,535.1296,535.1296,-127.9168,0.3361,-23.903885,41.1638,59.4588,1.4444,0,1,36,1846041,A168_HF9F_20260827_0900,2026-08-27 09:00:00,185
1227018|49|902,902,1227018,49,2026-05-03,1,-1,8,9,3,2270.8315,2270.8315,2003.4249,0.0000,88.224286,252.3146,283.8539,1.1250,0,1,28,1846042,A168_HF9F_20260827_0900,2026-08-27 09:00:00,185
1227018|5|902,902,1227018,5,2026-05-03,1,-1,4,6,4,130.2833,130.2833,30.2833,0.0000,23.244217,21.7139,32.5708,1.5000,0,1,6,1846043,A168_HF9F_20260827_0900,2026-08-27 09:00:00,185
1227018|50|902,902,1227018,50,2026-05-03,1,-1,1,1,1,20.0000,20.0000,20.0000,0.0000,100.000000,20.0000,20.0000,1.0000,0,0,0,1846044,A168_HF9F_20260827_0900,2026-08-27 09:00:00,185
1227018|51|902,902,1227018,51,2026-05-03,1,-1,2,3,3,150.5031,150.5031,130.0221,0.0000,86.391614,50.1677,75.2515,1.5000,0,1,1,1846045,A168_HF9F_20260827_0900,2026-08-27 09:00:00,185
1227018|52|902,902,1227018,52,2026-05-03,1,-1,3,3,2,4385.9497,4385.9497,-4285.9497,0.0000,-97.719992,1461.9832,1461.9832,1.0000,0,1,3,1846046,A168_HF9F_20260827_0900,2026-08-27 09:00:00,185
1227018|53|902,902,1227018,53,2026-05-03,1,-1,7,8,3,1070.1420,1070.1420,-417.9849,0.3361,-39.058827,133.7678,152.8774,1.1429,0,1,21,1846047,A168_HF9F_20260827_0900,2026-08-27 09:00:00,185
1227018|54|902,902,1227018,54,2026-05-03,1,-1,8,8,2,778.9194,778.9194,197.5884,1.2814,25.366983,97.3649,97.3649,1.0000,0,1,28,1846048,A168_HF9F_20260827_0900,2026-08-27 09:00:00,185
1227018|55|902,902,1227018,55,2026-05-03,1,-1,2,2,1,60.5031,60.5031,-57.4779,0.0000,-95.000000,30.2515,30.2515,1.0000,0,1,1,1846049,A168_HF9F_20260827_0900,2026-08-27 09:00:00,185
1227018|6|902,902,1227018,6,2026-05-03,1,-1,5,6,4,83.3433,83.3433,-57.8721,0.0000,-69.438211,13.8906,16.6687,1.2000,0,1,10,1846050,A168_HF9F_20260827_0900,2026-08-27 09:00:00,185
1227018|7|902,902,1227018,7,2026-05-03,1,-1,2,2,1,12231.0487,12231.0487,-12230.5298,0.0000,-99.995757,6115.5243,6115.5243,1.0000,0,1,1,1846051,A168_HF9F_20260827_0900,2026-08-27 09:00:00,185
1227018|8|902,902,1227018,8,2026-05-03,1,-1,7,7,2,1663.8379,1663.8379,-1537.8008,0.0000,-92.424912,237.6911,237.6911,1.0000,0,1,21,1846052,A168_HF9F_20260827_0900,2026-08-27 09:00:00,185
1227018|9|902,902,1227018,9,2026-05-03,1,-1,6,6,2,4002.7542,4002.7542,-488.6320,0.0000,-12.207396,667.1257,667.1257,1.0000,0,1,15,1846053,A168_HF9F_20260827_0900,2026-08-27 09:00:00,185
1227058|10|902,902,1227058,10,2026-05-03,1,-1,15,19,6,1165.0593,1165.0593,-1050.2935,0.3361,-90.149366,61.3189,77.6706,1.2667,0,1,105,1846054,A168_HF9F_20260827_0900,2026-08-27 09:00:00,185
1227058|11|902,902,1227058,11,2026-05-03,1,-1,16,30,8,2434.1767,2432.0761,2297.2068,0.3361,94.454562,81.1392,152.1360,1.8750,1,1,120,1846055,A168_HF9F_20260827_0900,2026-08-27 09:00:00,185
1227058|12|902,902,1227058,12,2026-05-03,1,-1,5,9,6,341.0826,341.0826,300.6072,0.3361,88.133277,37.8981,68.2165,1.8000,0,1,10,1846056,A168_HF9F_20260827_0900,2026-08-27 09:00:00,185
1227058|13|902,902,1227058,13,2026-05-03,1,-1,4,4,2,907.0622,907.0622,-820.7470,0.0000,-90.484093,226.7655,226.7655,1.0000,0,1,6,1846057,A168_HF9F_20260827_0900,2026-08-27 09:00:00,185
1227058|14|902,902,1227058,14,2026-05-03,1,-1,10,10,2,2350.0524,2350.0524,-2169.5828,0.0000,-92.320613,235.0052,235.0052,1.0000,0,1,45,1846058,A168_HF9F_20260827_0900,2026-08-27 09:00:00,185
1227058|15|902,902,1227058,15,2026-05-03,1,-1,15,20,6,3197.0825,3197.0825,-2985.1246,0.0000,-93.370273,159.8541,213.1388,1.3333,0,1,105,1846059,A168_HF9F_20260827_0900,2026-08-27 09:00:00,185
1227058|16|902,902,1227058,16,2026-05-03,1,-1,13,15,4,2691.3709,2691.3709,-2535.6673,0.0000,-94.214713,179.4247,207.0285,1.1538,0,1,78,1846060,A168_HF9F_20260827_0900,2026-08-27 09:00:00,185
1227058|17|902,902,1227058,17,2026-05-03,1,-1,17,20,6,4814.4164,10.5031,-27.3081,0.0000,-260.000000,240.7208,283.2010,1.1765,16,1,136,1846061,A168_HF9F_20260827_0900,2026-08-27 09:00:00,185
1227058|18|902,902,1227058,18,2026-05-03,1,-1,16,21,6,1167.0420,1167.0420,466.2706,0.0000,39.953197,55.5734,72.9401,1.3125,0,1,120,1846062,A168_HF9F_20260827_0900,2026-08-27 09:00:00,185
1227058|19|902,902,1227058,19,2026-05-03,1,-1,13,14,3,5186.4415,5186.4415,2977.2999,0.0000,57.405446,370.4601,398.9570,1.0769,0,1,78,1846063,A168_HF9F_20260827_0900,2026-08-27 09:00:00,185
1227058|2|902,902,1227058,2,2026-05-03,1,-1,1,1,1,34453.0577,34453.0577,-34453.0577,0.0000,-100.000000,34453.0577,34453.0577,1.0000,0,0,0,1846064,A168_HF9F_20260827_0900,2026-08-27 09:00:00,185
1227058|20|902,902,1227058,20,2026-05-03,1,-1,5,5,2,761.8341,0.0000,0.0000,0.0000,,152.3668,152.3668,1.0000,5,1,10,1846065,A168_HF9F_20260827_0900,2026-08-27 09:00:00,185
1227058|21|902,902,1227058,21,2026-05-03,1,-1,4,6,4,1275.0833,1275.0833,-1132.9035,0.0000,-88.849374,212.5139,318.7708,1.5000,0,1,6,1846066,A168_HF9F_20260827_0900,2026-08-27 09:00:00,185
1227058|22|902,902,1227058,22,2026-05-03,1,-1,5,8,5,1337.5697,1337.5697,1297.5697,0.0000,97.009502,167.1962,267.5139,1.6000,0,1,10,1846067,A168_HF9F_20260827_0900,2026-08-27 09:00:00,185
1227058|23|902,902,1227058,23,2026-05-03,1,-1,5,6,2,1261.8883,0.0000,0.0000,0.0000,,210.3147,252.3777,1.2000,6,1,10,1846068,A168_HF9F_20260827_0900,2026-08-27 09:00:00,185
1227058|24|902,902,1227058,24,2026-05-03,1,-1,5,5,2,2130.5921,2130.5921,2101.1834,0.0786,98.619695,426.1184,426.1184,1.0000,0,1,10,1846069,A168_HF9F_20260827_0900,2026-08-27 09:00:00,185
1227058|25|902,902,1227058,25,2026-05-03,1,-1,1,3,3,29.4087,29.4087,-79.8235,0.0000,-271.428571,9.8029,29.4087,3.0000,0,0,0,1846070,A168_HF9F_20260827_0900,2026-08-27 09:00:00,185
1227058|26|902,902,1227058,26,2026-05-03,1,-1,4,4,2,360.9180,360.9180,335.7105,0.0000,93.015744,90.2295,90.2295,1.0000,0,1,6,1846071,A168_HF9F_20260827_0900,2026-08-27 09:00:00,185
1227058|27|902,902,1227058,27,2026-05-03,1,-1,4,4,2,892.7472,892.7472,-545.9846,0.0000,-61.157801,223.1868,223.1868,1.0000,0,1,6,1846072,A168_HF9F_20260827_0900,2026-08-27 09:00:00,185
1227058|28|902,902,1227058,28,2026-05-03,1,-1,2,3,3,217.2198,217.2198,22.2198,0.0000,10.229190,72.4066,108.6099,1.5000,0,1,1,1846073,A168_HF9F_20260827_0900,2026-08-27 09:00:00,185
1227058|29|902,902,1227058,29,2026-05-03,1,-1,6,7,2,2126.0485,2126.0485,-1915.1039,0.0000,-90.078094,303.7212,354.3414,1.1667,0,1,15,1846074,A168_HF9F_20260827_0900,2026-08-27 09:00:00,185
1227058|3|902,902,1227058,3,2026-05-03,1,-1,4,4,2,48857.5991,48857.5991,48830.9233,0.0000,99.945401,12214.3998,12214.3998,1.0000,0,1,6,1846075,A168_HF9F_20260827_0900,2026-08-27 09:00:00,185
1227058|30|902,902,1227058,30,2026-05-03,1,-1,10,15,6,3431.8348,3431.8348,669.1366,0.3361,19.497927,228.7890,343.1835,1.5000,0,1,45,1846076,A168_HF9F_20260827_0900,2026-08-27 09:00:00,185
1227058|31|902,902,1227058,31,2026-05-03,1,-1,14,16,4,3511.1614,3511.1614,-1888.5814,0.0000,-53.787941,219.4476,250.7972,1.1429,0,1,91,1846077,A168_HF9F_20260827_0900,2026-08-27 09:00:00,185
1227058|32|902,902,1227058,32,2026-05-03,1,-1,13,16,3,4247.5314,4247.5314,2232.3998,0.0000,52.557583,265.4707,326.7332,1.2308,0,1,78,1846078,A168_HF9F_20260827_0900,2026-08-27 09:00:00,185
1227058|33|902,902,1227058,33,2026-05-03,1,-1,3,3,2,948.1125,948.1125,-848.1125,0.0000,-89.452728,316.0375,316.0375,1.0000,0,1,3,1846079,A168_HF9F_20260827_0900,2026-08-27 09:00:00,185
1227058|34|902,902,1227058,34,2026-05-03,1,-1,10,12,3,2627.2750,2627.2750,1650.3828,0.0000,62.817284,218.9396,262.7275,1.2000,0,1,45,1846080,A168_HF9F_20260827_0900,2026-08-27 09:00:00,185
1227058|35|902,902,1227058,35,2026-05-03,1,-1,6,8,2,369.7038,369.7038,369.7038,0.0314,100.000000,46.2130,61.6173,1.3333,0,1,15,1846081,A168_HF9F_20260827_0900,2026-08-27 09:00:00,185
1227058|37|902,902,1227058,37,2026-05-03,1,-1,4,4,2,170.1554,170.1554,166.0592,0.0924,97.592667,42.5389,42.5389,1.0000,0,1,6,1846082,A168_HF9F_20260827_0900,2026-08-27 09:00:00,185
1227058|38|902,902,1227058,38,2026-05-03,1,-1,7,11,5,2728.1123,2728.1123,-1634.0030,0.3126,-59.895003,248.0102,389.7303,1.5714,0,1,21,1846083,A168_HF9F_20260827_0900,2026-08-27 09:00:00,185
1227058|39|902,902,1227058,39,2026-05-03,1,-1,9,10,3,2986.1863,2986.1863,-2591.1937,0.0000,-86.772672,298.6186,331.7985,1.1111,0,1,36,1846084,A168_HF9F_20260827_0900,2026-08-27 09:00:00,185
1227058|4|902,902,1227058,4,2026-05-03,1,-1,1,1,1,13.6799,13.6799,13.6799,0.0000,100.000000,13.6799,13.6799,1.0000,0,0,0,1846085,A168_HF9F_20260827_0900,2026-08-27 09:00:00,185
1227058|40|902,902,1227058,40,2026-05-03,1,-1,17,23,6,5015.2562,4963.3648,-2956.0362,0.0000,-59.557101,218.0546,295.0151,1.3529,1,1,136,1846086,A168_HF9F_20260827_0900,2026-08-27 09:00:00,185
1227058|41|902,902,1227058,41,2026-05-03,1,-1,21,38,8,5291.7073,5089.0811,3942.8552,1.0755,77.476761,139.2555,251.9861,1.8095,2,1,210,1846087,A168_HF9F_20260827_0900,2026-08-27 09:00:00,185
1227058|42|902,902,1227058,42,2026-05-03,1,-1,7,20,8,900.6186,749.8838,-285.3886,0.4033,-38.057713,45.0309,128.6598,2.8571,2,1,21,1846088,A168_HF9F_20260827_0900,2026-08-27 09:00:00,185
1227058|43|902,902,1227058,43,2026-05-03,1,-1,8,19,8,1552.2314,1370.6114,1272.7467,0.5041,92.859777,81.6964,194.0289,2.3750,1,1,28,1846089,A168_HF9F_20260827_0900,2026-08-27 09:00:00,185
1227058|44|902,902,1227058,44,2026-05-03,1,-1,6,14,6,958.2164,97.6058,-294.9181,0.0000,-302.152146,68.4440,159.7027,2.3333,7,1,15,1846090,A168_HF9F_20260827_0900,2026-08-27 09:00:00,185
1227058|45|902,902,1227058,45,2026-05-03,1,-1,5,12,6,536.6943,381.0200,-99.1091,0.0000,-26.011513,44.7245,107.3389,2.4000,1,1,10,1846091,A168_HF9F_20260827_0900,2026-08-27 09:00:00,185
1227058|46|902,902,1227058,46,2026-05-03,1,-1,8,15,6,4259.3585,4067.3602,3814.2587,0.0000,93.777255,283.9572,532.4198,1.8750,1,1,28,1846092,A168_HF9F_20260827_0900,2026-08-27 09:00:00,185
1227058|47|902,902,1227058,47,2026-05-03,1,-1,6,12,6,1382.1861,1190.1877,1194.9877,0.0000,100.403294,115.1822,230.3643,2.0000,1,1,15,1846093,A168_HF9F_20260827_0900,2026-08-27 09:00:00,185
1227058|48|902,902,1227058,48,2026-05-03,1,-1,6,7,3,2293.7656,2293.7656,-1979.9811,0.0000,-86.320115,327.6808,382.2943,1.1667,0,1,15,1846094,A168_HF9F_20260827_0900,2026-08-27 09:00:00,185
1227058|49|902,902,1227058,49,2026-05-03,1,-1,4,7,4,43.0627,43.0627,-20.4285,0.0000,-47.439024,6.1518,10.7657,1.7500,0,1,6,1846095,A168_HF9F_20260827_0900,2026-08-27 09:00:00,185
1227058|50|902,902,1227058,50,2026-05-03,1,-1,5,10,5,540.4590,540.4590,401.5534,0.0000,74.298590,54.0459,108.0918,2.0000,0,1,10,1846096,A168_HF9F_20260827_0900,2026-08-27 09:00:00,185
1227058|51|902,902,1227058,51,2026-05-03,1,-1,4,5,3,176.0486,176.0486,131.9356,0.0000,74.942703,35.2097,44.0121,1.2500,0,1,6,1846097,A168_HF9F_20260827_0900,2026-08-27 09:00:00,185
1227058|52|902,902,1227058,52,2026-05-03,1,-1,7,8,3,1344.5974,1344.5974,-596.7999,0.0000,-44.385026,168.0747,192.0853,1.1429,0,1,21,1846098,A168_HF9F_20260827_0900,2026-08-27 09:00:00,185
1227058|53|902,902,1227058,53,2026-05-03,1,-1,8,9,3,1081.0954,1081.0954,-916.3945,0.0000,-84.765372,120.1217,135.1369,1.1250,0,1,28,1846099,A168_HF9F_20260827_0900,2026-08-27 09:00:00,185
1227058|54|902,902,1227058,54,2026-05-03,1,-1,6,7,3,3708.3193,3708.3193,3488.7420,0.0000,94.078793,529.7599,618.0532,1.1667,0,1,15,1846100,A168_HF9F_20260827_0900,2026-08-27 09:00:00,185
1227058|6|902,902,1227058,6,2026-05-03,1,-1,2,2,2,585.1549,585.1549,-438.8972,0.0000,-75.005295,292.5775,292.5775,1.0000,0,1,1,1846101,A168_HF9F_20260827_0900,2026-08-27 09:00:00,185
1227058|7|902,902,1227058,7,2026-05-03,1,-1,1,1,1,25.9457,25.9457,25.9457,0.0000,100.000000,25.9457,25.9457,1.0000,0,0,0,1846102,A168_HF9F_20260827_0900,2026-08-27 09:00:00,185
1227058|9|902,902,1227058,9,2026-05-03,1,-1,9,9,1,6770.2804,6770.2804,-6770.2804,0.3361,-100.000000,752.2534,752.2534,1.0000,0,1,36,1846103,A168_HF9F_20260827_0900,2026-08-27 09:00:00,185
1227091|11|902,902,1227091,11,2026-05-03,1,-1,1,1,1,70.0534,70.0534,70.0534,0.0000,100.000000,70.0534,70.0534,1.0000,0,0,0,1846104,A168_HF9F_20260827_0900,2026-08-27 09:00:00,185
1227091|12|902,902,1227091,12,2026-05-03,1,-1,4,5,3,590.1388,2.5946,2.5946,0.0000,100.000000,118.0278,147.5347,1.2500,4,1,6,1846105,A168_HF9F_20260827_0900,2026-08-27 09:00:00,185
1227091|13|902,902,1227091,13,2026-05-03,1,-1,3,11,7,271.6918,245.7461,-242.5327,0.0000,-98.692417,24.6993,90.5639,3.6667,1,1,3,1846106,A168_HF9F_20260827_0900,2026-08-27 09:00:00,185
1227091|14|902,902,1227091,14,2026-05-03,1,-1,3,5,4,396.9695,396.9695,-199.7821,0.0000,-50.326797,79.3939,132.3232,1.6667,0,1,3,1846107,A168_HF9F_20260827_0900,2026-08-27 09:00:00,185
1227091|15|902,902,1227091,15,2026-05-03,1,-1,2,7,7,181.6201,181.6201,103.7829,0.0000,57.142857,25.9457,90.8100,3.5000,0,1,1,1846108,A168_HF9F_20260827_0900,2026-08-27 09:00:00,185
1227091|16|902,902,1227091,16,2026-05-03,1,-1,1,1,1,15.5674,15.5674,15.5674,0.0000,100.000000,15.5674,15.5674,1.0000,0,0,0,1846109,A168_HF9F_20260827_0900,2026-08-27 09:00:00,185
1227091|17|902,902,1227091,17,2026-05-03,1,-1,2,2,2,950.7422,950.7422,795.0679,0.0000,83.626021,475.3711,475.3711,1.0000,0,1,1,1846110,A168_HF9F_20260827_0900,2026-08-27 09:00:00,185
1227091|19|902,902,1227091,19,2026-05-03,1,-1,1,1,1,105.0310,105.0310,-99.7794,0.0000,-95.000000,105.0310,105.0310,1.0000,0,0,0,1846111,A168_HF9F_20260827_0900,2026-08-27 09:00:00,185
1227091|2|902,902,1227091,2,2026-05-03,1,-1,1,1,1,150.0000,150.0000,-150.0000,0.0000,-100.000000,150.0000,150.0000,1.0000,0,0,0,1846112,A168_HF9F_20260827_0900,2026-08-27 09:00:00,185
1227091|20|902,902,1227091,20,2026-05-03,1,-1,3,4,3,278.9348,278.9348,175.1519,0.0000,62.793141,69.7337,92.9783,1.3333,0,1,3,1846113,A168_HF9F_20260827_0900,2026-08-27 09:00:00,185
1227091|22|902,902,1227091,22,2026-05-03,1,-1,2,2,2,75.9457,75.9457,-21.5543,0.0000,-28.381162,37.9729,37.9729,1.0000,0,1,1,1846114,A168_HF9F_20260827_0900,2026-08-27 09:00:00,185
1227091|23|902,902,1227091,23,2026-05-03,1,-1,4,4,2,365.5341,365.5341,-265.5341,0.8402,-72.642770,91.3835,91.3835,1.0000,0,1,6,1846115,A168_HF9F_20260827_0900,2026-08-27 09:00:00,185
1227091|24|902,902,1227091,24,2026-05-03,1,-1,6,8,4,595.9975,595.9975,-362.7927,0.8402,-60.871521,74.4997,99.3329,1.3333,0,1,15,1846116,A168_HF9F_20260827_0900,2026-08-27 09:00:00,185
1227091|25|902,902,1227091,25,2026-05-03,1,-1,4,4,1,451.3452,451.3452,-438.7779,0.8402,-97.215599,112.8363,112.8363,1.0000,0,1,6,1846117,A168_HF9F_20260827_0900,2026-08-27 09:00:00,185
1227091|26|902,902,1227091,26,2026-05-03,1,-1,9,10,3,1231.3801,1231.3801,581.6743,0.8402,47.237589,123.1380,136.8200,1.1111,0,1,36,1846118,A168_HF9F_20260827_0900,2026-08-27 09:00:00,185
1227091|27|902,902,1227091,27,2026-05-03,1,-1,7,9,4,1054.5143,1054.5143,736.1271,0.0000,69.807226,117.1683,150.6449,1.2857,0,1,21,1846119,A168_HF9F_20260827_0900,2026-08-27 09:00:00,185
1227091|28|902,902,1227091,28,2026-05-03,1,-1,7,14,6,337.5176,337.5176,-51.7666,0.0840,-15.337461,24.1084,48.2168,2.0000,0,1,21,1846120,A168_HF9F_20260827_0900,2026-08-27 09:00:00,185
1227091|29|902,902,1227091,29,2026-05-03,1,-1,6,12,8,337.3799,337.3799,36.1972,0.1680,10.728926,28.1150,56.2300,2.0000,0,1,15,1846121,A168_HF9F_20260827_0900,2026-08-27 09:00:00,185
1227091|3|902,902,1227091,3,2026-05-03,1,-1,1,1,1,100.0000,100.0000,100.0000,0.0000,100.000000,100.0000,100.0000,1.0000,0,0,0,1846122,A168_HF9F_20260827_0900,2026-08-27 09:00:00,185
1227091|30|902,902,1227091,30,2026-05-03,1,-1,6,11,5,906.6744,906.6744,647.2172,0.0314,71.383640,82.4249,151.1124,1.8333,0,1,15,1846123,A168_HF9F_20260827_0900,2026-08-27 09:00:00,185
1227091|31|902,902,1227091,31,2026-05-03,1,-1,2,5,4,163.7580,163.7580,163.7580,0.0000,100.000000,32.7516,81.8790,2.5000,0,1,1,1846124,A168_HF9F_20260827_0900,2026-08-27 09:00:00,185
1227091|32|902,902,1227091,32,2026-05-03,1,-1,3,4,2,362.2653,362.2653,-266.1520,0.0000,-73.468818,90.5663,120.7551,1.3333,0,1,3,1846125,A168_HF9F_20260827_0900,2026-08-27 09:00:00,185
1227091|33|902,902,1227091,33,2026-05-03,1,-1,5,11,8,1023.6993,1023.6993,-176.7277,2.9068,-17.263632,93.0636,204.7399,2.2000,0,1,10,1846126,A168_HF9F_20260827_0900,2026-08-27 09:00:00,185
1227091|34|902,902,1227091,34,2026-05-03,1,-1,6,9,5,1858.4738,1858.4738,-1640.9449,0.3928,-88.295292,206.4971,309.7456,1.5000,0,1,15,1846127,A168_HF9F_20260827_0900,2026-08-27 09:00:00,185
1227091|35|902,902,1227091,35,2026-05-03,1,-1,11,13,5,877.1729,877.1729,677.1729,4.2012,77.199477,67.4748,79.7430,1.1818,0,1,55,1846128,A168_HF9F_20260827_0900,2026-08-27 09:00:00,185
1227091|36|902,902,1227091,36,2026-05-03,1,-1,6,9,5,1229.7860,1229.7860,660.0416,0.0000,53.671256,136.6429,204.9643,1.5000,0,1,15,1846129,A168_HF9F_20260827_0900,2026-08-27 09:00:00,185
1227091|37|902,902,1227091,37,2026-05-03,1,-1,4,4,2,135.9337,0.0000,0.0000,0.0000,,33.9834,33.9834,1.0000,4,1,6,1846130,A168_HF9F_20260827_0900,2026-08-27 09:00:00,185
1227091|38|902,902,1227091,38,2026-05-03,1,-1,2,2,2,46.2920,46.2920,22.6141,0.0000,48.850870,23.1460,23.1460,1.0000,0,1,1,1846131,A168_HF9F_20260827_0900,2026-08-27 09:00:00,185
1227091|39|902,902,1227091,39,2026-05-03,1,-1,1,1,1,3.9463,3.9463,3.9463,0.0000,100.000000,3.9463,3.9463,1.0000,0,0,0,1846132,A168_HF9F_20260827_0900,2026-08-27 09:00:00,185
1227091|4|902,902,1227091,4,2026-05-03,1,-1,3,3,2,233.8209,0.0000,0.0000,0.0000,,77.9403,77.9403,1.0000,3,1,3,1846133,A168_HF9F_20260827_0900,2026-08-27 09:00:00,185
1227091|40|902,902,1227091,40,2026-05-03,1,-1,3,4,2,559.5483,159.5483,70.0983,0.0000,43.935479,139.8871,186.5161,1.3333,1,1,3,1846134,A168_HF9F_20260827_0900,2026-08-27 09:00:00,185
1227091|41|902,902,1227091,41,2026-05-03,1,-1,3,3,2,232.8681,232.8681,-132.8681,0.8402,-57.057244,77.6227,77.6227,1.0000,0,1,3,1846135,A168_HF9F_20260827_0900,2026-08-27 09:00:00,185
1227091|42|902,902,1227091,42,2026-05-03,1,-1,2,2,1,358.3979,0.0000,0.0000,0.0000,,179.1990,179.1990,1.0000,2,1,1,1846136,A168_HF9F_20260827_0900,2026-08-27 09:00:00,185
1227091|43|902,902,1227091,43,2026-05-03,1,-1,2,2,1,235.2839,235.2839,-223.5197,0.0000,-95.000000,117.6419,117.6419,1.0000,0,1,1,1846137,A168_HF9F_20260827_0900,2026-08-27 09:00:00,185
1227091|44|902,902,1227091,44,2026-05-03,1,-1,2,3,3,178.9061,178.9061,-21.0939,0.0000,-11.790477,59.6354,89.4531,1.5000,0,1,1,1846138,A168_HF9F_20260827_0900,2026-08-27 09:00:00,185
1227091|45|902,902,1227091,45,2026-05-03,1,-1,3,3,2,91.9489,91.9489,-25.7887,0.0000,-28.046803,30.6496,30.6496,1.0000,0,1,3,1846139,A168_HF9F_20260827_0900,2026-08-27 09:00:00,185
1227091|46|902,902,1227091,46,2026-05-03,1,-1,6,6,2,451.4198,451.4198,205.2172,0.8402,45.460388,75.2366,75.2366,1.0000,0,1,15,1846140,A168_HF9F_20260827_0900,2026-08-27 09:00:00,185
1227091|47|902,902,1227091,47,2026-05-03,1,-1,7,8,3,632.6850,632.6850,-478.8498,0.0000,-75.685350,79.0856,90.3836,1.1429,0,1,21,1846141,A168_HF9F_20260827_0900,2026-08-27 09:00:00,185
1227091|48|902,902,1227091,48,2026-05-03,1,-1,8,9,3,353.3978,340.4249,121.2235,0.0000,35.609455,39.2664,44.1747,1.1250,0,1,28,1846142,A168_HF9F_20260827_0900,2026-08-27 09:00:00,185
1227091|49|902,902,1227091,49,2026-05-03,1,-1,8,11,3,914.2869,914.2869,706.9693,0.0000,77.324665,83.1170,114.2859,1.3750,0,1,28,1846143,A168_HF9F_20260827_0900,2026-08-27 09:00:00,185
1227091|5|902,902,1227091,5,2026-05-03,1,-1,2,2,2,160.3783,160.3783,-132.1217,0.0000,-82.381295,80.1891,80.1891,1.0000,0,1,1,1846144,A168_HF9F_20260827_0900,2026-08-27 09:00:00,185
1227091|50|902,902,1227091,50,2026-05-03,1,-1,3,3,2,562.3982,562.3982,-288.6842,0.0000,-51.330916,187.4661,187.4661,1.0000,0,1,3,1846145,A168_HF9F_20260827_0900,2026-08-27 09:00:00,185
1227091|51|902,902,1227091,51,2026-05-03,1,-1,2,2,2,177.8372,177.8372,-22.1628,0.0000,-12.462432,88.9186,88.9186,1.0000,0,1,1,1846146,A168_HF9F_20260827_0900,2026-08-27 09:00:00,185
1227091|52|902,902,1227091,52,2026-05-03,1,-1,1,1,1,100.0000,100.0000,100.0000,0.0000,100.000000,100.0000,100.0000,1.0000,0,0,0,1846147,A168_HF9F_20260827_0900,2026-08-27 09:00:00,185
1227091|53|902,902,1227091,53,2026-05-03,1,-1,2,2,2,228.1113,228.1113,-193.6197,0.0000,-84.879490,114.0557,114.0557,1.0000,0,1,1,1846148,A168_HF9F_20260827_0900,2026-08-27 09:00:00,185
1227091|54|902,902,1227091,54,2026-05-03,1,-1,3,3,2,164.8643,164.8643,-443.3213,0.0000,-268.900727,54.9548,54.9548,1.0000,0,1,3,1846149,A168_HF9F_20260827_0900,2026-08-27 09:00:00,185
1227091|55|902,902,1227091,55,2026-05-03,1,-1,3,3,3,876.8132,876.8132,-810.1109,0.0000,-92.392645,292.2711,292.2711,1.0000,0,1,3,1846150,A168_HF9F_20260827_0900,2026-08-27 09:00:00,185
1227091|6|902,902,1227091,6,2026-05-03,1,-1,3,3,1,178.7899,178.7899,178.7899,0.0000,100.000000,59.5966,59.5966,1.0000,0,1,3,1846151,A168_HF9F_20260827_0900,2026-08-27 09:00:00,185
1227091|7|902,902,1227091,7,2026-05-03,1,-1,2,2,1,181.5093,181.5093,181.5093,0.0000,100.000000,90.7546,90.7546,1.0000,0,1,1,1846152,A168_HF9F_20260827_0900,2026-08-27 09:00:00,185
1227122|10|902,902,1227122,10,2026-05-03,1,-1,2,4,3,69.3204,69.3204,-53.5658,0.4705,-77.272727,17.3301,34.6602,2.0000,0,1,1,1846153,A168_HF9F_20260827_0900,2026-08-27 09:00:00,185
1227122|11|902,902,1227122,11,2026-05-03,1,-1,6,6,2,2097.9970,2097.9970,1034.7197,0.3193,49.319409,349.6662,349.6662,1.0000,0,1,15,1846154,A168_HF9F_20260827_0900,2026-08-27 09:00:00,185
1227122|12|902,902,1227122,12,2026-05-03,1,-1,5,6,3,1029.8275,1029.8275,926.0446,0.4537,89.922303,171.6379,205.9655,1.2000,0,1,10,1846155,A168_HF9F_20260827_0900,2026-08-27 09:00:00,185
1227122|13|902,902,1227122,13,2026-05-03,1,-1,5,5,1,210.8554,210.8554,-210.8554,0.0000,-100.000000,42.1711,42.1711,1.0000,0,1,10,1846156,A168_HF9F_20260827_0900,2026-08-27 09:00:00,185
1227122|14|902,902,1227122,14,2026-05-03,1,-1,7,7,2,706.1516,706.1516,-166.7534,0.0000,-23.614390,100.8788,100.8788,1.0000,0,1,21,1846157,A168_HF9F_20260827_0900,2026-08-27 09:00:00,185
1227122|15|902,902,1227122,15,2026-05-03,1,-1,5,6,3,2918.0871,2918.0871,2442.4479,0.0000,83.700309,486.3478,583.6174,1.2000,0,1,10,1846158,A168_HF9F_20260827_0900,2026-08-27 09:00:00,185
1227122|16|902,902,1227122,16,2026-05-03,1,-1,14,15,3,1080.2646,1080.2646,-550.6542,0.0000,-50.974013,72.0176,77.1618,1.0714,0,1,91,1846159,A168_HF9F_20260827_0900,2026-08-27 09:00:00,185
1227122|17|902,902,1227122,17,2026-05-03,1,-1,14,17,5,2440.6275,2440.6275,1906.8417,0.0000,78.129155,143.5663,174.3305,1.2143,0,1,91,1846160,A168_HF9F_20260827_0900,2026-08-27 09:00:00,185
1227122|18|902,902,1227122,18,2026-05-03,1,-1,15,18,5,925.7011,925.7011,766.6568,0.0000,82.819047,51.4278,61.7134,1.2000,0,1,105,1846161,A168_HF9F_20260827_0900,2026-08-27 09:00:00,185
1227122|19|902,902,1227122,19,2026-05-03,1,-1,10,13,5,718.9917,20.3783,-69.6217,0.0000,-341.646508,55.3071,71.8992,1.3000,10,1,45,1846162,A168_HF9F_20260827_0900,2026-08-27 09:00:00,185
1227122|20|902,902,1227122,20,2026-05-03,1,-1,9,12,6,739.0969,739.0969,-445.6177,1.0554,-60.292185,61.5914,82.1219,1.3333,0,1,36,1846163,A168_HF9F_20260827_0900,2026-08-27 09:00:00,185
1227122|21|902,902,1227122,21,2026-05-03,1,-1,9,11,4,721.1703,721.1703,535.2063,0.1378,74.213578,65.5609,80.1300,1.2222,0,1,36,1846164,A168_HF9F_20260827_0900,2026-08-27 09:00:00,185
1227122|22|902,902,1227122,22,2026-05-03,1,-1,7,11,4,161.6647,161.6647,161.6647,0.2756,100.000000,14.6968,23.0950,1.5714,0,1,21,1846165,A168_HF9F_20260827_0900,2026-08-27 09:00:00,185
1227122|23|902,902,1227122,23,2026-05-03,1,-1,7,7,2,599.1408,599.1408,306.3229,0.5512,51.127041,85.5915,85.5915,1.0000,0,1,21,1846166,A168_HF9F_20260827_0900,2026-08-27 09:00:00,185
1227122|24|902,902,1227122,24,2026-05-03,1,-1,9,14,7,680.6731,680.6731,529.9054,0.1378,77.850215,48.6195,75.6303,1.5556,0,1,36,1846167,A168_HF9F_20260827_0900,2026-08-27 09:00:00,185
1227122|25|902,902,1227122,25,2026-05-03,1,-1,7,13,7,219.6477,219.6477,194.5453,0.2756,88.571516,16.8960,31.3782,1.8571,0,1,21,1846168,A168_HF9F_20260827_0900,2026-08-27 09:00:00,185
1227122|26|902,902,1227122,26,2026-05-03,1,-1,5,5,2,963.6576,963.6576,940.9709,0.5512,97.645772,192.7315,192.7315,1.0000,0,1,10,1846169,A168_HF9F_20260827_0900,2026-08-27 09:00:00,185
1227122|27|902,902,1227122,27,2026-05-03,1,-1,4,4,2,1010.9514,0.0000,0.0000,0.0000,,252.7378,252.7378,1.0000,4,1,6,1846170,A168_HF9F_20260827_0900,2026-08-27 09:00:00,185
1227122|28|902,902,1227122,28,2026-05-03,1,-1,2,2,2,52.1006,52.1006,-47.8994,0.0000,-91.936297,26.0503,26.0503,1.0000,0,1,1,1846171,A168_HF9F_20260827_0900,2026-08-27 09:00:00,185
1227122|29|902,902,1227122,29,2026-05-03,1,-1,4,5,2,346.0924,346.0924,346.0924,1.6805,100.000000,69.2185,86.5231,1.2500,0,1,6,1846172,A168_HF9F_20260827_0900,2026-08-27 09:00:00,185
1227122|30|902,902,1227122,30,2026-05-03,1,-1,2,2,1,650.7437,650.7437,650.7437,0.0000,100.000000,325.3718,325.3718,1.0000,0,1,1,1846173,A168_HF9F_20260827_0900,2026-08-27 09:00:00,185
1227122|31|902,902,1227122,31,2026-05-03,1,-1,6,9,5,1970.5391,1970.5391,-1843.4604,0.0000,-93.551068,218.9488,328.4232,1.5000,0,1,15,1846174,A168_HF9F_20260827_0900,2026-08-27 09:00:00,185
1227122|32|902,902,1227122,32,2026-05-03,1,-1,3,4,3,1241.3678,1241.3678,-297.7032,0.0000,-23.981867,310.3419,413.7893,1.3333,0,1,3,1846175,A168_HF9F_20260827_0900,2026-08-27 09:00:00,185
1227122|33|902,902,1227122,33,2026-05-03,1,-1,7,7,2,405.0085,0.0000,0.0000,0.0000,,57.8584,57.8584,1.0000,7,1,21,1846176,A168_HF9F_20260827_0900,2026-08-27 09:00:00,185
1227122|34|902,902,1227122,34,2026-05-03,1,-1,5,5,2,975.3460,975.3460,-800.5506,0.0000,-82.078631,195.0692,195.0692,1.0000,0,1,10,1846177,A168_HF9F_20260827_0900,2026-08-27 09:00:00,185
1227122|35|902,902,1227122,35,2026-05-03,1,-1,6,9,5,997.8919,6.3019,-37.8112,0.0000,-600.000000,110.8769,166.3153,1.5000,6,1,15,1846178,A168_HF9F_20260827_0900,2026-08-27 09:00:00,185
1227122|36|902,902,1227122,36,2026-05-03,1,-1,11,13,3,466.5335,466.5335,145.3026,0.6722,31.145156,35.8872,42.4121,1.1818,0,1,55,1846179,A168_HF9F_20260827_0900,2026-08-27 09:00:00,185
1227122|37|902,902,1227122,37,2026-05-03,1,-1,6,7,3,959.4969,959.4969,934.8147,0.0000,97.427581,137.0710,159.9162,1.1667,0,1,15,1846180,A168_HF9F_20260827_0900,2026-08-27 09:00:00,185
1227122|38|902,902,1227122,38,2026-05-03,1,-1,5,5,2,967.0180,967.0180,782.9933,0.0000,80.969870,193.4036,193.4036,1.0000,0,1,10,1846181,A168_HF9F_20260827_0900,2026-08-27 09:00:00,185
1227122|39|902,902,1227122,39,2026-05-03,1,-1,6,6,2,741.0650,741.0650,-643.4038,0.0000,-86.821506,123.5108,123.5108,1.0000,0,1,15,1846182,A168_HF9F_20260827_0900,2026-08-27 09:00:00,185
1227122|4|902,902,1227122,4,2026-05-03,1,-1,1,1,1,2.1006,2.1006,2.1006,0.0000,100.000000,2.1006,2.1006,1.0000,0,0,0,1846183,A168_HF9F_20260827_0900,2026-08-27 09:00:00,185
1227122|40|902,902,1227122,40,2026-05-03,1,-1,8,8,1,811.8821,811.8821,-811.8821,0.0000,-100.000000,101.4853,101.4853,1.0000,0,1,28,1846184,A168_HF9F_20260827_0900,2026-08-27 09:00:00,185
1227122|41|902,902,1227122,41,2026-05-03,1,-1,12,14,4,2066.5986,2066.5986,1728.7260,0.9243,83.650785,147.6142,172.2165,1.1667,0,1,66,1846185,A168_HF9F_20260827_0900,2026-08-27 09:00:00,185
1227122|42|902,902,1227122,42,2026-05-03,1,-1,3,4,3,63.1068,63.1068,0.4056,0.0000,0.642684,15.7767,21.0356,1.3333,0,1,3,1846186,A168_HF9F_20260827_0900,2026-08-27 09:00:00,185
1227122|43|902,902,1227122,43,2026-05-03,1,-1,1,1,1,42.0124,42.0124,42.0124,0.0000,100.000000,42.0124,42.0124,1.0000,0,0,0,1846187,A168_HF9F_20260827_0900,2026-08-27 09:00:00,185
1227122|44|902,902,1227122,44,2026-05-03,1,-1,4,4,2,269.8320,269.8320,-248.8258,0.0000,-92.215083,67.4580,67.4580,1.0000,0,1,6,1846188,A168_HF9F_20260827_0900,2026-08-27 09:00:00,185
1227122|45|902,902,1227122,45,2026-05-03,1,-1,3,4,3,946.0118,946.0118,-879.7982,0.0000,-93.000761,236.5030,315.3373,1.3333,0,1,3,1846189,A168_HF9F_20260827_0900,2026-08-27 09:00:00,185
1227122|46|902,902,1227122,46,2026-05-03,1,-1,8,8,3,7970.9022,7970.9022,7834.9860,0.0000,98.294845,996.3628,996.3628,1.0000,0,1,28,1846190,A168_HF9F_20260827_0900,2026-08-27 09:00:00,185
1227122|47|902,902,1227122,47,2026-05-03,1,-1,10,13,5,2245.1773,2245.1773,-1877.4402,0.0000,-83.621019,172.7059,224.5177,1.3000,0,1,45,1846191,A168_HF9F_20260827_0900,2026-08-27 09:00:00,185
1227122|48|902,902,1227122,48,2026-05-03,1,-1,10,11,3,2334.2678,2334.2678,-237.6132,0.0000,-10.179346,212.2062,233.4268,1.1000,0,1,45,1846192,A168_HF9F_20260827_0900,2026-08-27 09:00:00,185
1227122|49|902,902,1227122,49,2026-05-03,1,-1,4,4,2,974.3261,974.3261,-864.1667,0.0000,-88.693782,243.5815,243.5815,1.0000,0,1,6,1846193,A168_HF9F_20260827_0900,2026-08-27 09:00:00,185
1227122|50|902,902,1227122,50,2026-05-03,1,-1,12,12,2,1576.0813,1576.0813,486.4125,0.0000,30.862143,131.3401,131.3401,1.0000,0,1,66,1846194,A168_HF9F_20260827_0900,2026-08-27 09:00:00,185
1227122|51|902,902,1227122,51,2026-05-03,1,-1,7,7,2,743.9073,743.9073,119.0694,0.0672,16.005953,106.2725,106.2725,1.0000,0,1,21,1846195,A168_HF9F_20260827_0900,2026-08-27 09:00:00,185
1227122|52|902,902,1227122,52,2026-05-03,1,-1,2,3,2,102.0124,102.0124,102.0124,0.0000,100.000000,34.0041,51.0062,1.5000,0,1,1,1846196,A168_HF9F_20260827_0900,2026-08-27 09:00:00,185
1227122|53|902,902,1227122,53,2026-05-03,1,-1,6,7,3,523.5696,523.5696,285.8813,0.0000,54.602347,74.7957,87.2616,1.1667,0,1,15,1846197,A168_HF9F_20260827_0900,2026-08-27 09:00:00,185
1227122|54|902,902,1227122,54,2026-05-03,1,-1,2,2,2,52.0124,52.0124,52.0124,0.0000,100.000000,26.0062,26.0062,1.0000,0,1,1,1846198,A168_HF9F_20260827_0900,2026-08-27 09:00:00,185
1227122|55|902,902,1227122,55,2026-05-03,1,-1,1,1,1,12.3937,12.3937,-11.7740,0.0000,-95.000000,12.3937,12.3937,1.0000,0,0,0,1846199,A168_HF9F_20260827_0900,2026-08-27 09:00:00,185
1227122|56|902,902,1227122,56,2026-05-03,1,-1,2,2,2,31.5093,31.5093,10.5031,0.0000,33.333333,15.7546,15.7546,1.0000,0,1,1,1846200,A168_HF9F_20260827_0900,2026-08-27 09:00:00,185
1227122|57|902,902,1227122,57,2026-05-03,1,-1,4,4,2,252.5014,252.5014,127.9620,0.0000,50.677721,63.1254,63.1254,1.0000,0,1,6,1846201,A168_HF9F_20260827_0900,2026-08-27 09:00:00,185
1227122|6|902,902,1227122,6,2026-05-03,1,-1,1,1,1,216.2723,216.2723,-205.4587,0.0000,-95.000000,216.2723,216.2723,1.0000,0,0,0,1846202,A168_HF9F_20260827_0900,2026-08-27 09:00:00,185
1227122|7|902,902,1227122,7,2026-05-03,1,-1,1,1,1,5.5747,5.5747,5.5747,0.0000,100.000000,5.5747,5.5747,1.0000,0,0,0,1846203,A168_HF9F_20260827_0900,2026-08-27 09:00:00,185
1227122|8|902,902,1227122,8,2026-05-03,1,-1,1,1,1,4.2012,0.0000,0.0000,0.0000,,4.2012,4.2012,1.0000,1,0,0,1846204,A168_HF9F_20260827_0900,2026-08-27 09:00:00,185
1227122|9|902,902,1227122,9,2026-05-03,1,-1,2,2,1,46.7220,46.7220,46.7220,0.0000,100.000000,23.3610,23.3610,1.0000,0,1,1,1846205,A168_HF9F_20260827_0900,2026-08-27 09:00:00,185
1227156|10|902,902,1227156,10,2026-05-03,1,-1,4,4,2,306.7132,306.7132,125.8314,0.0000,41.025767,76.6783,76.6783,1.0000,0,1,6,1846206,A168_HF9F_20260827_0900,2026-08-27 09:00:00,185
1227156|11|902,902,1227156,11,2026-05-03,1,-1,12,13,3,1604.5310,1604.5310,1122.0870,0.0000,69.932396,123.4255,133.7109,1.0833,0,1,66,1846207,A168_HF9F_20260827_0900,2026-08-27 09:00:00,185
1227156|12|902,902,1227156,12,2026-05-03,1,-1,6,9,5,1142.2783,23.1068,23.1068,0.0000,100.000000,126.9198,190.3797,1.5000,6,1,15,1846208,A168_HF9F_20260827_0900,2026-08-27 09:00:00,185
1227156|13|902,902,1227156,13,2026-05-03,1,-1,3,3,2,98.1051,98.1051,7.9885,0.0000,8.142791,32.7017,32.7017,1.0000,0,1,3,1846209,A168_HF9F_20260827_0900,2026-08-27 09:00:00,185
1227156|14|902,902,1227156,14,2026-05-03,1,-1,1,1,1,872.9050,872.9050,872.9050,0.0000,100.000000,872.9050,872.9050,1.0000,0,0,0,1846210,A168_HF9F_20260827_0900,2026-08-27 09:00:00,185
1227156|15|902,902,1227156,15,2026-05-03,1,-1,4,4,1,459.8950,459.8950,-459.8950,0.0000,-100.000000,114.9738,114.9738,1.0000,0,1,6,1846211,A168_HF9F_20260827_0900,2026-08-27 09:00:00,185
1227156|16|902,902,1227156,16,2026-05-03,1,-1,8,12,5,935.2941,935.2941,914.8130,0.0000,97.810203,77.9412,116.9118,1.5000,0,1,28,1846212,A168_HF9F_20260827_0900,2026-08-27 09:00:00,185
1227156|17|902,902,1227156,17,2026-05-03,1,-1,4,5,4,994.9747,994.9747,-823.5566,0.0000,-82.771613,198.9949,248.7437,1.2500,0,1,6,1846213,A168_HF9F_20260827_0900,2026-08-27 09:00:00,185
1227156|18|902,902,1227156,18,2026-05-03,1,-1,6,7,3,325.5942,325.5942,-149.1277,0.0000,-45.801706,46.5135,54.2657,1.1667,0,1,15,1846214,A168_HF9F_20260827_0900,2026-08-27 09:00:00,185
1227156|19|902,902,1227156,19,2026-05-03,1,-1,5,6,3,658.6999,658.6999,3.1425,0.0000,0.477078,109.7833,131.7400,1.2000,0,1,10,1846215,A168_HF9F_20260827_0900,2026-08-27 09:00:00,185
1227156|20|902,902,1227156,20,2026-05-03,1,-1,5,5,2,935.5590,935.5590,-791.1830,0.0000,-84.567944,187.1118,187.1118,1.0000,0,1,10,1846216,A168_HF9F_20260827_0900,2026-08-27 09:00:00,185
1227156|21|902,902,1227156,21,2026-05-03,1,-1,3,3,2,60.4286,60.4286,34.4828,0.0000,57.063814,20.1429,20.1429,1.0000,0,1,3,1846217,A168_HF9F_20260827_0900,2026-08-27 09:00:00,185
1227156|22|902,902,1227156,22,2026-05-03,1,-1,6,6,2,145.1992,145.1992,-101.0734,0.0000,-69.610139,24.1999,24.1999,1.0000,0,1,15,1846218,A168_HF9F_20260827_0900,2026-08-27 09:00:00,185
1227156|23|902,902,1227156,23,2026-05-03,1,-1,5,7,4,167.5606,167.5606,-84.2398,0.0000,-50.274238,23.9372,33.5121,1.4000,0,1,10,1846219,A168_HF9F_20260827_0900,2026-08-27 09:00:00,185
1227156|24|902,902,1227156,24,2026-05-03,1,-1,10,15,6,691.9281,691.9281,-649.8705,0.0000,-93.921676,46.1285,69.1928,1.5000,0,1,45,1846220,A168_HF9F_20260827_0900,2026-08-27 09:00:00,185
1227156|25|902,902,1227156,25,2026-05-03,1,-1,9,14,5,1071.4830,1071.4830,1071.4830,0.0000,100.000000,76.5345,119.0537,1.5556,0,1,36,1846221,A168_HF9F_20260827_0900,2026-08-27 09:00:00,185
1227156|26|902,902,1227156,26,2026-05-03,1,-1,7,8,2,747.3483,660.8394,-197.9087,0.0000,-29.948084,93.4185,106.7640,1.1429,1,1,21,1846222,A168_HF9F_20260827_0900,2026-08-27 09:00:00,185
1227156|27|902,902,1227156,27,2026-05-03,1,-1,4,6,4,599.5894,11.5534,11.5534,0.0000,100.000000,99.9316,149.8974,1.5000,4,1,6,1846223,A168_HF9F_20260827_0900,2026-08-27 09:00:00,185
1227156|28|902,902,1227156,28,2026-05-03,1,-1,6,7,3,1129.8985,1129.8985,1087.8861,0.0000,96.281755,161.4141,188.3164,1.1667,0,1,15,1846224,A168_HF9F_20260827_0900,2026-08-27 09:00:00,185
1227156|29|902,902,1227156,29,2026-05-03,1,-1,1,1,1,43.2545,43.2545,-43.2545,0.0000,-100.000000,43.2545,43.2545,1.0000,0,0,0,1846225,A168_HF9F_20260827_0900,2026-08-27 09:00:00,185
1227156|30|902,902,1227156,30,2026-05-03,1,-1,4,7,4,647.1504,647.1504,-613.4122,0.0000,-94.786662,92.4501,161.7876,1.7500,0,1,6,1846226,A168_HF9F_20260827_0900,2026-08-27 09:00:00,185
1227156|31|902,902,1227156,31,2026-05-03,1,-1,5,8,5,169.3577,169.3577,19.4042,0.0000,11.457541,21.1697,33.8715,1.6000,0,1,10,1846227,A168_HF9F_20260827_0900,2026-08-27 09:00:00,185
1227156|32|902,902,1227156,32,2026-05-03,1,-1,2,2,1,458.0889,458.0889,458.0889,0.0000,100.000000,229.0444,229.0444,1.0000,0,1,1,1846228,A168_HF9F_20260827_0900,2026-08-27 09:00:00,185
1227156|33|902,902,1227156,33,2026-05-03,1,-1,2,2,1,64.2607,0.0000,0.0000,0.0000,,32.1303,32.1303,1.0000,2,1,1,1846229,A168_HF9F_20260827_0900,2026-08-27 09:00:00,185
1227156|34|902,902,1227156,34,2026-05-03,1,-1,3,4,2,137.7824,95.7700,-90.9815,0.0000,-95.000000,34.4456,45.9275,1.3333,2,1,3,1846230,A168_HF9F_20260827_0900,2026-08-27 09:00:00,185
1227156|35|902,902,1227156,35,2026-05-03,1,-1,7,7,2,466.0065,466.0065,277.5451,0.0000,59.558208,66.5724,66.5724,1.0000,0,1,21,1846231,A168_HF9F_20260827_0900,2026-08-27 09:00:00,185
1227156|36|902,902,1227156,36,2026-05-03,1,-1,10,11,3,3016.7301,3016.7301,1734.7611,0.6891,57.504684,274.2482,301.6730,1.1000,0,1,45,1846232,A168_HF9F_20260827_0900,2026-08-27 09:00:00,185
1227156|37|902,902,1227156,37,2026-05-03,1,-1,10,13,5,1178.5029,1178.5029,623.3665,0.1378,52.894783,90.6541,117.8503,1.3000,0,1,45,1846233,A168_HF9F_20260827_0900,2026-08-27 09:00:00,185
1227156|38|902,902,1227156,38,2026-05-03,1,-1,5,5,2,677.3997,677.3997,467.3378,0.0000,68.989954,135.4799,135.4799,1.0000,0,1,10,1846234,A168_HF9F_20260827_0900,2026-08-27 09:00:00,185
1227156|39|902,902,1227156,39,2026-05-03,1,-1,4,5,2,177.5143,4.2012,-33.6099,0.0000,-800.000000,35.5029,44.3786,1.2500,4,1,6,1846235,A168_HF9F_20260827_0900,2026-08-27 09:00:00,185
1227156|4|902,902,1227156,4,2026-05-03,1,-1,1,1,1,50.0000,50.0000,50.0000,0.0000,100.000000,50.0000,50.0000,1.0000,0,0,0,1846236,A168_HF9F_20260827_0900,2026-08-27 09:00:00,185
1227156|40|902,902,1227156,40,2026-05-03,1,-1,3,3,2,36.4488,36.4488,-18.2415,0.0000,-50.047012,12.1496,12.1496,1.0000,0,1,3,1846237,A168_HF9F_20260827_0900,2026-08-27 09:00:00,185
1227156|41|902,902,1227156,41,2026-05-03,1,-1,4,4,1,98.8434,98.8434,-93.9012,0.0000,-95.000000,24.7108,24.7108,1.0000,0,1,6,1846238,A168_HF9F_20260827_0900,2026-08-27 09:00:00,185
1227156|42|902,902,1227156,42,2026-05-03,1,-1,7,7,2,1006.6170,1006.6170,-518.1674,0.0000,-51.476125,143.8024,143.8024,1.0000,0,1,21,1846239,A168_HF9F_20260827_0900,2026-08-27 09:00:00,185
1227156|43|902,902,1227156,43,2026-05-03,1,-1,4,4,2,358.6433,358.6433,-233.3550,0.0000,-65.066039,89.6608,89.6608,1.0000,0,1,6,1846240,A168_HF9F_20260827_0900,2026-08-27 09:00:00,185
1227156|44|902,902,1227156,44,2026-05-03,1,-1,3,4,3,55.9754,55.9754,12.7210,0.0000,22.725983,13.9939,18.6585,1.3333,0,1,3,1846241,A168_HF9F_20260827_0900,2026-08-27 09:00:00,185
1227156|45|902,902,1227156,45,2026-05-03,1,-1,3,4,3,411.5001,411.5001,-381.9832,0.0000,-92.827021,102.8750,137.1667,1.3333,0,1,3,1846242,A168_HF9F_20260827_0900,2026-08-27 09:00:00,185
1227156|46|902,902,1227156,46,2026-05-03,1,-1,8,9,3,601.9024,601.9024,498.1195,0.0000,82.757521,66.8780,75.2378,1.1250,0,1,28,1846243,A168_HF9F_20260827_0900,2026-08-27 09:00:00,185
1227156|47|902,902,1227156,47,2026-05-03,1,-1,4,5,2,1374.6346,1366.2321,-1314.3407,0.0000,-96.201857,274.9269,343.6586,1.2500,1,1,6,1846244,A168_HF9F_20260827_0900,2026-08-27 09:00:00,185
1227156|48|902,902,1227156,48,2026-05-03,1,-1,3,3,1,188.4159,188.4159,-178.9951,0.0000,-95.000000,62.8053,62.8053,1.0000,0,1,3,1846245,A168_HF9F_20260827_0900,2026-08-27 09:00:00,185
1227156|49|902,902,1227156,49,2026-05-03,1,-1,1,1,1,51.8914,0.0000,0.0000,0.0000,,51.8914,51.8914,1.0000,1,0,0,1846246,A168_HF9F_20260827_0900,2026-08-27 09:00:00,185
1227156|50|902,902,1227156,50,2026-05-03,1,-1,3,3,1,75.7418,75.7418,75.7418,0.0000,100.000000,25.2473,25.2473,1.0000,0,1,3,1846247,A168_HF9F_20260827_0900,2026-08-27 09:00:00,185
1227156|51|902,902,1227156,51,2026-05-03,1,-1,4,5,3,156.7870,156.7870,135.9056,0.0000,86.681688,31.3574,39.1968,1.2500,0,1,6,1846248,A168_HF9F_20260827_0900,2026-08-27 09:00:00,185
1227156|52|902,902,1227156,52,2026-05-03,1,-1,8,9,3,1134.2961,1134.2961,190.6293,0.0000,16.805952,126.0329,141.7870,1.1250,0,1,28,1846249,A168_HF9F_20260827_0900,2026-08-27 09:00:00,185
1227156|53|902,902,1227156,53,2026-05-03,1,-1,5,5,1,181.6201,181.6201,181.6201,0.0000,100.000000,36.3240,36.3240,1.0000,0,1,10,1846250,A168_HF9F_20260827_0900,2026-08-27 09:00:00,185
1227156|54|902,902,1227156,54,2026-05-03,1,-1,5,5,2,120.8857,120.8857,-30.8968,0.0000,-25.558673,24.1771,24.1771,1.0000,0,1,10,1846251,A168_HF9F_20260827_0900,2026-08-27 09:00:00,185
1227156|55|902,902,1227156,55,2026-05-03,1,-1,9,9,2,338.1877,338.1877,62.1252,0.0000,18.370048,37.5764,37.5764,1.0000,0,1,36,1846252,A168_HF9F_20260827_0900,2026-08-27 09:00:00,185
1227156|56|902,902,1227156,56,2026-05-03,1,-1,9,9,2,454.7006,454.7006,34.5767,0.0000,7.604272,50.5223,50.5223,1.0000,0,1,36,1846253,A168_HF9F_20260827_0900,2026-08-27 09:00:00,185
1227156|6|902,902,1227156,6,2026-05-03,1,-1,2,2,1,68.2077,68.2077,-68.2077,0.0000,-100.000000,34.1039,34.1039,1.0000,0,1,1,1846254,A168_HF9F_20260827_0900,2026-08-27 09:00:00,185
1227156|9|902,902,1227156,9,2026-05-03,1,-1,1,1,1,105.0310,105.0310,-105.0310,0.0000,-100.000000,105.0310,105.0310,1.0000,0,0,0,1846255,A168_HF9F_20260827_0900,2026-08-27 09:00:00,185
1227193|1|902,902,1227193,1,2026-05-03,1,-1,2,3,3,31.1349,31.1349,31.1349,0.0000,100.000000,10.3783,15.5674,1.5000,0,1,1,1846256,A168_HF9F_20260827_0900,2026-08-27 09:00:00,185
1227193|10|902,902,1227193,10,2026-05-03,1,-1,3,3,2,495.3493,495.3493,-443.4579,0.0000,-89.524272,165.1164,165.1164,1.0000,0,1,3,1846257,A168_HF9F_20260827_0900,2026-08-27 09:00:00,185
1227193|11|902,902,1227193,11,2026-05-03,1,-1,10,11,4,1784.4842,1784.4842,-1613.4815,0.0000,-90.417247,162.2258,178.4484,1.1000,0,1,45,1846258,A168_HF9F_20260827_0900,2026-08-27 09:00:00,185
1227193|12|902,902,1227193,12,2026-05-03,1,-1,18,20,3,1722.0576,1722.0576,-325.6285,0.1680,-18.909270,86.1029,95.6699,1.1111,0,1,153,1846259,A168_HF9F_20260827_0900,2026-08-27 09:00:00,185
1227193|13|902,902,1227193,13,2026-05-03,1,-1,13,15,2,8425.9950,4.6952,-37.5615,0.0000,-800.000000,561.7330,648.1535,1.1538,13,1,78,1846260,A168_HF9F_20260827_0900,2026-08-27 09:00:00,185
1227193|14|902,902,1227193,14,2026-05-03,1,-1,13,17,5,400.8880,400.8880,246.2149,0.1765,61.417379,23.5816,30.8375,1.3077,0,1,78,1846261,A168_HF9F_20260827_0900,2026-08-27 09:00:00,185
1227193|15|902,902,1227193,15,2026-05-03,1,-1,9,15,6,959.1760,959.1760,-799.5852,0.0000,-83.361676,63.9451,106.5751,1.6667,0,1,36,1846262,A168_HF9F_20260827_0900,2026-08-27 09:00:00,185
1227193|16|902,902,1227193,16,2026-05-03,1,-1,5,5,2,128.2520,128.2520,-24.4692,0.0000,-19.078957,25.6504,25.6504,1.0000,0,1,10,1846263,A168_HF9F_20260827_0900,2026-08-27 09:00:00,185
1227193|17|902,902,1227193,17,2026-05-03,1,-1,13,20,8,2069.4268,2066.0068,-1128.7116,0.3307,-54.632518,103.4713,159.1867,1.5385,0,1,78,1846264,A168_HF9F_20260827_0900,2026-08-27 09:00:00,185
1227193|18|902,902,1227193,18,2026-05-03,1,-1,20,25,7,2358.2982,2358.2982,-789.4778,0.3721,-33.476588,94.3319,117.9149,1.2500,0,1,190,1846265,A168_HF9F_20260827_0900,2026-08-27 09:00:00,185
1227193|19|902,902,1227193,19,2026-05-03,1,-1,18,28,8,2180.6241,2180.6241,1854.1755,0.5650,85.029581,77.8794,121.1458,1.5556,0,1,153,1846266,A168_HF9F_20260827_0900,2026-08-27 09:00:00,185
1227193|2|902,902,1227193,2,2026-05-03,1,-1,3,3,1,77.8372,0.0000,0.0000,0.0000,,25.9457,25.9457,1.0000,3,1,3,1846267,A168_HF9F_20260827_0900,2026-08-27 09:00:00,185
1227193|20|902,902,1227193,20,2026-05-03,1,-1,9,16,7,642.5400,642.5400,591.6364,0.5788,92.077763,40.1587,71.3933,1.7778,0,1,36,1846268,A168_HF9F_20260827_0900,2026-08-27 09:00:00,185
1227193|21|902,902,1227193,21,2026-05-03,1,-1,11,14,4,325.2889,325.2889,-241.1309,0.2481,-74.128237,23.2349,29.5717,1.2727,0,1,55,1846269,A168_HF9F_20260827_0900,2026-08-27 09:00:00,185
1227193|22|902,902,1227193,22,2026-05-03,1,-1,8,10,4,749.6482,749.6482,-625.0102,0.3032,-83.373797,74.9648,93.7060,1.2500,0,1,28,1846270,A168_HF9F_20260827_0900,2026-08-27 09:00:00,185
1227193|23|902,902,1227193,23,2026-05-03,1,-1,4,9,7,505.2190,505.2190,-435.7366,0.1102,-86.247078,56.1354,126.3047,2.2500,0,1,6,1846271,A168_HF9F_20260827_0900,2026-08-27 09:00:00,185
1227193|24|902,902,1227193,24,2026-05-03,1,-1,8,11,5,710.4234,710.4234,-585.5158,0.3721,-82.417863,64.5839,88.8029,1.3750,0,1,28,1846272,A168_HF9F_20260827_0900,2026-08-27 09:00:00,185
1227193|25|902,902,1227193,25,2026-05-03,1,-1,6,11,7,622.5999,622.5999,622.5999,0.3032,100.000000,56.6000,103.7667,1.8333,0,1,15,1846273,A168_HF9F_20260827_0900,2026-08-27 09:00:00,185
1227193|26|902,902,1227193,26,2026-05-03,1,-1,6,7,3,998.8002,998.8002,-898.1304,0.3859,-89.920927,142.6857,166.4667,1.1667,0,1,15,1846274,A168_HF9F_20260827_0900,2026-08-27 09:00:00,185
1227193|27|902,902,1227193,27,2026-05-03,1,-1,14,18,5,1307.7201,1307.7201,-409.4213,0.3170,-31.308020,72.6511,93.4086,1.2857,0,1,91,1846275,A168_HF9F_20260827_0900,2026-08-27 09:00:00,185
1227193|28|902,902,1227193,28,2026-05-03,1,-1,14,20,7,1404.3367,1404.3367,365.4883,0.0000,26.025685,70.2168,100.3098,1.4286,0,1,91,1846276,A168_HF9F_20260827_0900,2026-08-27 09:00:00,185
1227193|29|902,902,1227193,29,2026-05-03,1,-1,29,37,8,2954.5060,2954.5060,-1765.7809,0.1378,-59.765691,79.8515,101.8795,1.2759,0,1,406,1846277,A168_HF9F_20260827_0900,2026-08-27 09:00:00,185
1227193|3|902,902,1227193,3,2026-05-03,1,-1,1,1,1,11.1494,11.1494,-11.1494,0.0000,-100.000000,11.1494,11.1494,1.0000,0,0,0,1846278,A168_HF9F_20260827_0900,2026-08-27 09:00:00,185
1227193|30|902,902,1227193,30,2026-05-03,1,-1,28,38,9,2590.4788,2590.4788,-1083.6330,0.7731,-41.831379,68.1705,92.5171,1.3571,0,1,378,1846279,A168_HF9F_20260827_0900,2026-08-27 09:00:00,185
1227193|31|902,902,1227193,31,2026-05-03,1,-1,18,27,7,1649.3425,1649.3425,-1060.9155,1.6974,-64.323539,61.0868,91.6301,1.5000,0,1,153,1846280,A168_HF9F_20260827_0900,2026-08-27 09:00:00,185
1227193|32|902,902,1227193,32,2026-05-03,1,-1,22,26,5,1517.8550,1474.7887,683.6823,0.5143,46.357984,58.3790,68.9934,1.1818,0,1,231,1846281,A168_HF9F_20260827_0900,2026-08-27 09:00:00,185
1227193|33|902,902,1227193,33,2026-05-03,1,-1,13,19,7,1367.7380,1324.6717,-1159.2443,0.3445,-87.511819,71.9862,105.2106,1.4615,0,1,78,1846282,A168_HF9F_20260827_0900,2026-08-27 09:00:00,185
1227193|34|902,902,1227193,34,2026-05-03,1,-1,20,25,7,1839.4656,1839.4656,-1472.4220,0.6891,-80.046181,73.5786,91.9733,1.2500,0,1,190,1846283,A168_HF9F_20260827_0900,2026-08-27 09:00:00,185
1227193|35|902,902,1227193,35,2026-05-03,1,-1,23,30,6,3045.1852,3045.1852,2702.6699,0.6891,88.752236,101.5062,132.3994,1.3043,0,1,253,1846284,A168_HF9F_20260827_0900,2026-08-27 09:00:00,185
1227193|36|902,902,1227193,36,2026-05-03,1,-1,16,25,8,1679.4147,1679.4147,784.1710,1.1025,46.693116,67.1766,104.9634,1.5625,0,1,120,1846285,A168_HF9F_20260827_0900,2026-08-27 09:00:00,185
1227193|37|902,902,1227193,37,2026-05-03,1,-1,9,13,5,778.0041,778.0041,549.6817,0.0000,70.652808,59.8465,86.4449,1.4444,0,1,36,1846286,A168_HF9F_20260827_0900,2026-08-27 09:00:00,185
1227193|38|902,902,1227193,38,2026-05-03,1,-1,11,13,4,1224.5928,1224.5928,325.7421,0.0000,26.600032,94.1994,111.3266,1.1818,0,1,55,1846287,A168_HF9F_20260827_0900,2026-08-27 09:00:00,185
1227193|39|902,902,1227193,39,2026-05-03,1,-1,8,9,3,638.9381,638.9381,-441.5327,0.0000,-69.104144,70.9931,79.8673,1.1250,0,1,28,1846288,A168_HF9F_20260827_0900,2026-08-27 09:00:00,185
1227193|4|902,902,1227193,4,2026-05-03,1,-1,3,3,2,40.0360,0.0000,0.0000,0.0000,,13.3453,13.3453,1.0000,3,1,3,1846289,A168_HF9F_20260827_0900,2026-08-27 09:00:00,185
1227193|40|902,902,1227193,40,2026-05-03,1,-1,6,6,2,1153.3152,1153.3152,-1071.1526,0.3361,-92.875962,192.2192,192.2192,1.0000,0,1,15,1846290,A168_HF9F_20260827_0900,2026-08-27 09:00:00,185
1227193|41|902,902,1227193,41,2026-05-03,1,-1,12,15,5,3118.1724,3118.1724,1079.8425,1.1092,34.630624,207.8782,259.8477,1.2500,0,1,66,1846291,A168_HF9F_20260827_0900,2026-08-27 09:00:00,185
1227193|42|902,902,1227193,42,2026-05-03,1,-1,8,8,3,665.4753,665.4753,31.1516,1.1092,4.681104,83.1844,83.1844,1.0000,0,1,28,1846292,A168_HF9F_20260827_0900,2026-08-27 09:00:00,185
1227193|43|902,902,1227193,43,2026-05-03,1,-1,9,9,2,1641.6781,1641.6781,809.7432,1.1932,49.324114,182.4087,182.4087,1.0000,0,1,36,1846293,A168_HF9F_20260827_0900,2026-08-27 09:00:00,185
1227193|44|902,902,1227193,44,2026-05-03,1,-1,6,6,1,626.3680,626.3680,-599.3563,0.6891,-95.687556,104.3947,104.3947,1.0000,0,1,15,1846294,A168_HF9F_20260827_0900,2026-08-27 09:00:00,185
1227193|45|902,902,1227193,45,2026-05-03,1,-1,5,5,2,225.6261,225.6261,-47.8275,0.6891,-21.197700,45.1252,45.1252,1.0000,0,1,10,1846295,A168_HF9F_20260827_0900,2026-08-27 09:00:00,185
1227193|46|902,902,1227193,46,2026-05-03,1,-1,5,5,1,753.3536,753.3536,753.3536,1.4974,100.000000,150.6707,150.6707,1.0000,0,1,10,1846296,A168_HF9F_20260827_0900,2026-08-27 09:00:00,185
1227193|47|902,902,1227193,47,2026-05-03,1,-1,1,1,1,86.1326,0.0000,0.0000,0.0000,,86.1326,86.1326,1.0000,1,0,0,1846297,A168_HF9F_20260827_0900,2026-08-27 09:00:00,185
1227193|48|902,902,1227193,48,2026-05-03,1,-1,2,2,1,112.0784,112.0784,112.0784,0.6891,100.000000,56.0392,56.0392,1.0000,0,1,1,1846298,A168_HF9F_20260827_0900,2026-08-27 09:00:00,185
1227193|49|902,902,1227193,49,2026-05-03,1,-1,5,6,3,174.1688,131.1025,12.0836,0.3445,9.216945,29.0281,34.8338,1.2000,0,1,10,1846299,A168_HF9F_20260827_0900,2026-08-27 09:00:00,185
1227193|5|902,902,1227193,5,2026-05-03,1,-1,6,6,2,140.8780,140.8780,118.5792,0.0000,84.171566,23.4797,23.4797,1.0000,0,1,15,1846300,A168_HF9F_20260827_0900,2026-08-27 09:00:00,185
1227193|50|902,902,1227193,50,2026-05-03,1,-1,3,3,2,205.4830,205.4830,-33.2177,0.6891,-16.165659,68.4943,68.4943,1.0000,0,1,3,1846301,A168_HF9F_20260827_0900,2026-08-27 09:00:00,185
1227193|6|902,902,1227193,6,2026-05-03,1,-1,10,12,4,300.1621,300.1621,-282.5283,0.0000,-94.125248,25.0135,30.0162,1.2000,0,1,45,1846302,A168_HF9F_20260827_0900,2026-08-27 09:00:00,185
1227193|7|902,902,1227193,7,2026-05-03,1,-1,5,5,1,215.3495,215.3495,-204.5820,0.0000,-95.000000,43.0699,43.0699,1.0000,0,1,10,1846303,A168_HF9F_20260827_0900,2026-08-27 09:00:00,185
1227193|8|902,902,1227193,8,2026-05-03,1,-1,4,4,1,111.5666,111.5666,-105.9883,0.0000,-95.000000,27.8917,27.8917,1.0000,0,1,6,1846304,A168_HF9F_20260827_0900,2026-08-27 09:00:00,185
1227193|9|902,902,1227193,9,2026-05-03,1,-1,2,2,1,33.7294,33.7294,33.7294,0.0000,100.000000,16.8647,16.8647,1.0000,0,1,1,1846305,A168_HF9F_20260827_0900,2026-08-27 09:00:00,185
1227230|1|902,902,1227230,1,2026-05-03,1,-1,2,2,1,51.8914,51.8914,51.8914,0.0000,100.000000,25.9457,25.9457,1.0000,0,1,1,1846306,A168_HF9F_20260827_0900,2026-08-27 09:00:00,185
1227230|10|902,902,1227230,10,2026-05-03,1,-1,5,5,2,2541.4730,2541.4730,-2236.2002,0.6891,-87.988351,508.2946,508.2946,1.0000,0,1,10,1846307,A168_HF9F_20260827_0900,2026-08-27 09:00:00,185
1227230|11|902,902,1227230,11,2026-05-03,1,-1,8,9,2,3935.3786,3390.5184,2813.4999,1.5293,82.981407,437.2643,491.9223,1.1250,1,1,28,1846308,A168_HF9F_20260827_0900,2026-08-27 09:00:00,185
1227230|12|902,902,1227230,12,2026-05-03,1,-1,5,5,2,1020.5920,1020.5920,-916.8091,0.7664,-89.831109,204.1184,204.1184,1.0000,0,1,10,1846309,A168_HF9F_20260827_0900,2026-08-27 09:00:00,185
1227230|13|902,902,1227230,13,2026-05-03,1,-1,30,37,5,5465.3850,5465.3850,-1575.7026,0.6891,-28.830588,147.7131,182.1795,1.2333,0,1,435,1846310,A168_HF9F_20260827_0900,2026-08-27 09:00:00,185
1227230|14|902,902,1227230,14,2026-05-03,1,-1,44,68,8,8729.4971,8729.4971,-6185.2941,0.6722,-70.855102,128.3750,198.3977,1.5455,0,1,946,1846311,A168_HF9F_20260827_0900,2026-08-27 09:00:00,185
1227230|15|902,902,1227230,15,2026-05-03,1,-1,35,67,8,5051.9268,5012.4635,-2411.7574,0.6722,-48.115212,75.4019,144.3408,1.9143,1,1,595,1846312,A168_HF9F_20260827_0900,2026-08-27 09:00:00,185
1227230|2|902,902,1227230,2,2026-05-03,1,-1,1,1,1,25.9457,25.9457,25.9457,0.0000,100.000000,25.9457,25.9457,1.0000,0,0,0,1846313,A168_HF9F_20260827_0900,2026-08-27 09:00:00,185
1227230|3|902,902,1227230,3,2026-05-03,1,-1,3,4,3,244.7635,244.7635,-187.6829,0.5882,-76.679285,61.1909,81.5878,1.3333,0,1,3,1846314,A168_HF9F_20260827_0900,2026-08-27 09:00:00,185
1227230|4|902,902,1227230,4,2026-05-03,1,-1,1,1,1,137.8122,137.8122,-137.8122,0.0000,-100.000000,137.8122,137.8122,1.0000,0,0,0,1846315,A168_HF9F_20260827_0900,2026-08-27 09:00:00,185
1227230|5|902,902,1227230,5,2026-05-03,1,-1,6,6,2,2389.2921,2389.2921,-2311.4549,0.6722,-96.742250,398.2153,398.2153,1.0000,0,1,15,1846316,A168_HF9F_20260827_0900,2026-08-27 09:00:00,185
1227230|6|902,902,1227230,6,2026-05-03,1,-1,6,6,2,1414.2002,1414.2002,1313.0119,0.0000,92.844838,235.7000,235.7000,1.0000,0,1,15,1846317,A168_HF9F_20260827_0900,2026-08-27 09:00:00,185
1227230|7|902,902,1227230,7,2026-05-03,1,-1,9,11,4,1395.1682,1395.1682,-1169.9512,0.6722,-83.857361,126.8335,155.0187,1.2222,0,1,36,1846318,A168_HF9F_20260827_0900,2026-08-27 09:00:00,185
1227230|8|902,902,1227230,8,2026-05-03,1,-1,9,9,2,1570.8467,0.0000,0.0000,0.0000,,174.5385,174.5385,1.0000,9,1,36,1846319,A168_HF9F_20260827_0900,2026-08-27 09:00:00,185
1227230|9|902,902,1227230,9,2026-05-03,1,-1,9,9,2,1388.6451,1388.6451,-1130.7731,1.3613,-81.429960,154.2939,154.2939,1.0000,0,1,36,1846320,A168_HF9F_20260827_0900,2026-08-27 09:00:00,185
1226499|45|903,903,1226499,45,2026-05-03,1,-1,4,4,2,87.6020,0.0000,0.0000,0.0000,,21.9005,21.9005,1.0000,4,1,6,1846321,A168_HF9F_20260827_0900,2026-08-27 09:00:00,185
1226499|46|903,903,1226499,46,2026-05-03,1,-1,4,5,2,212.3661,160.4747,160.4747,0.0000,100.000000,42.4732,53.0915,1.2500,1,1,6,1846322,A168_HF9F_20260827_0900,2026-08-27 09:00:00,185
1226499|47|903,903,1226499,47,2026-05-03,1,-1,20,23,5,2369.7521,2369.7521,-1411.6346,0.0000,-59.568871,103.0327,118.4876,1.1500,0,1,190,1846323,A168_HF9F_20260827_0900,2026-08-27 09:00:00,185
1226499|48|903,903,1226499,48,2026-05-03,1,-1,20,22,4,2284.3169,2284.3169,-653.3798,0.0000,-28.602854,103.8326,114.2158,1.1000,0,1,190,1846324,A168_HF9F_20260827_0900,2026-08-27 09:00:00,185
1226499|49|903,903,1226499,49,2026-05-03,1,-1,19,21,4,1594.9651,1594.9651,1385.4024,0.3361,86.860983,75.9507,83.9455,1.1053,0,1,171,1846325,A168_HF9F_20260827_0900,2026-08-27 09:00:00,185
1226499|50|903,903,1226499,50,2026-05-03,1,-1,9,9,2,636.5129,636.5129,-296.3378,0.3361,-46.556444,70.7237,70.7237,1.0000,0,1,36,1846326,A168_HF9F_20260827_0900,2026-08-27 09:00:00,185
1226499|51|903,903,1226499,51,2026-05-03,1,-1,9,10,3,424.8033,424.8033,-234.1892,0.3361,-55.128863,42.4803,47.2004,1.1111,0,1,36,1846327,A168_HF9F_20260827_0900,2026-08-27 09:00:00,185
1226499|52|903,903,1226499,52,2026-05-03,1,-1,8,8,2,314.8380,0.0000,0.0000,0.0000,,39.3548,39.3548,1.0000,8,1,28,1846328,A168_HF9F_20260827_0900,2026-08-27 09:00:00,185
1226535|1|903,903,1226535,1,2026-05-03,1,-1,5,5,2,103.2942,0.0000,0.0000,0.0000,,20.6588,20.6588,1.0000,5,1,10,1846329,A168_HF9F_20260827_0900,2026-08-27 09:00:00,185
1226535|10|903,903,1226535,10,2026-05-03,1,-1,7,15,8,205.2773,205.2773,-210.6411,0.0000,-102.612967,13.6852,29.3253,2.1429,0,1,21,1846330,A168_HF9F_20260827_0900,2026-08-27 09:00:00,185
1226535|11|903,903,1226535,11,2026-05-03,1,-1,19,26,7,2901.4089,2901.4089,1904.3444,0.1008,65.635159,111.5927,152.7057,1.3684,0,1,171,1846331,A168_HF9F_20260827_0900,2026-08-27 09:00:00,185
1226535|12|903,903,1226535,12,2026-05-03,1,-1,18,22,5,2639.2358,2639.2358,-1701.7327,0.1680,-64.478236,119.9653,146.6242,1.2222,0,1,153,1846332,A168_HF9F_20260827_0900,2026-08-27 09:00:00,185
1226535|13|903,903,1226535,13,2026-05-03,1,-1,15,22,5,416.8533,31.9941,-142.5194,0.0000,-445.455079,18.9479,27.7902,1.4667,15,1,105,1846333,A168_HF9F_20260827_0900,2026-08-27 09:00:00,185
1226535|14|903,903,1226535,14,2026-05-03,1,-1,15,21,6,4248.3126,4248.3126,3333.0083,0.1849,78.454874,202.3006,283.2208,1.4000,0,1,105,1846334,A168_HF9F_20260827_0900,2026-08-27 09:00:00,185
1226535|15|903,903,1226535,15,2026-05-03,1,-1,7,14,6,259.4639,255.2627,47.5601,0.0168,18.631811,18.5331,37.0663,2.0000,1,1,21,1846335,A168_HF9F_20260827_0900,2026-08-27 09:00:00,185
1226535|16|903,903,1226535,16,2026-05-03,1,-1,8,15,6,413.3534,409.1521,25.3164,0.0168,6.187527,27.5569,51.6692,1.8750,1,1,28,1846336,A168_HF9F_20260827_0900,2026-08-27 09:00:00,185
1226535|17|903,903,1226535,17,2026-05-03,1,-1,8,17,7,226.1841,221.9829,-82.8716,0.0336,-37.332438,13.3049,28.2730,2.1250,1,1,28,1846337,A168_HF9F_20260827_0900,2026-08-27 09:00:00,185
1226535|18|903,903,1226535,18,2026-05-03,1,-1,8,16,7,760.6421,756.4409,622.0114,0.0168,82.228685,47.5401,95.0803,2.0000,1,1,28,1846338,A168_HF9F_20260827_0900,2026-08-27 09:00:00,185
1226535|19|903,903,1226535,19,2026-05-03,1,-1,8,9,3,206.8440,10.0000,-80.0000,0.0000,-800.000000,22.9827,25.8555,1.1250,8,1,28,1846339,A168_HF9F_20260827_0900,2026-08-27 09:00:00,185
1226535|2|903,903,1226535,2,2026-05-03,1,-1,1,1,1,5.1891,5.1891,5.1891,0.0000,100.000000,5.1891,5.1891,1.0000,0,0,0,1846340,A168_HF9F_20260827_0900,2026-08-27 09:00:00,185
1226535|20|903,903,1226535,20,2026-05-03,1,-1,5,6,3,118.5034,118.5034,11.2534,0.0168,9.496265,19.7506,23.7007,1.2000,0,1,10,1846341,A168_HF9F_20260827_0900,2026-08-27 09:00:00,185
1226535|21|903,903,1226535,21,2026-05-03,1,-1,15,25,6,814.2673,814.2673,-219.9240,0.5121,-27.008821,32.5707,54.2845,1.6667,0,1,105,1846342,A168_HF9F_20260827_0900,2026-08-27 09:00:00,185
1226535|22|903,903,1226535,22,2026-05-03,1,-1,8,18,8,892.8117,892.8117,-42.7189,0.0168,-4.784763,49.6006,111.6015,2.2500,0,1,28,1846343,A168_HF9F_20260827_0900,2026-08-27 09:00:00,185
1226535|23|903,903,1226535,23,2026-05-03,1,-1,13,22,8,1307.6924,1307.6924,261.4611,0.0504,19.994080,59.4406,100.5917,1.6923,0,1,78,1846344,A168_HF9F_20260827_0900,2026-08-27 09:00:00,185
1226535|24|903,903,1226535,24,2026-05-03,1,-1,7,11,5,844.4838,844.4838,-245.1172,0.0202,-29.025685,76.7713,120.6405,1.5714,0,1,21,1846345,A168_HF9F_20260827_0900,2026-08-27 09:00:00,185
1226535|25|903,903,1226535,25,2026-05-03,1,-1,13,16,3,1246.7976,1246.7976,-1052.5998,0.1430,-84.424275,77.9248,95.9075,1.2308,0,1,78,1846346,A168_HF9F_20260827_0900,2026-08-27 09:00:00,185
1226535|26|903,903,1226535,26,2026-05-03,1,-1,21,29,7,3695.5537,42.3300,-182.0968,0.0827,-430.183513,127.4329,175.9787,1.3810,21,1,210,1846347,A168_HF9F_20260827_0900,2026-08-27 09:00:00,185
1226535|27|903,903,1226535,27,2026-05-03,1,-1,28,38,7,2641.7658,2641.7658,1793.6733,1.3278,67.896756,69.5202,94.3488,1.3571,0,1,378,1846348,A168_HF9F_20260827_0900,2026-08-27 09:00:00,185
1226535|28|903,903,1226535,28,2026-05-03,1,-1,4,6,2,260.0113,260.0113,260.0113,0.0000,100.000000,43.3352,65.0028,1.5000,0,1,6,1846349,A168_HF9F_20260827_0900,2026-08-27 09:00:00,185
1226535|29|903,903,1226535,29,2026-05-03,1,-1,7,8,4,178.2323,178.2323,105.3347,0.0118,59.099650,22.2790,25.4618,1.1429,0,1,21,1846350,A168_HF9F_20260827_0900,2026-08-27 09:00:00,185
1226535|3|903,903,1226535,3,2026-05-03,1,-1,2,4,3,15.6922,2.1006,-16.8050,0.0000,-800.000000,3.9231,7.8461,2.0000,3,1,1,1846351,A168_HF9F_20260827_0900,2026-08-27 09:00:00,185
1226535|30|903,903,1226535,30,2026-05-03,1,-1,12,18,6,1633.1974,1633.1974,1490.6849,0.0000,91.274017,90.7332,136.0998,1.5000,0,1,66,1846352,A168_HF9F_20260827_0900,2026-08-27 09:00:00,185
1226535|31|903,903,1226535,31,2026-05-03,1,-1,5,6,3,168.3756,168.3756,0.3260,0.0000,0.193603,28.0626,33.6751,1.2000,0,1,10,1846353,A168_HF9F_20260827_0900,2026-08-27 09:00:00,185
1226535|32|903,903,1226535,32,2026-05-03,1,-1,6,6,2,238.4684,238.4684,-100.0257,0.0000,-41.945049,39.7447,39.7447,1.0000,0,1,15,1846354,A168_HF9F_20260827_0900,2026-08-27 09:00:00,185
1226535|33|903,903,1226535,33,2026-05-03,1,-1,4,4,2,114.8643,114.8643,29.3410,0.0000,25.544025,28.7161,28.7161,1.0000,0,1,6,1846355,A168_HF9F_20260827_0900,2026-08-27 09:00:00,185
1226535|34|903,903,1226535,34,2026-05-03,1,-1,8,8,2,252.0080,252.0080,53.0444,0.0000,21.048707,31.5010,31.5010,1.0000,0,1,28,1846356,A168_HF9F_20260827_0900,2026-08-27 09:00:00,185
1226535|35|903,903,1226535,35,2026-05-03,1,-1,2,4,3,31.0406,31.0406,-22.6382,0.0000,-72.930724,7.7602,15.5203,2.0000,0,1,1,1846357,A168_HF9F_20260827_0900,2026-08-27 09:00:00,185
1226535|36|903,903,1226535,36,2026-05-03,1,-1,9,9,2,1006.4382,1006.4382,202.6616,0.0000,20.136516,111.8265,111.8265,1.0000,0,1,36,1846358,A168_HF9F_20260827_0900,2026-08-27 09:00:00,185
1226535|37|903,903,1226535,37,2026-05-03,1,-1,7,9,4,313.3626,313.3626,206.7848,0.0000,65.988978,34.8181,44.7661,1.2857,0,1,21,1846359,A168_HF9F_20260827_0900,2026-08-27 09:00:00,185
1226535|38|903,903,1226535,38,2026-05-03,1,-1,6,6,1,422.3856,0.0000,0.0000,0.0000,,70.3976,70.3976,1.0000,6,1,15,1846360,A168_HF9F_20260827_0900,2026-08-27 09:00:00,185
1226535|39|903,903,1226535,39,2026-05-03,1,-1,2,2,2,349.2184,349.2184,298.8035,0.0000,85.563510,174.6092,174.6092,1.0000,0,1,1,1846361,A168_HF9F_20260827_0900,2026-08-27 09:00:00,185
1226535|4|903,903,1226535,4,2026-05-03,1,-1,3,5,3,135.9162,127.5138,-112.7356,0.0000,-88.410531,27.1832,45.3054,1.6667,1,1,3,1846362,A168_HF9F_20260827_0900,2026-08-27 09:00:00,185
1226535|40|903,903,1226535,40,2026-05-03,1,-1,5,5,2,916.8083,916.8083,896.7394,0.0000,97.811003,183.3617,183.3617,1.0000,0,1,10,1846363,A168_HF9F_20260827_0900,2026-08-27 09:00:00,185
1226535|41|903,903,1226535,41,2026-05-03,1,-1,8,8,2,2349.1774,2349.1774,-2024.1889,0.0000,-86.165860,293.6472,293.6472,1.0000,0,1,28,1846364,A168_HF9F_20260827_0900,2026-08-27 09:00:00,185
1226535|42|903,903,1226535,42,2026-05-03,1,-1,6,9,5,449.3152,449.3152,369.4917,0.0000,82.234399,49.9239,74.8859,1.5000,0,1,15,1846365,A168_HF9F_20260827_0900,2026-08-27 09:00:00,185
1226535|43|903,903,1226535,43,2026-05-03,1,-1,9,9,2,866.7373,866.7373,845.9807,0.0000,97.605205,96.3041,96.3041,1.0000,0,1,36,1846366,A168_HF9F_20260827_0900,2026-08-27 09:00:00,185
1226535|44|903,903,1226535,44,2026-05-03,1,-1,6,6,2,208.2217,208.2217,-10.5349,0.0000,-5.059477,34.7036,34.7036,1.0000,0,1,15,1846367,A168_HF9F_20260827_0900,2026-08-27 09:00:00,185
1226535|45|903,903,1226535,45,2026-05-03,1,-1,5,5,2,134.9178,134.9178,-118.0530,0.0000,-87.500000,26.9836,26.9836,1.0000,0,1,10,1846368,A168_HF9F_20260827_0900,2026-08-27 09:00:00,185
1226535|46|903,903,1226535,46,2026-05-03,1,-1,5,5,2,230.4441,230.4441,-42.6364,0.0000,-18.501858,46.0888,46.0888,1.0000,0,1,10,1846369,A168_HF9F_20260827_0900,2026-08-27 09:00:00,185
1226535|47|903,903,1226535,47,2026-05-03,1,-1,6,6,2,337.5369,337.5369,215.8675,0.0000,63.953757,56.2561,56.2561,1.0000,0,1,15,1846370,A168_HF9F_20260827_0900,2026-08-27 09:00:00,185
1226535|48|903,903,1226535,48,2026-05-03,1,-1,6,7,3,208.0756,208.0756,-27.1938,0.0000,-13.069202,29.7251,34.6793,1.1667,0,1,15,1846371,A168_HF9F_20260827_0900,2026-08-27 09:00:00,185
1226535|49|903,903,1226535,49,2026-05-03,1,-1,11,12,3,1220.1342,1220.1342,947.7069,0.0000,77.672351,101.6778,110.9213,1.0909,0,1,55,1846372,A168_HF9F_20260827_0900,2026-08-27 09:00:00,185
1226535|5|903,903,1226535,5,2026-05-03,1,-1,3,3,2,56.3027,56.3027,56.3027,0.0000,100.000000,18.7676,18.7676,1.0000,0,1,3,1846373,A168_HF9F_20260827_0900,2026-08-27 09:00:00,185
1226535|50|903,903,1226535,50,2026-05-03,1,-1,2,2,1,40.6501,40.6501,-38.6176,0.0000,-95.000000,20.3250,20.3250,1.0000,0,1,1,1846374,A168_HF9F_20260827_0900,2026-08-27 09:00:00,185
1226535|51|903,903,1226535,51,2026-05-03,1,-1,3,3,2,53.2538,53.2538,32.2476,0.0000,60.554541,17.7513,17.7513,1.0000,0,1,3,1846375,A168_HF9F_20260827_0900,2026-08-27 09:00:00,185
1226535|6|903,903,1226535,6,2026-05-03,1,-1,2,5,3,2353.5779,2345.1754,2202.3332,0.0000,93.909106,470.7156,1176.7889,2.5000,1,1,1,1846376,A168_HF9F_20260827_0900,2026-08-27 09:00:00,185
1226535|7|903,903,1226535,7,2026-05-03,1,-1,4,4,2,156.7790,156.7790,-3.7924,0.0000,-2.418927,39.1947,39.1947,1.0000,0,1,6,1846377,A168_HF9F_20260827_0900,2026-08-27 09:00:00,185
1226535|8|903,903,1226535,8,2026-05-03,1,-1,5,10,5,121.5056,121.5056,-80.6126,0.0000,-66.344725,12.1506,24.3011,2.0000,0,1,10,1846378,A168_HF9F_20260827_0900,2026-08-27 09:00:00,185
1226535|9|903,903,1226535,9,2026-05-03,1,-1,7,14,5,257.1489,252.9476,-10.7242,0.0000,-4.239708,18.3678,36.7356,2.0000,1,1,21,1846379,A168_HF9F_20260827_0900,2026-08-27 09:00:00,185
1226570|10|903,903,1226570,10,2026-05-03,1,-1,22,33,7,2838.3755,2838.3755,1281.6322,7.7393,45.153722,86.0114,129.0171,1.5000,0,1,231,1846380,A168_HF9F_20260827_0900,2026-08-27 09:00:00,185
1226570|11|903,903,1226570,11,2026-05-03,1,-1,12,13,3,1832.5475,51.8914,-415.1315,0.0000,-800.000000,140.9652,152.7123,1.0833,12,1,66,1846381,A168_HF9F_20260827_0900,2026-08-27 09:00:00,185
1226570|12|903,903,1226570,12,2026-05-03,1,-1,8,10,4,1460.0655,1460.0655,896.1433,0.5041,61.376921,146.0066,182.5082,1.2500,0,1,28,1846382,A168_HF9F_20260827_0900,2026-08-27 09:00:00,185
1226570|13|903,903,1226570,13,2026-05-03,1,-1,6,7,3,582.8120,582.8120,-403.5210,0.1176,-69.236912,83.2589,97.1353,1.1667,0,1,15,1846383,A168_HF9F_20260827_0900,2026-08-27 09:00:00,185
1226570|14|903,903,1226570,14,2026-05-03,1,-1,12,17,7,3017.9822,3017.9822,2310.0120,0.0000,76.541604,177.5284,251.4985,1.4167,0,1,66,1846384,A168_HF9F_20260827_0900,2026-08-27 09:00:00,185
1226570|15|903,903,1226570,15,2026-05-03,1,-1,19,21,3,1717.4799,1717.4799,-1249.4574,0.0000,-72.749462,81.7848,90.3937,1.1053,0,1,171,1846385,A168_HF9F_20260827_0900,2026-08-27 09:00:00,185
1226570|16|903,903,1226570,16,2026-05-03,1,-1,18,26,8,2873.5484,80.8020,-37.0770,0.0000,-45.886194,110.5211,159.6416,1.4444,17,1,153,1846386,A168_HF9F_20260827_0900,2026-08-27 09:00:00,185
1226570|17|903,903,1226570,17,2026-05-03,1,-1,19,29,7,2171.8508,2171.8508,1852.8025,0.0000,85.309845,74.8914,114.3079,1.5263,0,1,171,1846387,A168_HF9F_20260827_0900,2026-08-27 09:00:00,185
1226570|18|903,903,1226570,18,2026-05-03,1,-1,8,11,3,431.1160,422.7135,232.6699,0.0672,55.041973,39.1924,53.8895,1.3750,1,1,28,1846388,A168_HF9F_20260827_0900,2026-08-27 09:00:00,185
1226570|19|903,903,1226570,19,2026-05-03,1,-1,4,7,4,278.2380,274.0367,268.8476,0.0000,98.106407,39.7483,69.5595,1.7500,1,1,6,1846389,A168_HF9F_20260827_0900,2026-08-27 09:00:00,185
1226570|2|903,903,1226570,2,2026-05-03,1,-1,3,6,5,479.1484,47.4259,47.4259,0.2756,100.000000,79.8581,159.7161,2.0000,2,1,3,1846390,A168_HF9F_20260827_0900,2026-08-27 09:00:00,185
1226570|20|903,903,1226570,20,2026-05-03,1,-1,3,3,2,888.5973,888.5973,857.2128,0.0000,96.468087,296.1991,296.1991,1.0000,0,1,3,1846391,A168_HF9F_20260827_0900,2026-08-27 09:00:00,185
1226570|21|903,903,1226570,21,2026-05-03,1,-1,5,8,4,205.8801,205.8801,-163.9319,0.0000,-79.624933,25.7350,41.1760,1.6000,0,1,10,1846392,A168_HF9F_20260827_0900,2026-08-27 09:00:00,185
1226570|22|903,903,1226570,22,2026-05-03,1,-1,22,28,6,1110.5566,27.2272,-79.6618,0.0000,-292.581869,39.6627,50.4798,1.2727,22,1,231,1846393,A168_HF9F_20260827_0900,2026-08-27 09:00:00,185
1226570|23|903,903,1226570,23,2026-05-03,1,-1,18,19,4,905.9722,905.9722,-492.7426,0.0000,-54.388269,47.6827,50.3318,1.0556,0,1,153,1846394,A168_HF9F_20260827_0900,2026-08-27 09:00:00,185
1226570|24|903,903,1226570,24,2026-05-03,1,-1,11,13,4,802.1015,802.1015,-193.7454,0.0000,-24.154722,61.7001,72.9183,1.1818,0,1,55,1846395,A168_HF9F_20260827_0900,2026-08-27 09:00:00,185
1226570|25|903,903,1226570,25,2026-05-03,1,-1,9,9,2,512.1920,512.1920,-150.9806,0.0000,-29.477347,56.9102,56.9102,1.0000,0,1,36,1846396,A168_HF9F_20260827_0900,2026-08-27 09:00:00,185
1226570|26|903,903,1226570,26,2026-05-03,1,-1,8,10,3,301.7336,301.7336,301.7336,0.0000,100.000000,30.1734,37.7167,1.2500,0,1,28,1846397,A168_HF9F_20260827_0900,2026-08-27 09:00:00,185
1226570|27|903,903,1226570,27,2026-05-03,1,-1,11,14,4,769.1000,769.1000,-538.0530,0.0000,-69.958781,54.9357,69.9182,1.2727,0,1,55,1846398,A168_HF9F_20260827_0900,2026-08-27 09:00:00,185
1226570|28|903,903,1226570,28,2026-05-03,1,-1,13,17,4,9346.3047,9346.3047,-8167.0330,0.0000,-87.382481,549.7826,718.9465,1.3077,0,1,78,1846399,A168_HF9F_20260827_0900,2026-08-27 09:00:00,185
1226570|29|903,903,1226570,29,2026-05-03,1,-1,7,8,3,423.7210,423.7210,-358.5319,0.0000,-84.615080,52.9651,60.5316,1.1429,0,1,21,1846400,A168_HF9F_20260827_0900,2026-08-27 09:00:00,185
1226570|3|903,903,1226570,3,2026-05-03,1,-1,1,3,3,206.7183,206.7183,-163.6520,1.6537,-79.166667,68.9061,206.7183,3.0000,0,0,0,1846401,A168_HF9F_20260827_0900,2026-08-27 09:00:00,185
1226570|30|903,903,1226570,30,2026-05-03,1,-1,8,9,3,445.2342,445.2342,-289.3546,0.0000,-64.989292,49.4705,55.6543,1.1250,0,1,28,1846402,A168_HF9F_20260827_0900,2026-08-27 09:00:00,185
1226570|31|903,903,1226570,31,2026-05-03,1,-1,20,27,7,1797.7480,1797.7480,1020.3242,0.0672,56.755685,66.5833,89.8874,1.3500,0,1,190,1846403,A168_HF9F_20260827_0900,2026-08-27 09:00:00,185
1226570|32|903,903,1226570,32,2026-05-03,1,-1,8,13,5,965.2706,965.2706,768.6910,0.0000,79.634772,74.2516,120.6588,1.6250,0,1,28,1846404,A168_HF9F_20260827_0900,2026-08-27 09:00:00,185
1226570|33|903,903,1226570,33,2026-05-03,1,-1,5,6,4,688.0152,688.0152,681.7134,0.0000,99.084052,114.6692,137.6030,1.2000,0,1,10,1846405,A168_HF9F_20260827_0900,2026-08-27 09:00:00,185
1226570|34|903,903,1226570,34,2026-05-03,1,-1,10,11,3,827.7888,827.7888,357.0002,1.0923,43.126968,75.2535,82.7789,1.1000,0,1,45,1846406,A168_HF9F_20260827_0900,2026-08-27 09:00:00,185
1226570|35|903,903,1226570,35,2026-05-03,1,-1,10,11,3,1260.5245,1260.5245,-105.3533,0.0840,-8.357895,114.5931,126.0525,1.1000,0,1,45,1846407,A168_HF9F_20260827_0900,2026-08-27 09:00:00,185
1226570|36|903,903,1226570,36,2026-05-03,1,-1,20,23,5,6399.3764,6399.3764,-2585.0461,0.0840,-40.395281,278.2338,319.9688,1.1500,0,1,190,1846408,A168_HF9F_20260827_0900,2026-08-27 09:00:00,185
1226570|37|903,903,1226570,37,2026-05-03,1,-1,6,6,2,732.9153,732.9153,91.9228,0.0000,12.542081,122.1526,122.1526,1.0000,0,1,15,1846409,A168_HF9F_20260827_0900,2026-08-27 09:00:00,185
1226570|38|903,903,1226570,38,2026-05-03,1,-1,12,14,5,932.3211,932.3211,-18.2162,0.0840,-1.953857,66.5944,77.6934,1.1667,0,1,66,1846410,A168_HF9F_20260827_0900,2026-08-27 09:00:00,185
1226570|39|903,903,1226570,39,2026-05-03,1,-1,9,9,2,939.8391,939.8391,701.9622,0.0840,74.689614,104.4266,104.4266,1.0000,0,1,36,1846411,A168_HF9F_20260827_0900,2026-08-27 09:00:00,185
1226570|4|903,903,1226570,4,2026-05-03,1,-1,7,13,8,840.8295,840.8295,-138.7537,2.1680,-16.501998,64.6792,120.1185,1.8571,0,1,21,1846412,A168_HF9F_20260827_0900,2026-08-27 09:00:00,185
1226570|40|903,903,1226570,40,2026-05-03,1,-1,17,21,5,2193.5479,2187.2461,-532.2276,0.0000,-24.333227,104.4547,129.0322,1.2353,1,1,136,1846413,A168_HF9F_20260827_0900,2026-08-27 09:00:00,185
1226570|41|903,903,1226570,41,2026-05-03,1,-1,18,18,2,1734.8415,1734.8415,1423.3578,0.0000,82.045411,96.3801,96.3801,1.0000,0,1,153,1846414,A168_HF9F_20260827_0900,2026-08-27 09:00:00,185
1226570|42|903,903,1226570,42,2026-05-03,1,-1,10,13,5,1384.0241,1384.0241,-907.4515,0.0000,-65.566162,106.4634,138.4024,1.3000,0,1,45,1846415,A168_HF9F_20260827_0900,2026-08-27 09:00:00,185
1226570|43|903,903,1226570,43,2026-05-03,1,-1,21,26,7,2123.4034,2123.4034,1084.8452,0.0909,51.089927,81.6694,101.1144,1.2381,0,1,210,1846416,A168_HF9F_20260827_0900,2026-08-27 09:00:00,185
1226570|44|903,903,1226570,44,2026-05-03,1,-1,7,14,6,7302.0448,7302.0448,-6092.9802,0.0000,-83.442109,521.5746,1043.1493,2.0000,0,1,21,1846417,A168_HF9F_20260827_0900,2026-08-27 09:00:00,185
1226570|45|903,903,1226570,45,2026-05-03,1,-1,14,18,5,2436.8087,2436.8087,1785.1112,3.5500,73.256108,135.3783,174.0578,1.2857,0,1,91,1846418,A168_HF9F_20260827_0900,2026-08-27 09:00:00,185
1226570|46|903,903,1226570,46,2026-05-03,1,-1,13,20,7,1036.8132,1034.9970,5.7705,0.7562,0.557535,51.8407,79.7549,1.5385,0,1,78,1846419,A168_HF9F_20260827_0900,2026-08-27 09:00:00,185
1226570|47|903,903,1226570,47,2026-05-03,1,-1,10,19,6,1376.8304,1376.8304,699.8675,0.1891,50.831786,72.4648,137.6830,1.9000,0,1,45,1846420,A168_HF9F_20260827_0900,2026-08-27 09:00:00,185
1226570|48|903,903,1226570,48,2026-05-03,1,-1,4,4,2,774.7596,774.7596,564.6976,0.0000,72.886819,193.6899,193.6899,1.0000,0,1,6,1846421,A168_HF9F_20260827_0900,2026-08-27 09:00:00,185
1226570|49|903,903,1226570,49,2026-05-03,1,-1,5,5,2,694.0333,694.0333,406.7378,0.0000,58.604941,138.8067,138.8067,1.0000,0,1,10,1846422,A168_HF9F_20260827_0900,2026-08-27 09:00:00,185
1226570|5|903,903,1226570,5,2026-05-03,1,-1,8,12,2,428.2042,428.2042,428.2042,0.2185,100.000000,35.6837,53.5255,1.5000,0,1,28,1846423,A168_HF9F_20260827_0900,2026-08-27 09:00:00,185
1226570|50|903,903,1226570,50,2026-05-03,1,-1,5,5,2,978.9974,978.9974,-576.6769,0.0000,-58.904845,195.7995,195.7995,1.0000,0,1,10,1846424,A168_HF9F_20260827_0900,2026-08-27 09:00:00,185
1226570|51|903,903,1226570,51,2026-05-03,1,-1,5,5,2,755.7861,0.0000,0.0000,0.0000,,151.1572,151.1572,1.0000,5,1,10,1846425,A168_HF9F_20260827_0900,2026-08-27 09:00:00,185
1226570|52|903,903,1226570,52,2026-05-03,1,-1,7,7,2,1003.0376,1003.0376,-238.0376,0.0000,-23.731668,143.2911,143.2911,1.0000,0,1,21,1846426,A168_HF9F_20260827_0900,2026-08-27 09:00:00,185
1226570|53|903,903,1226570,53,2026-05-03,1,-1,13,15,3,1119.7711,831.7736,732.9884,0.2521,88.123543,74.6514,86.1362,1.1538,1,1,78,1846427,A168_HF9F_20260827_0900,2026-08-27 09:00:00,185
1226570|6|903,903,1226570,6,2026-05-03,1,-1,5,5,3,624.5500,624.5500,448.0980,0.0336,71.747331,124.9100,124.9100,1.0000,0,1,10,1846428,A168_HF9F_20260827_0900,2026-08-27 09:00:00,185
1226570|7|903,903,1226570,7,2026-05-03,1,-1,7,10,5,821.1691,821.1691,631.5583,0.0000,76.909652,82.1169,117.3099,1.4286,0,1,21,1846429,A168_HF9F_20260827_0900,2026-08-27 09:00:00,185
1226570|8|903,903,1226570,8,2026-05-03,1,-1,10,17,8,928.1472,928.1472,-43.6407,0.0000,-4.701912,54.5969,92.8147,1.7000,0,1,45,1846430,A168_HF9F_20260827_0900,2026-08-27 09:00:00,185
1226570|9|903,903,1226570,9,2026-05-03,1,-1,13,23,8,1323.9097,1323.9097,-513.2439,2.4580,-38.767293,57.5613,101.8392,1.7692,0,1,78,1846431,A168_HF9F_20260827_0900,2026-08-27 09:00:00,185
1226611|1|903,903,1226611,1,2026-05-03,1,-1,2,2,1,35.5674,35.5674,35.5674,0.0000,100.000000,17.7837,17.7837,1.0000,0,1,1,1846432,A168_HF9F_20260827_0900,2026-08-27 09:00:00,185
1226611|10|903,903,1226611,10,2026-05-03,1,-1,5,8,6,799.5589,799.5589,-370.4411,0.0000,-46.330689,99.9449,159.9118,1.6000,0,1,10,1846433,A168_HF9F_20260827_0900,2026-08-27 09:00:00,185
1226611|11|903,903,1226611,11,2026-05-03,1,-1,4,4,2,583.1845,583.1845,-566.3796,0.0000,-97.118415,145.7961,145.7961,1.0000,0,1,6,1846434,A168_HF9F_20260827_0900,2026-08-27 09:00:00,185
1226611|12|903,903,1226611,12,2026-05-03,1,-1,3,3,2,660.8181,660.8181,644.6280,0.0000,97.549987,220.2727,220.2727,1.0000,0,1,3,1846435,A168_HF9F_20260827_0900,2026-08-27 09:00:00,185
1226611|13|903,903,1226611,13,2026-05-03,1,-1,3,3,2,760.7079,760.7079,-744.3231,0.0000,-97.846107,253.5693,253.5693,1.0000,0,1,3,1846436,A168_HF9F_20260827_0900,2026-08-27 09:00:00,185
1226611|14|903,903,1226611,14,2026-05-03,1,-1,6,7,3,762.1077,762.1077,419.5123,0.0000,55.046327,108.8725,127.0180,1.1667,0,1,15,1846437,A168_HF9F_20260827_0900,2026-08-27 09:00:00,185
1226611|15|903,903,1226611,15,2026-05-03,1,-1,5,5,1,902.0286,902.0286,902.0286,0.0000,100.000000,180.4057,180.4057,1.0000,0,1,10,1846438,A168_HF9F_20260827_0900,2026-08-27 09:00:00,185
1226611|16|903,903,1226611,16,2026-05-03,1,-1,6,6,2,1173.0964,1173.0964,-1069.3135,0.0000,-91.153081,195.5161,195.5161,1.0000,0,1,15,1846439,A168_HF9F_20260827_0900,2026-08-27 09:00:00,185
1226611|17|903,903,1226611,17,2026-05-03,1,-1,5,5,2,741.3966,741.3966,-317.0838,0.0000,-42.768442,148.2793,148.2793,1.0000,0,1,10,1846440,A168_HF9F_20260827_0900,2026-08-27 09:00:00,185
1226611|18|903,903,1226611,18,2026-05-03,1,-1,9,11,5,1551.7350,1551.7350,1482.0995,0.0000,95.512408,141.0668,172.4150,1.2222,0,1,36,1846441,A168_HF9F_20260827_0900,2026-08-27 09:00:00,185
1226611|19|903,903,1226611,19,2026-05-03,1,-1,5,5,2,873.2387,0.0000,0.0000,0.0000,,174.6477,174.6477,1.0000,5,1,10,1846442,A168_HF9F_20260827_0900,2026-08-27 09:00:00,185
1226611|2|903,903,1226611,2,2026-05-03,1,-1,5,5,3,847.9115,847.9115,194.4818,0.5237,22.936569,169.5823,169.5823,1.0000,0,1,10,1846443,A168_HF9F_20260827_0900,2026-08-27 09:00:00,185
1226611|20|903,903,1226611,20,2026-05-03,1,-1,6,10,6,838.2789,838.2789,464.8179,0.0000,55.449073,83.8279,139.7131,1.6667,0,1,15,1846444,A168_HF9F_20260827_0900,2026-08-27 09:00:00,185
1226611|21|903,903,1226611,21,2026-05-03,1,-1,7,7,2,690.4719,690.4719,501.3615,0.0000,72.611435,98.6388,98.6388,1.0000,0,1,21,1846445,A168_HF9F_20260827_0900,2026-08-27 09:00:00,185
1226611|22|903,903,1226611,22,2026-05-03,1,-1,13,19,8,712.4496,712.4496,72.5047,0.0000,10.176818,37.4973,54.8038,1.4615,0,1,78,1846446,A168_HF9F_20260827_0900,2026-08-27 09:00:00,185
1226611|23|903,903,1226611,23,2026-05-03,1,-1,9,10,4,569.5282,569.5282,-101.7526,0.0000,-17.866116,56.9528,63.2809,1.1111,0,1,36,1846447,A168_HF9F_20260827_0900,2026-08-27 09:00:00,185
1226611|24|903,903,1226611,24,2026-05-03,1,-1,8,8,3,681.3724,681.3724,-399.9699,0.0000,-58.700636,85.1716,85.1716,1.0000,0,1,28,1846448,A168_HF9F_20260827_0900,2026-08-27 09:00:00,185
1226611|25|903,903,1226611,25,2026-05-03,1,-1,2,4,4,135.6666,135.6666,12.7804,0.5041,9.420416,33.9167,67.8333,2.0000,0,1,1,1846449,A168_HF9F_20260827_0900,2026-08-27 09:00:00,185
1226611|26|903,903,1226611,26,2026-05-03,1,-1,2,2,2,30.4310,30.4310,4.4852,0.0000,14.739067,15.2155,15.2155,1.0000,0,1,1,1846450,A168_HF9F_20260827_0900,2026-08-27 09:00:00,185
1226611|27|903,903,1226611,27,2026-05-03,1,-1,14,14,2,679.8639,679.8639,-173.1839,0.0840,-25.473320,48.5617,48.5617,1.0000,0,1,91,1846451,A168_HF9F_20260827_0900,2026-08-27 09:00:00,185
1226611|28|903,903,1226611,28,2026-05-03,1,-1,4,4,1,509.2367,509.2367,-509.2367,0.0000,-100.000000,127.3092,127.3092,1.0000,0,1,6,1846452,A168_HF9F_20260827_0900,2026-08-27 09:00:00,185
1226611|29|903,903,1226611,29,2026-05-03,1,-1,6,6,2,203.7495,203.7495,-6.3124,0.0000,-3.098135,33.9583,33.9583,1.0000,0,1,15,1846453,A168_HF9F_20260827_0900,2026-08-27 09:00:00,185
1226611|3|903,903,1226611,3,2026-05-03,1,-1,2,2,2,79.3056,79.3056,-47.4365,0.5099,-59.814840,39.6528,39.6528,1.0000,0,1,1,1846454,A168_HF9F_20260827_0900,2026-08-27 09:00:00,185
1226611|30|903,903,1226611,30,2026-05-03,1,-1,15,18,5,2422.2594,2422.2594,-2177.6254,0.2481,-89.900585,134.5700,161.4840,1.2000,0,1,105,1846455,A168_HF9F_20260827_0900,2026-08-27 09:00:00,185
1226611|31|903,903,1226611,31,2026-05-03,1,-1,38,48,7,1814.6171,1814.6171,-303.5255,0.0000,-16.726696,37.8045,47.7531,1.2632,0,1,703,1846456,A168_HF9F_20260827_0900,2026-08-27 09:00:00,185
1226611|32|903,903,1226611,32,2026-05-03,1,-1,34,38,6,3571.7611,37.1577,27.1232,0.0000,72.994948,93.9937,105.0518,1.1176,33,1,561,1846457,A168_HF9F_20260827_0900,2026-08-27 09:00:00,185
1226611|33|903,903,1226611,33,2026-05-03,1,-1,33,35,4,1051.5830,1051.5830,-298.5188,0.0756,-28.387568,30.0452,31.8662,1.0606,0,1,528,1846458,A168_HF9F_20260827_0900,2026-08-27 09:00:00,185
1226611|34|903,903,1226611,34,2026-05-03,1,-1,50,62,8,2889.1101,2889.1101,-398.2140,0.0000,-13.783276,46.5985,57.7822,1.2400,0,1,1225,1846459,A168_HF9F_20260827_0900,2026-08-27 09:00:00,185
1226611|35|903,903,1226611,35,2026-05-03,1,-1,17,28,8,859.2644,82.8290,-288.7381,0.0000,-348.595508,30.6880,50.5450,1.6471,18,1,136,1846460,A168_HF9F_20260827_0900,2026-08-27 09:00:00,185
1226611|36|903,903,1226611,36,2026-05-03,1,-1,13,31,8,741.1596,657.1348,120.1250,0.0000,18.280114,23.9084,57.0123,2.3846,1,1,78,1846461,A168_HF9F_20260827_0900,2026-08-27 09:00:00,185
1226611|37|903,903,1226611,37,2026-05-03,1,-1,9,17,8,517.0755,433.0507,-37.7756,0.0000,-8.723145,30.4162,57.4528,1.8889,1,1,36,1846462,A168_HF9F_20260827_0900,2026-08-27 09:00:00,185
1226611|38|903,903,1226611,38,2026-05-03,1,-1,9,14,5,677.0790,34.1039,34.1039,0.0000,100.000000,48.3628,75.2310,1.5556,10,1,36,1846463,A168_HF9F_20260827_0900,2026-08-27 09:00:00,185
1226611|39|903,903,1226611,39,2026-05-03,1,-1,6,12,7,997.8378,997.8378,890.7062,0.0000,89.263625,83.1531,166.3063,2.0000,0,1,15,1846464,A168_HF9F_20260827_0900,2026-08-27 09:00:00,185
1226611|4|903,903,1226611,4,2026-05-03,1,-1,5,5,2,1000.3697,1000.3697,-148.4783,0.0000,-14.842338,200.0739,200.0739,1.0000,0,1,10,1846465,A168_HF9F_20260827_0900,2026-08-27 09:00:00,185
1226611|40|903,903,1226611,40,2026-05-03,1,-1,3,9,7,180.6533,180.6533,-134.4397,0.0000,-74.418605,20.0726,60.2178,3.0000,0,1,3,1846466,A168_HF9F_20260827_0900,2026-08-27 09:00:00,185
1226611|41|903,903,1226611,41,2026-05-03,1,-1,5,5,2,94.0548,94.0548,-62.9200,0.0000,-66.897114,18.8110,18.8110,1.0000,0,1,10,1846467,A168_HF9F_20260827_0900,2026-08-27 09:00:00,185
1226611|42|903,903,1226611,42,2026-05-03,1,-1,12,14,3,284.3867,284.3867,10.8211,0.0000,3.805059,20.3133,23.6989,1.1667,0,1,66,1846468,A168_HF9F_20260827_0900,2026-08-27 09:00:00,185
1226611|43|903,903,1226611,43,2026-05-03,1,-1,6,8,3,182.1485,182.1485,-86.0148,0.0000,-47.222339,22.7686,30.3581,1.3333,0,1,15,1846469,A168_HF9F_20260827_0900,2026-08-27 09:00:00,185
1226611|44|903,903,1226611,44,2026-05-03,1,-1,21,23,3,1906.2465,1885.2403,-1476.3349,0.0000,-78.310174,82.8803,90.7736,1.0952,1,1,210,1846470,A168_HF9F_20260827_0900,2026-08-27 09:00:00,185
1226611|45|903,903,1226611,45,2026-05-03,1,-1,25,28,3,1490.5794,1490.5794,-1101.8778,0.0504,-73.922784,53.2350,59.6232,1.1200,0,1,300,1846471,A168_HF9F_20260827_0900,2026-08-27 09:00:00,185
1226611|46|903,903,1226611,46,2026-05-03,1,-1,23,26,3,1258.2920,1258.2920,-608.9425,0.0336,-48.394371,48.3958,54.7083,1.1304,0,1,253,1846472,A168_HF9F_20260827_0900,2026-08-27 09:00:00,185
1226611|47|903,903,1226611,47,2026-05-03,1,-1,26,40,8,1300.3249,1300.3249,654.3318,0.0000,50.320640,32.5081,50.0125,1.5385,0,1,325,1846473,A168_HF9F_20260827_0900,2026-08-27 09:00:00,185
1226611|48|903,903,1226611,48,2026-05-03,1,-1,14,26,8,1237.7601,1237.7601,689.0451,0.0000,55.668709,47.6062,88.4114,1.8571,0,1,91,1846474,A168_HF9F_20260827_0900,2026-08-27 09:00:00,185
1226611|49|903,903,1226611,49,2026-05-03,1,-1,8,13,6,380.9664,380.9664,-67.1091,0.1445,-17.615501,29.3051,47.6208,1.6250,0,1,28,1846475,A168_HF9F_20260827_0900,2026-08-27 09:00:00,185
1226611|5|903,903,1226611,5,2026-05-03,1,-1,5,5,2,1422.7257,1422.7257,294.1380,0.5041,20.674256,284.5451,284.5451,1.0000,0,1,10,1846476,A168_HF9F_20260827_0900,2026-08-27 09:00:00,185
1226611|50|903,903,1226611,50,2026-05-03,1,-1,8,12,6,386.4908,386.4908,356.3438,0.0000,92.199824,32.2076,48.3113,1.5000,0,1,28,1846477,A168_HF9F_20260827_0900,2026-08-27 09:00:00,185
1226611|51|903,903,1226611,51,2026-05-03,1,-1,7,10,4,232.7003,232.7003,9.2790,0.4201,3.987526,23.2700,33.2429,1.4286,0,1,21,1846478,A168_HF9F_20260827_0900,2026-08-27 09:00:00,185
1226611|6|903,903,1226611,6,2026-05-03,1,-1,5,5,1,745.7144,745.7144,745.7144,0.0000,100.000000,149.1429,149.1429,1.0000,0,1,10,1846479,A168_HF9F_20260827_0900,2026-08-27 09:00:00,185
1226611|7|903,903,1226611,7,2026-05-03,1,-1,7,9,4,850.4142,850.4142,799.8200,0.0000,94.050645,94.4905,121.4877,1.2857,0,1,21,1846480,A168_HF9F_20260827_0900,2026-08-27 09:00:00,185
1226611|8|903,903,1226611,8,2026-05-03,1,-1,3,3,2,536.4488,536.4488,-489.1453,0.0000,-91.182107,178.8163,178.8163,1.0000,0,1,3,1846481,A168_HF9F_20260827_0900,2026-08-27 09:00:00,185
1226611|9|903,903,1226611,9,2026-05-03,1,-1,1,1,1,600.0000,0.0000,0.0000,0.0000,,600.0000,600.0000,1.0000,1,0,0,1846482,A168_HF9F_20260827_0900,2026-08-27 09:00:00,185
1226651|1|903,903,1226651,1,2026-05-03,1,-1,3,3,2,60.1454,60.1454,34.8484,0.2736,57.940161,20.0485,20.0485,1.0000,0,1,3,1846483,A168_HF9F_20260827_0900,2026-08-27 09:00:00,185
1226651|10|903,903,1226651,10,2026-05-03,1,-1,8,8,2,587.0071,587.0071,574.4034,0.0000,97.852885,73.3759,73.3759,1.0000,0,1,28,1846484,A168_HF9F_20260827_0900,2026-08-27 09:00:00,185
1226651|11|903,903,1226651,11,2026-05-03,1,-1,7,7,2,228.9236,228.9236,90.8276,0.3361,39.675947,32.7034,32.7034,1.0000,0,1,21,1846485,A168_HF9F_20260827_0900,2026-08-27 09:00:00,185
1226651|12|903,903,1226651,12,2026-05-03,1,-1,12,12,2,310.9140,310.9140,-26.9492,0.1680,-8.667738,25.9095,25.9095,1.0000,0,1,66,1846486,A168_HF9F_20260827_0900,2026-08-27 09:00:00,185
1226651|13|903,903,1226651,13,2026-05-03,1,-1,8,11,4,1174.1740,1165.7715,-847.7413,0.1680,-72.719339,106.7431,146.7717,1.3750,1,1,28,1846487,A168_HF9F_20260827_0900,2026-08-27 09:00:00,185
1226651|14|903,903,1226651,14,2026-05-03,1,-1,8,12,5,325.6183,325.6183,-46.6735,0.1596,-14.333809,27.1349,40.7023,1.5000,0,1,28,1846488,A168_HF9F_20260827_0900,2026-08-27 09:00:00,185
1226651|15|903,903,1226651,15,2026-05-03,1,-1,17,18,3,922.8983,922.8983,3.0815,0.1935,0.333892,51.2721,54.2881,1.0588,0,1,136,1846489,A168_HF9F_20260827_0900,2026-08-27 09:00:00,185
1226651|16|903,903,1226651,16,2026-05-03,1,-1,9,11,4,664.7670,664.7670,-81.6384,0.1647,-12.280752,60.4334,73.8630,1.2222,0,1,36,1846490,A168_HF9F_20260827_0900,2026-08-27 09:00:00,185
1226651|17|903,903,1226651,17,2026-05-03,1,-1,19,20,3,2108.8146,2108.8146,545.3946,4.9785,25.862616,105.4407,110.9902,1.0526,0,1,171,1846491,A168_HF9F_20260827_0900,2026-08-27 09:00:00,185
1226651|18|903,903,1226651,18,2026-05-03,1,-1,11,13,3,2253.9020,2253.9020,-2190.0256,0.0000,-97.165964,173.3771,204.9002,1.1818,0,1,55,1846492,A168_HF9F_20260827_0900,2026-08-27 09:00:00,185
1226651|19|903,903,1226651,19,2026-05-03,1,-1,11,13,4,2430.7156,2430.7156,-1318.0549,0.0000,-54.224975,186.9781,220.9741,1.1818,0,1,55,1846493,A168_HF9F_20260827_0900,2026-08-27 09:00:00,185
1226651|2|903,903,1226651,2,2026-05-03,1,-1,5,5,2,80.4317,80.4317,49.2969,0.0000,61.290323,16.0863,16.0863,1.0000,0,1,10,1846494,A168_HF9F_20260827_0900,2026-08-27 09:00:00,185
1226651|20|903,903,1226651,20,2026-05-03,1,-1,11,15,5,3329.0046,3329.0046,2583.1860,0.0000,77.596349,221.9336,302.6368,1.3636,0,1,55,1846495,A168_HF9F_20260827_0900,2026-08-27 09:00:00,185
1226651|21|903,903,1226651,21,2026-05-03,1,-1,16,25,7,1075.0798,1066.6773,-314.1916,0.0000,-29.455165,43.0032,67.1925,1.5625,1,1,120,1846496,A168_HF9F_20260827_0900,2026-08-27 09:00:00,185
1226651|22|903,903,1226651,22,2026-05-03,1,-1,8,10,3,967.1230,962.9218,956.4729,0.0000,99.330278,96.7123,120.8904,1.2500,1,1,28,1846497,A168_HF9F_20260827_0900,2026-08-27 09:00:00,185
1226651|23|903,903,1226651,23,2026-05-03,1,-1,6,8,3,1162.4256,1158.2243,-935.9788,0.0000,-80.811527,145.3032,193.7376,1.3333,1,1,15,1846498,A168_HF9F_20260827_0900,2026-08-27 09:00:00,185
1226651|24|903,903,1226651,24,2026-05-03,1,-1,8,8,2,240.9510,240.9510,22.4865,0.2736,9.332400,30.1189,30.1189,1.0000,0,1,28,1846499,A168_HF9F_20260827_0900,2026-08-27 09:00:00,185
1226651|25|903,903,1226651,25,2026-05-03,1,-1,6,7,3,355.9255,355.9255,-372.2998,0.5472,-104.600465,50.8465,59.3209,1.1667,0,1,15,1846500,A168_HF9F_20260827_0900,2026-08-27 09:00:00,185
1226651|26|903,903,1226651,26,2026-05-03,1,-1,5,6,4,1278.0131,1278.0131,1224.6615,0.2189,95.825428,213.0022,255.6026,1.2000,0,1,10,1846501,A168_HF9F_20260827_0900,2026-08-27 09:00:00,185
1226651|27|903,903,1226651,27,2026-05-03,1,-1,6,7,3,503.6364,503.6364,-335.8536,0.2736,-66.685716,71.9481,83.9394,1.1667,0,1,15,1846502,A168_HF9F_20260827_0900,2026-08-27 09:00:00,185
1226651|28|903,903,1226651,28,2026-05-03,1,-1,6,7,3,273.2740,6.8399,-54.7196,0.0547,-800.000000,39.0391,45.5457,1.1667,6,1,15,1846503,A168_HF9F_20260827_0900,2026-08-27 09:00:00,185
1226651|29|903,903,1226651,29,2026-05-03,1,-1,10,10,3,596.0524,596.0524,145.2177,0.2736,24.363248,59.6052,59.6052,1.0000,0,1,45,1846504,A168_HF9F_20260827_0900,2026-08-27 09:00:00,185
1226651|3|903,903,1226651,3,2026-05-03,1,-1,4,4,2,84.6330,84.6330,-27.5524,0.0000,-32.555146,21.1582,21.1582,1.0000,0,1,6,1846505,A168_HF9F_20260827_0900,2026-08-27 09:00:00,185
1226651|30|903,903,1226651,30,2026-05-03,1,-1,14,17,3,538.9564,538.9564,206.9617,0.8833,38.400455,31.7033,38.4969,1.2143,0,1,91,1846506,A168_HF9F_20260827_0900,2026-08-27 09:00:00,185
1226651|31|903,903,1226651,31,2026-05-03,1,-1,5,5,2,98.5118,98.5118,-41.3010,0.2736,-41.924961,19.7024,19.7024,1.0000,0,1,10,1846507,A168_HF9F_20260827_0900,2026-08-27 09:00:00,185
1226651|32|903,903,1226651,32,2026-05-03,1,-1,4,6,4,262.7460,262.7460,244.4999,0.2736,93.055618,43.7910,65.6865,1.5000,0,1,6,1846508,A168_HF9F_20260827_0900,2026-08-27 09:00:00,185
1226651|33|903,903,1226651,33,2026-05-03,1,-1,8,10,4,679.8148,679.8148,-481.5095,0.5472,-70.829522,67.9815,84.9768,1.2500,0,1,28,1846509,A168_HF9F_20260827_0900,2026-08-27 09:00:00,185
1226651|34|903,903,1226651,34,2026-05-03,1,-1,12,18,5,2105.3330,2100.1439,140.9428,0.0840,6.711103,116.9629,175.4444,1.5000,1,1,66,1846510,A168_HF9F_20260827_0900,2026-08-27 09:00:00,185
1226651|35|903,903,1226651,35,2026-05-03,1,-1,23,38,8,2879.5139,2849.3669,-1994.2375,0.3361,-69.988791,75.7767,125.1963,1.6522,3,1,253,1846511,A168_HF9F_20260827_0900,2026-08-27 09:00:00,185
1226651|36|903,903,1226651,36,2026-05-03,1,-1,26,35,8,2211.6469,2206.4578,41.9693,0.4416,1.902113,63.1899,85.0633,1.3462,1,1,325,1846512,A168_HF9F_20260827_0900,2026-08-27 09:00:00,185
1226651|37|903,903,1226651,37,2026-05-03,1,-1,13,21,8,2083.2347,61.5413,19.2846,0.0672,31.335965,99.2017,160.2488,1.6154,14,1,78,1846513,A168_HF9F_20260827_0900,2026-08-27 09:00:00,185
1226651|38|903,903,1226651,38,2026-05-03,1,-1,7,12,5,65.6821,60.4930,4.4836,0.0000,7.411799,5.4735,9.3832,1.7143,1,1,21,1846514,A168_HF9F_20260827_0900,2026-08-27 09:00:00,185
1226651|39|903,903,1226651,39,2026-05-03,1,-1,8,12,4,308.3496,294.7579,32.0081,0.5472,10.859118,25.6958,38.5437,1.5000,2,1,28,1846515,A168_HF9F_20260827_0900,2026-08-27 09:00:00,185
1226651|4|903,903,1226651,4,2026-05-03,1,-1,3,3,2,93.9038,93.9038,-38.6145,0.0000,-41.121310,31.3013,31.3013,1.0000,0,1,3,1846516,A168_HF9F_20260827_0900,2026-08-27 09:00:00,185
1226651|40|903,903,1226651,40,2026-05-03,1,-1,16,20,5,2140.6552,2136.4539,1774.1012,0.1642,83.039524,107.0328,133.7909,1.2500,1,1,120,1846517,A168_HF9F_20260827_0900,2026-08-27 09:00:00,185
1226651|41|903,903,1226651,41,2026-05-03,1,-1,23,29,5,4030.7436,4020.3653,2881.0095,0.0336,71.660390,138.9912,175.2497,1.2609,1,1,253,1846518,A168_HF9F_20260827_0900,2026-08-27 09:00:00,185
1226651|42|903,903,1226651,42,2026-05-03,1,-1,19,23,6,5548.2701,5548.2701,3761.1104,0.0672,67.788885,241.2291,292.0142,1.2105,0,1,171,1846519,A168_HF9F_20260827_0900,2026-08-27 09:00:00,185
1226651|43|903,903,1226651,43,2026-05-03,1,-1,21,34,8,10142.8684,10142.8684,-8442.5533,0.5472,-83.236348,298.3197,482.9937,1.6190,0,1,210,1846520,A168_HF9F_20260827_0900,2026-08-27 09:00:00,185
1226651|44|903,903,1226651,44,2026-05-03,1,-1,8,17,7,542.1047,542.1047,-33.3786,0.2189,-6.157226,31.8885,67.7631,2.1250,0,1,28,1846521,A168_HF9F_20260827_0900,2026-08-27 09:00:00,185
1226651|45|903,903,1226651,45,2026-05-03,1,-1,10,18,6,974.9350,974.9350,974.9350,0.2736,100.000000,54.1631,97.4935,1.8000,0,1,45,1846522,A168_HF9F_20260827_0900,2026-08-27 09:00:00,185
1226651|46|903,903,1226651,46,2026-05-03,1,-1,9,17,8,1397.7070,1397.7070,168.8524,0.5472,12.080669,82.2181,155.3008,1.8889,0,1,36,1846523,A168_HF9F_20260827_0900,2026-08-27 09:00:00,185
1226651|47|903,903,1226651,47,2026-05-03,1,-1,5,5,2,466.1054,466.1054,65.6711,0.0000,14.089330,93.2211,93.2211,1.0000,0,1,10,1846524,A168_HF9F_20260827_0900,2026-08-27 09:00:00,185
1226651|48|903,903,1226651,48,2026-05-03,1,-1,8,15,8,841.7328,841.7328,-699.7105,0.3363,-83.127386,56.1155,105.2166,1.8750,0,1,28,1846525,A168_HF9F_20260827_0900,2026-08-27 09:00:00,185
1226651|49|903,903,1226651,49,2026-05-03,1,-1,8,9,3,142.1868,142.1868,-28.3332,0.1094,-19.926773,15.7985,17.7734,1.1250,0,1,28,1846526,A168_HF9F_20260827_0900,2026-08-27 09:00:00,185
1226651|5|903,903,1226651,5,2026-05-03,1,-1,2,2,1,42.5406,42.5406,-40.4136,0.0000,-95.000000,21.2703,21.2703,1.0000,0,1,1,1846527,A168_HF9F_20260827_0900,2026-08-27 09:00:00,185
1226651|50|903,903,1226651,50,2026-05-03,1,-1,5,8,5,61.9334,61.9334,-6.0247,0.0000,-9.727722,7.7417,12.3867,1.6000,0,1,10,1846528,A168_HF9F_20260827_0900,2026-08-27 09:00:00,185
1226651|51|903,903,1226651,51,2026-05-03,1,-1,10,15,6,1113.2807,1113.2807,752.0178,0.6722,67.549703,74.2187,111.3281,1.5000,0,1,45,1846529,A168_HF9F_20260827_0900,2026-08-27 09:00:00,185
1226651|52|903,903,1226651,52,2026-05-03,1,-1,9,18,6,558.9190,558.9190,-365.0998,1.8250,-65.322480,31.0511,62.1021,2.0000,0,1,36,1846530,A168_HF9F_20260827_0900,2026-08-27 09:00:00,185
1226651|53|903,903,1226651,53,2026-05-03,1,-1,12,21,6,709.7404,699.2373,-107.6141,0.7663,-15.390213,33.7972,59.1450,1.7500,1,1,66,1846531,A168_HF9F_20260827_0900,2026-08-27 09:00:00,185
1226651|54|903,903,1226651,54,2026-05-03,1,-1,14,28,6,936.0708,915.0646,425.9117,0.8402,46.544443,33.4311,66.8622,2.0000,1,1,91,1846532,A168_HF9F_20260827_0900,2026-08-27 09:00:00,185
1226651|6|903,903,1226651,6,2026-05-03,1,-1,5,5,2,1456.7697,1456.7697,-1320.8496,0.0000,-90.669761,291.3539,291.3539,1.0000,0,1,10,1846533,A168_HF9F_20260827_0900,2026-08-27 09:00:00,185
1226651|7|903,903,1226651,7,2026-05-03,1,-1,3,3,2,38.9186,38.9186,-2.5946,0.0000,-6.666667,12.9729,12.9729,1.0000,0,1,3,1846534,A168_HF9F_20260827_0900,2026-08-27 09:00:00,185
1226651|8|903,903,1226651,8,2026-05-03,1,-1,5,7,3,643.4213,643.4213,-526.9041,0.0000,-81.890984,91.9173,128.6843,1.4000,0,1,10,1846535,A168_HF9F_20260827_0900,2026-08-27 09:00:00,185
1226651|9|903,903,1226651,9,2026-05-03,1,-1,4,5,3,213.3037,213.3037,-31.3003,0.0000,-14.674049,42.6607,53.3259,1.2500,0,1,6,1846536,A168_HF9F_20260827_0900,2026-08-27 09:00:00,185
1226690|1|903,903,1226690,1,2026-05-03,1,-1,2,2,1,67.9581,67.9581,67.9581,0.0000,100.000000,33.9791,33.9791,1.0000,0,1,1,1846537,A168_HF9F_20260827_0900,2026-08-27 09:00:00,185
1226690|10|903,903,1226690,10,2026-05-03,1,-1,4,4,2,141.2971,141.2971,-0.8533,0.0000,-0.603908,35.3243,35.3243,1.0000,0,1,6,1846538,A168_HF9F_20260827_0900,2026-08-27 09:00:00,185
1226690|11|903,903,1226690,11,2026-05-03,1,-1,19,21,3,1514.5471,1514.5471,-769.2454,0.0000,-50.790454,72.1213,79.7130,1.1053,0,1,171,1846539,A168_HF9F_20260827_0900,2026-08-27 09:00:00,185
1226690|12|903,903,1226690,12,2026-05-03,1,-1,18,21,4,1633.7628,52.7573,-60.6761,0.1008,-115.009784,77.7982,90.7646,1.1667,18,1,153,1846540,A168_HF9F_20260827_0900,2026-08-27 09:00:00,185
1226690|13|903,903,1226690,13,2026-05-03,1,-1,43,58,8,2892.0466,120.0457,66.7306,0.0000,55.587705,49.8629,67.2569,1.3488,42,1,903,1846541,A168_HF9F_20260827_0900,2026-08-27 09:00:00,185
1226690|14|903,903,1226690,14,2026-05-03,1,-1,35,48,8,2149.4714,2149.4714,-292.8326,2.0213,-13.623471,44.7807,61.4135,1.3714,0,1,595,1846542,A168_HF9F_20260827_0900,2026-08-27 09:00:00,185
1226690|15|903,903,1226690,15,2026-05-03,1,-1,36,51,8,3003.1109,3003.1109,228.2077,2.5913,7.599043,58.8845,83.4197,1.4167,0,1,630,1846543,A168_HF9F_20260827_0900,2026-08-27 09:00:00,185
1226690|16|903,903,1226690,16,2026-05-03,1,-1,39,59,10,5452.5558,5447.5143,-1325.8995,2.7123,-24.339533,92.4162,139.8091,1.5128,1,1,741,1846544,A168_HF9F_20260827_0900,2026-08-27 09:00:00,185
1226690|17|903,903,1226690,17,2026-05-03,1,-1,10,17,6,400.6585,395.4693,58.0715,0.6722,14.684195,23.5681,40.0658,1.7000,1,1,45,1846545,A168_HF9F_20260827_0900,2026-08-27 09:00:00,185
1226690|18|903,903,1226690,18,2026-05-03,1,-1,14,20,6,1036.0552,52.5941,-23.0282,0.0000,-43.784875,51.8028,74.0039,1.4286,15,1,91,1846546,A168_HF9F_20260827_0900,2026-08-27 09:00:00,185
1226690|19|903,903,1226690,19,2026-05-03,1,-1,15,24,6,1542.6937,1529.1021,913.5688,0.1094,59.745442,64.2789,102.8462,1.6000,2,1,105,1846547,A168_HF9F_20260827_0900,2026-08-27 09:00:00,185
1226690|2|903,903,1226690,2,2026-05-03,1,-1,2,2,1,134.0819,134.0819,134.0819,0.0000,100.000000,67.0409,67.0409,1.0000,0,1,1,1846548,A168_HF9F_20260827_0900,2026-08-27 09:00:00,185
1226690|20|903,903,1226690,20,2026-05-03,1,-1,7,12,5,322.5559,318.3546,57.5312,0.7562,18.071414,26.8797,46.0794,1.7143,1,1,21,1846549,A168_HF9F_20260827_0900,2026-08-27 09:00:00,185
1226690|21|903,903,1226690,21,2026-05-03,1,-1,13,19,6,1613.3869,1613.3869,-280.2573,0.8402,-17.370744,84.9151,124.1067,1.4615,0,1,78,1846550,A168_HF9F_20260827_0900,2026-08-27 09:00:00,185
1226690|22|903,903,1226690,22,2026-05-03,1,-1,21,25,5,9204.2317,9199.0426,-8574.1334,2.4367,-93.206802,368.1693,438.2967,1.1905,1,1,210,1846551,A168_HF9F_20260827_0900,2026-08-27 09:00:00,185
1226690|23|903,903,1226690,23,2026-05-03,1,-1,21,30,9,2238.2451,2233.0560,587.5578,2.4536,26.311827,74.6082,106.5831,1.4286,1,1,210,1846552,A168_HF9F_20260827_0900,2026-08-27 09:00:00,185
1226690|24|903,903,1226690,24,2026-05-03,1,-1,9,14,5,1600.6238,143.8676,-81.7563,0.1378,-56.827459,114.3303,177.8471,1.5556,9,1,36,1846553,A168_HF9F_20260827_0900,2026-08-27 09:00:00,185
1226690|25|903,903,1226690,25,2026-05-03,1,-1,8,15,6,1550.2236,1537.6199,1516.6137,0.4823,98.633850,103.3482,193.7779,1.8750,1,1,28,1846554,A168_HF9F_20260827_0900,2026-08-27 09:00:00,185
1226690|26|903,903,1226690,26,2026-05-03,1,-1,8,14,6,301.9030,293.5005,56.6371,0.5512,19.297118,21.5645,37.7379,1.7500,1,1,28,1846555,A168_HF9F_20260827_0900,2026-08-27 09:00:00,185
1226690|27|903,903,1226690,27,2026-05-03,1,-1,9,17,7,919.8820,907.2783,-139.3913,0.5512,-15.363673,54.1107,102.2091,1.8889,1,1,36,1846556,A168_HF9F_20260827_0900,2026-08-27 09:00:00,185
1226690|28|903,903,1226690,28,2026-05-03,1,-1,22,29,6,2123.8814,2111.2777,1186.1093,2.5141,56.179694,73.2373,96.5401,1.3182,1,1,231,1846557,A168_HF9F_20260827_0900,2026-08-27 09:00:00,185
1226690|29|903,903,1226690,29,2026-05-03,1,-1,10,12,4,491.1814,491.1814,-376.3301,1.0252,-76.617328,40.9318,49.1181,1.2000,0,1,45,1846558,A168_HF9F_20260827_0900,2026-08-27 09:00:00,185
1226690|3|903,903,1226690,3,2026-05-03,1,-1,4,4,2,159.6585,159.6585,-141.5567,0.0000,-88.662202,39.9146,39.9146,1.0000,0,1,6,1846559,A168_HF9F_20260827_0900,2026-08-27 09:00:00,185
1226690|30|903,903,1226690,30,2026-05-03,1,-1,8,9,3,499.5299,499.5299,-375.3128,0.7898,-75.133206,55.5033,62.4412,1.1250,0,1,28,1846560,A168_HF9F_20260827_0900,2026-08-27 09:00:00,185
1226690|31|903,903,1226690,31,2026-05-03,1,-1,31,34,4,4246.5957,4246.5957,1882.1891,2.0670,44.322307,124.8999,136.9870,1.0968,0,1,465,1846561,A168_HF9F_20260827_0900,2026-08-27 09:00:00,185
1226690|32|903,903,1226690,32,2026-05-03,1,-1,15,23,7,1337.2988,1337.2988,954.0384,0.0000,71.340703,58.1434,89.1533,1.5333,0,1,105,1846562,A168_HF9F_20260827_0900,2026-08-27 09:00:00,185
1226690|33|903,903,1226690,33,2026-05-03,1,-1,9,13,6,455.7091,455.7091,57.4693,0.0000,12.610972,35.0545,50.6343,1.4444,0,1,36,1846563,A168_HF9F_20260827_0900,2026-08-27 09:00:00,185
1226690|34|903,903,1226690,34,2026-05-03,1,-1,10,16,6,1136.1783,1136.1783,905.3809,0.0000,79.686516,71.0111,113.6178,1.6000,0,1,45,1846564,A168_HF9F_20260827_0900,2026-08-27 09:00:00,185
1226690|35|903,903,1226690,35,2026-05-03,1,-1,5,6,3,384.2463,384.2463,-113.3605,0.0000,-29.502037,64.0410,76.8493,1.2000,0,1,10,1846565,A168_HF9F_20260827_0900,2026-08-27 09:00:00,185
1226690|36|903,903,1226690,36,2026-05-03,1,-1,5,7,4,370.5876,370.5876,-163.0218,0.0000,-43.990090,52.9411,74.1175,1.4000,0,1,10,1846566,A168_HF9F_20260827_0900,2026-08-27 09:00:00,185
1226690|37|903,903,1226690,37,2026-05-03,1,-1,6,6,2,831.2161,831.2161,387.1434,4.2012,46.575539,138.5360,138.5360,1.0000,0,1,15,1846567,A168_HF9F_20260827_0900,2026-08-27 09:00:00,185
1226690|38|903,903,1226690,38,2026-05-03,1,-1,5,5,2,1483.9045,1483.9045,1045.5820,7.5622,70.461541,296.7809,296.7809,1.0000,0,1,10,1846568,A168_HF9F_20260827_0900,2026-08-27 09:00:00,185
1226690|39|903,903,1226690,39,2026-05-03,1,-1,3,4,3,405.1691,405.1691,-284.3728,0.0000,-70.186201,101.2923,135.0564,1.3333,0,1,3,1846569,A168_HF9F_20260827_0900,2026-08-27 09:00:00,185
1226690|4|903,903,1226690,4,2026-05-03,1,-1,4,4,2,333.3738,333.3738,-48.7020,0.0000,-14.608834,83.3435,83.3435,1.0000,0,1,6,1846570,A168_HF9F_20260827_0900,2026-08-27 09:00:00,185
1226690|40|903,903,1226690,40,2026-05-03,1,-1,6,7,3,775.5193,775.5193,-411.1121,0.0000,-53.011202,110.7885,129.2532,1.1667,0,1,15,1846571,A168_HF9F_20260827_0900,2026-08-27 09:00:00,185
1226690|41|903,903,1226690,41,2026-05-03,1,-1,5,7,3,683.9337,683.9337,683.9337,0.6403,100.000000,97.7048,136.7867,1.4000,0,1,10,1846572,A168_HF9F_20260827_0900,2026-08-27 09:00:00,185
1226690|43|903,903,1226690,43,2026-05-03,1,-1,4,4,2,203.8549,203.8549,-126.9727,0.0000,-62.285815,50.9637,50.9637,1.0000,0,1,6,1846573,A168_HF9F_20260827_0900,2026-08-27 09:00:00,185
1226690|44|903,903,1226690,44,2026-05-03,1,-1,6,6,2,218.7383,218.7383,-177.2336,0.0000,-81.025386,36.4564,36.4564,1.0000,0,1,15,1846574,A168_HF9F_20260827_0900,2026-08-27 09:00:00,185
1226690|45|903,903,1226690,45,2026-05-03,1,-1,14,15,3,1242.6985,1242.6985,-316.0417,0.0185,-25.431892,82.8466,88.7642,1.0714,0,1,91,1846575,A168_HF9F_20260827_0900,2026-08-27 09:00:00,185
1226690|46|903,903,1226690,46,2026-05-03,1,-1,6,7,3,1030.2028,1030.2028,-244.5883,0.0000,-23.741758,147.1718,171.7005,1.1667,0,1,15,1846576,A168_HF9F_20260827_0900,2026-08-27 09:00:00,185
1226690|47|903,903,1226690,47,2026-05-03,1,-1,13,20,8,1589.3604,1589.3604,190.9400,0.0945,12.013638,79.4680,122.2585,1.5385,0,1,78,1846577,A168_HF9F_20260827_0900,2026-08-27 09:00:00,185
1226690|48|903,903,1226690,48,2026-05-03,1,-1,8,13,6,546.1969,546.1969,-445.2176,0.0000,-81.512300,42.0151,68.2746,1.6250,0,1,28,1846578,A168_HF9F_20260827_0900,2026-08-27 09:00:00,185
1226690|49|903,903,1226690,49,2026-05-03,1,-1,15,25,8,973.2361,973.2361,452.6751,0.0000,46.512365,38.9294,64.8824,1.6667,0,1,105,1846579,A168_HF9F_20260827_0900,2026-08-27 09:00:00,185
1226690|5|903,903,1226690,5,2026-05-03,1,-1,3,3,1,217.3270,217.3270,217.3270,0.0000,100.000000,72.4423,72.4423,1.0000,0,1,3,1846580,A168_HF9F_20260827_0900,2026-08-27 09:00:00,185
1226690|50|903,903,1226690,50,2026-05-03,1,-1,14,22,8,829.5401,829.5401,396.4719,0.2736,47.794179,37.7064,59.2529,1.5714,0,1,91,1846581,A168_HF9F_20260827_0900,2026-08-27 09:00:00,185
1226690|51|903,903,1226690,51,2026-05-03,1,-1,10,12,4,690.6037,690.6037,-39.4347,0.0000,-5.710173,57.5503,69.0604,1.2000,0,1,45,1846582,A168_HF9F_20260827_0900,2026-08-27 09:00:00,185
1226690|6|903,903,1226690,6,2026-05-03,1,-1,7,8,2,258.3590,258.3590,-245.8612,0.5472,-95.162612,32.2949,36.9084,1.1429,0,1,21,1846583,A168_HF9F_20260827_0900,2026-08-27 09:00:00,185
1226690|7|903,903,1226690,7,2026-05-03,1,-1,9,10,3,1924.1209,1924.1209,-1178.2180,1.1138,-61.234092,192.4121,213.7912,1.1111,0,1,36,1846584,A168_HF9F_20260827_0900,2026-08-27 09:00:00,185
1226690|8|903,903,1226690,8,2026-05-03,1,-1,6,7,3,295.3753,295.3753,244.7812,1.3874,82.871231,42.1965,49.2292,1.1667,0,1,15,1846585,A168_HF9F_20260827_0900,2026-08-27 09:00:00,185
1226690|9|903,903,1226690,9,2026-05-03,1,-1,2,2,1,134.0819,134.0819,-127.3778,0.0000,-95.000000,67.0409,67.0409,1.0000,0,1,1,1846586,A168_HF9F_20260827_0900,2026-08-27 09:00:00,185
1226731|10|903,903,1226731,10,2026-05-03,1,-1,1,1,1,38.9186,38.9186,38.9186,0.0000,100.000000,38.9186,38.9186,1.0000,0,0,0,1846587,A168_HF9F_20260827_0900,2026-08-27 09:00:00,185
1226731|11|903,903,1226731,11,2026-05-03,1,-1,5,5,2,498.4367,498.4367,433.6762,0.0000,87.007273,99.6873,99.6873,1.0000,0,1,10,1846588,A168_HF9F_20260827_0900,2026-08-27 09:00:00,185
1226731|12|903,903,1226731,12,2026-05-03,1,-1,6,6,2,587.8086,587.8086,385.4403,0.0000,65.572427,97.9681,97.9681,1.0000,0,1,15,1846589,A168_HF9F_20260827_0900,2026-08-27 09:00:00,185
1226731|13|903,903,1226731,13,2026-05-03,1,-1,2,2,1,17.7929,0.0000,0.0000,0.0000,,8.8964,8.8964,1.0000,2,1,1,1846590,A168_HF9F_20260827_0900,2026-08-27 09:00:00,185
1226731|14|903,903,1226731,14,2026-05-03,1,-1,4,4,2,39.5301,39.5301,-17.2313,0.0000,-43.590325,9.8825,9.8825,1.0000,0,1,6,1846591,A168_HF9F_20260827_0900,2026-08-27 09:00:00,185
1226731|15|903,903,1226731,15,2026-05-03,1,-1,4,4,1,130.7324,130.7324,-124.1958,0.6722,-95.000000,32.6831,32.6831,1.0000,0,1,6,1846592,A168_HF9F_20260827_0900,2026-08-27 09:00:00,185
1226731|16|903,903,1226731,16,2026-05-03,1,-1,4,4,2,98.1104,98.1104,65.3407,0.0000,66.599179,24.5276,24.5276,1.0000,0,1,6,1846593,A168_HF9F_20260827_0900,2026-08-27 09:00:00,185
1226731|17|903,903,1226731,17,2026-05-03,1,-1,13,14,3,532.2016,532.2016,-103.2891,0.0000,-19.407889,38.0144,40.9386,1.0769,0,1,78,1846594,A168_HF9F_20260827_0900,2026-08-27 09:00:00,185
1226731|18|903,903,1226731,18,2026-05-03,1,-1,4,4,2,62.4694,62.4694,-16.4575,0.0000,-26.344819,15.6174,15.6174,1.0000,0,1,6,1846595,A168_HF9F_20260827_0900,2026-08-27 09:00:00,185
1226731|19|903,903,1226731,19,2026-05-03,1,-1,6,12,6,440.7246,440.7246,390.1304,0.0000,88.520233,36.7270,73.4541,2.0000,0,1,15,1846596,A168_HF9F_20260827_0900,2026-08-27 09:00:00,185
1226731|2|903,903,1226731,2,2026-05-03,1,-1,1,1,1,44.1077,44.1077,44.1077,0.0000,100.000000,44.1077,44.1077,1.0000,0,0,0,1846597,A168_HF9F_20260827_0900,2026-08-27 09:00:00,185
1226731|20|903,903,1226731,20,2026-05-03,1,-1,8,8,2,448.4072,448.4072,-287.1260,0.0945,-64.032414,56.0509,56.0509,1.0000,0,1,28,1846598,A168_HF9F_20260827_0900,2026-08-27 09:00:00,185
1226731|21|903,903,1226731,21,2026-05-03,1,-1,12,13,3,1538.2213,1538.2213,-1208.8108,0.0000,-78.584970,118.3247,128.1851,1.0833,0,1,66,1846599,A168_HF9F_20260827_0900,2026-08-27 09:00:00,185
1226731|22|903,903,1226731,22,2026-05-03,1,-1,10,11,3,738.8978,738.8978,-304.6516,0.0000,-41.230546,67.1725,73.8898,1.1000,0,1,45,1846600,A168_HF9F_20260827_0900,2026-08-27 09:00:00,185
1226731|23|903,903,1226731,23,2026-05-03,1,-1,21,24,6,2815.8712,2815.8712,-1165.3105,0.0000,-41.383656,117.3280,134.0891,1.1429,0,1,210,1846601,A168_HF9F_20260827_0900,2026-08-27 09:00:00,185
1226731|24|903,903,1226731,24,2026-05-03,1,-1,18,27,8,2468.6049,2468.6049,1831.4390,0.0000,74.189231,91.4298,137.1447,1.5000,0,1,153,1846602,A168_HF9F_20260827_0900,2026-08-27 09:00:00,185
1226731|25|903,903,1226731,25,2026-05-03,1,-1,10,21,8,312.3010,312.3010,260.5291,0.0000,83.422429,14.8715,31.2301,2.1000,0,1,45,1846603,A168_HF9F_20260827_0900,2026-08-27 09:00:00,185
1226731|26|903,903,1226731,26,2026-05-03,1,-1,6,16,7,170.9350,170.9350,170.9350,0.0000,100.000000,10.6834,28.4892,2.6667,0,1,15,1846604,A168_HF9F_20260827_0900,2026-08-27 09:00:00,185
1226731|27|903,903,1226731,27,2026-05-03,1,-1,14,19,6,470.8950,12.9729,-10.3783,0.0000,-80.000000,24.7839,33.6354,1.3571,15,1,91,1846605,A168_HF9F_20260827_0900,2026-08-27 09:00:00,185
1226731|28|903,903,1226731,28,2026-05-03,1,-1,15,19,6,2174.4902,12.4789,-6.4267,0.0000,-51.500249,114.4469,144.9660,1.2667,15,1,105,1846606,A168_HF9F_20260827_0900,2026-08-27 09:00:00,185
1226731|29|903,903,1226731,29,2026-05-03,1,-1,19,20,3,1763.0344,1763.0344,75.7888,5.1087,4.298770,88.1517,92.7913,1.0526,0,1,171,1846607,A168_HF9F_20260827_0900,2026-08-27 09:00:00,185
1226731|3|903,903,1226731,3,2026-05-03,1,-1,1,1,1,25.9457,25.9457,25.9457,0.0000,100.000000,25.9457,25.9457,1.0000,0,0,0,1846608,A168_HF9F_20260827_0900,2026-08-27 09:00:00,185
1226731|30|903,903,1226731,30,2026-05-03,1,-1,8,8,2,1259.7813,1259.7813,-970.7001,8.4025,-77.053066,157.4727,157.4727,1.0000,0,1,28,1846609,A168_HF9F_20260827_0900,2026-08-27 09:00:00,185
1226731|31|903,903,1226731,31,2026-05-03,1,-1,7,8,3,1898.1819,1898.1819,961.2635,5.0415,50.641275,237.2727,271.1688,1.1429,0,1,21,1846610,A168_HF9F_20260827_0900,2026-08-27 09:00:00,185
1226731|32|903,903,1226731,32,2026-05-03,1,-1,7,7,2,556.4579,556.4579,291.0116,0.0000,52.297152,79.4940,79.4940,1.0000,0,1,21,1846611,A168_HF9F_20260827_0900,2026-08-27 09:00:00,185
1226731|33|903,903,1226731,33,2026-05-03,1,-1,9,9,2,565.7756,565.7756,-92.6346,0.0000,-16.373026,62.8640,62.8640,1.0000,0,1,36,1846612,A168_HF9F_20260827_0900,2026-08-27 09:00:00,185
1226731|34|903,903,1226731,34,2026-05-03,1,-1,15,21,6,2222.7103,2222.7103,-760.2697,5.0415,-34.204623,105.8433,148.1807,1.4000,0,1,105,1846613,A168_HF9F_20260827_0900,2026-08-27 09:00:00,185
1226731|35|903,903,1226731,35,2026-05-03,1,-1,25,38,8,2126.4818,2126.4818,-269.7322,0.0000,-12.684434,55.9600,85.0593,1.5200,0,1,300,1846614,A168_HF9F_20260827_0900,2026-08-27 09:00:00,185
1226731|36|903,903,1226731,36,2026-05-03,1,-1,12,14,4,1142.5774,1142.5774,-308.1120,0.0000,-26.966401,81.6127,95.2148,1.1667,0,1,66,1846615,A168_HF9F_20260827_0900,2026-08-27 09:00:00,185
1226731|37|903,903,1226731,37,2026-05-03,1,-1,16,19,4,5517.3124,5501.7450,-4940.8927,6.7220,-89.805919,290.3849,344.8320,1.1875,1,1,120,1846616,A168_HF9F_20260827_0900,2026-08-27 09:00:00,185
1226731|38|903,903,1226731,38,2026-05-03,1,-1,15,16,2,3456.1517,3440.5842,3164.1793,0.0000,91.966336,216.0095,230.4101,1.0667,1,1,105,1846617,A168_HF9F_20260827_0900,2026-08-27 09:00:00,185
1226731|39|903,903,1226731,39,2026-05-03,1,-1,12,16,5,6690.4276,6682.0252,3121.1713,0.0000,46.709960,418.1517,557.5356,1.3333,1,1,66,1846618,A168_HF9F_20260827_0900,2026-08-27 09:00:00,185
1226731|4|903,903,1226731,4,2026-05-03,1,-1,3,3,1,107.9342,107.9342,107.9342,0.0000,100.000000,35.9781,35.9781,1.0000,0,1,3,1846619,A168_HF9F_20260827_0900,2026-08-27 09:00:00,185
1226731|40|903,903,1226731,40,2026-05-03,1,-1,15,18,3,2086.2399,2073.6361,1671.3484,0.0168,80.599888,115.9022,139.0827,1.2000,2,1,105,1846620,A168_HF9F_20260827_0900,2026-08-27 09:00:00,185
1226731|41|903,903,1226731,41,2026-05-03,1,-1,6,12,7,568.7105,564.5093,-202.4904,0.0168,-35.870169,47.3925,94.7851,2.0000,1,1,15,1846621,A168_HF9F_20260827_0900,2026-08-27 09:00:00,185
1226731|42|903,903,1226731,42,2026-05-03,1,-1,6,7,2,765.1030,749.5356,-303.8607,0.0000,-40.539864,109.3004,127.5172,1.1667,1,1,15,1846622,A168_HF9F_20260827_0900,2026-08-27 09:00:00,185
1226731|43|903,903,1226731,43,2026-05-03,1,-1,4,6,3,693.4319,677.8645,654.7577,0.0000,96.591234,115.5720,173.3580,1.5000,1,1,6,1846623,A168_HF9F_20260827_0900,2026-08-27 09:00:00,185
1226731|44|903,903,1226731,44,2026-05-03,1,-1,2,2,1,326.9161,326.9161,326.9161,0.0000,100.000000,163.4580,163.4580,1.0000,0,1,1,1846624,A168_HF9F_20260827_0900,2026-08-27 09:00:00,185
1226731|45|903,903,1226731,45,2026-05-03,1,-1,5,5,2,569.4501,569.4501,-386.8895,0.0000,-67.940892,113.8900,113.8900,1.0000,0,1,10,1846625,A168_HF9F_20260827_0900,2026-08-27 09:00:00,185
1226731|46|903,903,1226731,46,2026-05-03,1,-1,5,5,2,704.9862,704.9862,-575.2576,0.0000,-81.598418,140.9972,140.9972,1.0000,0,1,10,1846626,A168_HF9F_20260827_0900,2026-08-27 09:00:00,185
1226731|47|903,903,1226731,47,2026-05-03,1,-1,24,31,7,2466.7522,24.0674,-75.3250,0.0336,-312.974524,79.5727,102.7813,1.2917,24,1,276,1846627,A168_HF9F_20260827_0900,2026-08-27 09:00:00,185
1226731|48|903,903,1226731,48,2026-05-03,1,-1,19,25,7,4399.5712,4370.1626,3239.7813,8.4865,74.134115,175.9828,231.5564,1.3158,1,1,171,1846628,A168_HF9F_20260827_0900,2026-08-27 09:00:00,185
1226731|49|903,903,1226731,49,2026-05-03,1,-1,11,16,6,3966.3813,12.4789,-6.4267,0.0168,-51.500249,247.8988,360.5801,1.4545,12,1,55,1846629,A168_HF9F_20260827_0900,2026-08-27 09:00:00,185
1226731|5|903,903,1226731,5,2026-05-03,1,-1,2,2,2,265.9946,0.0000,0.0000,0.0000,,132.9973,132.9973,1.0000,2,1,1,1846630,A168_HF9F_20260827_0900,2026-08-27 09:00:00,185
1226731|50|903,903,1226731,50,2026-05-03,1,-1,8,10,3,3155.0238,2955.0238,1960.1081,0.3361,66.331383,315.5024,394.3780,1.2500,1,1,28,1846631,A168_HF9F_20260827_0900,2026-08-27 09:00:00,185
1226731|51|903,903,1226731,51,2026-05-03,1,-1,6,6,2,3192.1021,3192.1021,2134.0356,0.0000,66.853613,532.0170,532.0170,1.0000,0,1,15,1846632,A168_HF9F_20260827_0900,2026-08-27 09:00:00,185
1226731|52|903,903,1226731,52,2026-05-03,1,-1,2,2,1,695.3453,695.3453,-660.5781,0.0000,-95.000000,347.6727,347.6727,1.0000,0,1,1,1846633,A168_HF9F_20260827_0900,2026-08-27 09:00:00,185
1226731|53|903,903,1226731,53,2026-05-03,1,-1,4,4,1,1574.8069,1574.8069,1574.8069,0.0000,100.000000,393.7017,393.7017,1.0000,0,1,6,1846634,A168_HF9F_20260827_0900,2026-08-27 09:00:00,185
1226731|54|903,903,1226731,54,2026-05-03,1,-1,6,13,6,12622.3720,12622.3720,12622.3720,0.0000,100.000000,970.9517,2103.7287,2.1667,0,1,15,1846635,A168_HF9F_20260827_0900,2026-08-27 09:00:00,185
1226731|55|903,903,1226731,55,2026-05-03,1,-1,6,6,2,540.8441,540.8441,267.4796,0.3363,49.455953,90.1407,90.1407,1.0000,0,1,15,1846636,A168_HF9F_20260827_0900,2026-08-27 09:00:00,185
1226731|56|903,903,1226731,56,2026-05-03,1,-1,4,4,2,255.4841,255.4841,219.7736,0.3361,86.022404,63.8710,63.8710,1.0000,0,1,6,1846637,A168_HF9F_20260827_0900,2026-08-27 09:00:00,185
1226731|6|903,903,1226731,6,2026-05-03,1,-1,2,2,1,339.7165,339.7165,-339.7165,0.2736,-100.000000,169.8582,169.8582,1.0000,0,1,1,1846638,A168_HF9F_20260827_0900,2026-08-27 09:00:00,185
1226731|7|903,903,1226731,7,2026-05-03,1,-1,2,2,1,391.6494,0.0000,0.0000,0.0000,,195.8247,195.8247,1.0000,2,1,1,1846639,A168_HF9F_20260827_0900,2026-08-27 09:00:00,185
1226731|8|903,903,1226731,8,2026-05-03,1,-1,4,4,2,970.1895,0.0000,0.0000,0.0000,,242.5474,242.5474,1.0000,4,1,6,1846640,A168_HF9F_20260827_0900,2026-08-27 09:00:00,185
1226731|9|903,903,1226731,9,2026-05-03,1,-1,2,2,2,380.3016,380.3016,212.3430,0.6891,55.835411,190.1508,190.1508,1.0000,0,1,1,1846641,A168_HF9F_20260827_0900,2026-08-27 09:00:00,185
1226771|10|903,903,1226771,10,2026-05-03,1,-1,2,2,2,78.9061,78.9061,58.9061,0.0000,74.653422,39.4531,39.4531,1.0000,0,1,1,1846642,A168_HF9F_20260827_0900,2026-08-27 09:00:00,185
1226771|11|903,903,1226771,11,2026-05-03,1,-1,12,14,4,738.7902,738.7902,-428.0808,0.0000,-57.943478,52.7707,61.5659,1.1667,0,1,66,1846643,A168_HF9F_20260827_0900,2026-08-27 09:00:00,185
1226771|12|903,903,1226771,12,2026-05-03,1,-1,16,23,6,1655.1516,21.1444,-42.2888,0.0000,-200.000000,71.9631,103.4470,1.4375,17,1,120,1846644,A168_HF9F_20260827_0900,2026-08-27 09:00:00,185
1226771|13|903,903,1226771,13,2026-05-03,1,-1,13,23,8,1097.2576,25.3774,-5.6304,0.0000,-22.186473,47.7069,84.4044,1.7692,13,1,78,1846645,A168_HF9F_20260827_0900,2026-08-27 09:00:00,185
1226771|14|903,903,1226771,14,2026-05-03,1,-1,15,22,7,1332.3711,1332.3711,82.3644,0.0945,6.181794,60.5623,88.8247,1.4667,0,1,105,1846646,A168_HF9F_20260827_0900,2026-08-27 09:00:00,185
1226771|15|903,903,1226771,15,2026-05-03,1,-1,20,26,6,1719.3612,10.9661,-20.0416,0.0000,-182.759986,66.1293,85.9681,1.3000,20,1,190,1846647,A168_HF9F_20260827_0900,2026-08-27 09:00:00,185
1226771|16|903,903,1226771,16,2026-05-03,1,-1,13,19,6,2165.6659,2165.6659,935.6119,1.0083,43.202042,113.9824,166.5897,1.4615,0,1,78,1846648,A168_HF9F_20260827_0900,2026-08-27 09:00:00,185
1226771|17|903,903,1226771,17,2026-05-03,1,-1,11,11,2,637.8083,0.0000,0.0000,0.0000,,57.9826,57.9826,1.0000,11,1,55,1846649,A168_HF9F_20260827_0900,2026-08-27 09:00:00,185
1226771|18|903,903,1226771,18,2026-05-03,1,-1,9,9,2,682.9364,682.9364,327.4800,1.0083,47.951757,75.8818,75.8818,1.0000,0,1,36,1846650,A168_HF9F_20260827_0900,2026-08-27 09:00:00,185
1226771|19|903,903,1226771,19,2026-05-03,1,-1,16,16,3,927.8798,927.8798,258.4801,0.0000,27.857073,57.9925,57.9925,1.0000,0,1,120,1846651,A168_HF9F_20260827_0900,2026-08-27 09:00:00,185
1226771|2|903,903,1226771,2,2026-05-03,1,-1,1,1,1,52.5155,52.5155,52.5155,0.0000,100.000000,52.5155,52.5155,1.0000,0,0,0,1846652,A168_HF9F_20260827_0900,2026-08-27 09:00:00,185
1226771|20|903,903,1226771,20,2026-05-03,1,-1,23,28,6,1546.8427,1546.8427,-224.0919,0.3721,-14.487049,55.2444,67.2540,1.2174,0,1,253,1846653,A168_HF9F_20260827_0900,2026-08-27 09:00:00,185
1226771|21|903,903,1226771,21,2026-05-03,1,-1,28,40,7,2065.6423,56.7566,-108.0078,0.0857,-190.299948,51.6411,73.7729,1.4286,29,1,378,1846654,A168_HF9F_20260827_0900,2026-08-27 09:00:00,185
1226771|22|903,903,1226771,22,2026-05-03,1,-1,21,23,5,2033.7420,2033.7420,-24.5921,1.3777,-1.209204,88.4236,96.8449,1.0952,0,1,210,1846655,A168_HF9F_20260827_0900,2026-08-27 09:00:00,185
1226771|23|903,903,1226771,23,2026-05-03,1,-1,21,30,8,1943.0831,1943.0831,1202.6884,0.7522,61.895878,64.7694,92.5278,1.4286,0,1,210,1846656,A168_HF9F_20260827_0900,2026-08-27 09:00:00,185
1226771|24|903,903,1226771,24,2026-05-03,1,-1,33,36,5,2959.4008,2959.4008,-232.5982,1.1192,-7.859639,82.2056,89.6788,1.0909,0,1,528,1846657,A168_HF9F_20260827_0900,2026-08-27 09:00:00,185
1226771|25|903,903,1226771,25,2026-05-03,1,-1,16,18,3,978.5586,978.5586,-798.3029,0.0000,-81.579460,54.3644,61.1599,1.1250,0,1,120,1846658,A168_HF9F_20260827_0900,2026-08-27 09:00:00,185
1226771|26|903,903,1226771,26,2026-05-03,1,-1,12,15,4,6960.5336,6950.1553,6431.5870,0.4134,92.538752,464.0356,580.0445,1.2500,1,1,66,1846659,A168_HF9F_20260827_0900,2026-08-27 09:00:00,185
1226771|27|903,903,1226771,27,2026-05-03,1,-1,15,24,7,567.9080,567.9080,532.5818,0.6722,93.779580,23.6628,37.8605,1.6000,0,1,105,1846660,A168_HF9F_20260827_0900,2026-08-27 09:00:00,185
1226771|28|903,903,1226771,28,2026-05-03,1,-1,13,14,5,415.6019,42.0124,-147.0434,0.1680,-350.000000,29.6859,31.9694,1.0769,11,1,78,1846661,A168_HF9F_20260827_0900,2026-08-27 09:00:00,185
1226771|29|903,903,1226771,29,2026-05-03,1,-1,13,15,3,412.9892,412.9892,187.2705,0.0000,45.345134,27.5326,31.7684,1.1538,0,1,78,1846662,A168_HF9F_20260827_0900,2026-08-27 09:00:00,185
1226771|3|903,903,1226771,3,2026-05-03,1,-1,4,4,2,334.4397,334.4397,-137.4845,0.0000,-41.108913,83.6099,83.6099,1.0000,0,1,6,1846663,A168_HF9F_20260827_0900,2026-08-27 09:00:00,185
1226771|30|903,903,1226771,30,2026-05-03,1,-1,10,14,6,348.1579,348.1579,110.2153,0.0000,31.656705,24.8684,34.8158,1.4000,0,1,45,1846664,A168_HF9F_20260827_0900,2026-08-27 09:00:00,185
1226771|31|903,903,1226771,31,2026-05-03,1,-1,7,12,6,368.7902,368.7902,47.1325,0.0000,12.780310,30.7325,52.6843,1.7143,0,1,21,1846665,A168_HF9F_20260827_0900,2026-08-27 09:00:00,185
1226771|32|903,903,1226771,32,2026-05-03,1,-1,15,17,5,1031.4514,1031.4514,712.2824,0.0000,69.056329,60.6736,68.7634,1.1333,0,1,105,1846666,A168_HF9F_20260827_0900,2026-08-27 09:00:00,185
1226771|33|903,903,1226771,33,2026-05-03,1,-1,12,16,7,8905.2027,8905.2027,-7671.2055,0.0000,-86.142963,556.5752,742.1002,1.3333,0,1,66,1846667,A168_HF9F_20260827_0900,2026-08-27 09:00:00,185
1226771|34|903,903,1226771,34,2026-05-03,1,-1,18,22,5,1931.7642,1931.7642,-693.4949,0.0000,-35.899561,87.8075,107.3202,1.2222,0,1,153,1846668,A168_HF9F_20260827_0900,2026-08-27 09:00:00,185
1226771|35|903,903,1226771,35,2026-05-03,1,-1,10,12,2,1682.1809,1682.1809,1682.1809,0.0000,100.000000,140.1817,168.2181,1.2000,0,1,45,1846669,A168_HF9F_20260827_0900,2026-08-27 09:00:00,185
1226771|36|903,903,1226771,36,2026-05-03,1,-1,8,10,4,422.3388,422.3388,221.6245,0.0000,52.475541,42.2339,52.7923,1.2500,0,1,28,1846670,A168_HF9F_20260827_0900,2026-08-27 09:00:00,185
1226771|37|903,903,1226771,37,2026-05-03,1,-1,7,12,7,1053.2066,1053.2066,366.9281,0.0000,34.839135,87.7672,150.4581,1.7143,0,1,21,1846671,A168_HF9F_20260827_0900,2026-08-27 09:00:00,185
1226771|38|903,903,1226771,38,2026-05-03,1,-1,10,11,3,1235.9486,1235.9486,-595.4205,0.0000,-48.175180,112.3590,123.5949,1.1000,0,1,45,1846672,A168_HF9F_20260827_0900,2026-08-27 09:00:00,185
1226771|39|903,903,1226771,39,2026-05-03,1,-1,6,6,2,934.8825,934.8825,245.8214,0.0000,26.294358,155.8138,155.8138,1.0000,0,1,15,1846673,A168_HF9F_20260827_0900,2026-08-27 09:00:00,185
1226771|4|903,903,1226771,4,2026-05-03,1,-1,2,2,2,552.5155,552.5155,447.4845,0.0000,80.990400,276.2577,276.2577,1.0000,0,1,1,1846674,A168_HF9F_20260827_0900,2026-08-27 09:00:00,185
1226771|40|903,903,1226771,40,2026-05-03,1,-1,5,5,2,252.1188,252.1188,6.3862,0.0000,2.533005,50.4238,50.4238,1.0000,0,1,10,1846675,A168_HF9F_20260827_0900,2026-08-27 09:00:00,185
1226771|41|903,903,1226771,41,2026-05-03,1,-1,5,5,2,227.4108,227.4108,207.9108,0.0000,91.425211,45.4822,45.4822,1.0000,0,1,10,1846676,A168_HF9F_20260827_0900,2026-08-27 09:00:00,185
1226771|42|903,903,1226771,42,2026-05-03,1,-1,5,5,1,200.8056,200.8056,200.8056,0.0000,100.000000,40.1611,40.1611,1.0000,0,1,10,1846677,A168_HF9F_20260827_0900,2026-08-27 09:00:00,185
1226771|43|903,903,1226771,43,2026-05-03,1,-1,8,8,2,590.8125,590.8125,540.2184,0.0000,91.436513,73.8516,73.8516,1.0000,0,1,28,1846678,A168_HF9F_20260827_0900,2026-08-27 09:00:00,185
1226771|44|903,903,1226771,44,2026-05-03,1,-1,7,10,5,803.4719,803.4719,-647.2984,0.0000,-80.562661,80.3472,114.7817,1.4286,0,1,21,1846679,A168_HF9F_20260827_0900,2026-08-27 09:00:00,185
1226771|45|903,903,1226771,45,2026-05-03,1,-1,12,15,5,1001.3764,1001.3764,-810.7351,3.6662,-80.962075,66.7584,83.4480,1.2500,0,1,66,1846680,A168_HF9F_20260827_0900,2026-08-27 09:00:00,185
1226771|46|903,903,1226771,46,2026-05-03,1,-1,7,7,2,125.9171,125.9171,-55.8833,0.1891,-44.381048,17.9882,17.9882,1.0000,0,1,21,1846681,A168_HF9F_20260827_0900,2026-08-27 09:00:00,185
1226771|47|903,903,1226771,47,2026-05-03,1,-1,9,9,2,140.3380,140.3380,-31.1058,0.0000,-22.164894,15.5931,15.5931,1.0000,0,1,36,1846682,A168_HF9F_20260827_0900,2026-08-27 09:00:00,185
1226771|48|903,903,1226771,48,2026-05-03,1,-1,17,21,6,2018.4731,2018.4731,-1072.8630,0.0907,-53.152206,96.1178,118.7337,1.2353,0,1,136,1846683,A168_HF9F_20260827_0900,2026-08-27 09:00:00,185
1226771|49|903,903,1226771,49,2026-05-03,1,-1,5,5,2,317.7865,317.7865,-223.5710,0.2736,-70.352593,63.5573,63.5573,1.0000,0,1,10,1846684,A168_HF9F_20260827_0900,2026-08-27 09:00:00,185
1226771|5|903,903,1226771,5,2026-05-03,1,-1,2,2,2,152.5155,152.5155,47.4845,0.0000,31.134219,76.2577,76.2577,1.0000,0,1,1,1846685,A168_HF9F_20260827_0900,2026-08-27 09:00:00,185
1226771|50|903,903,1226771,50,2026-05-03,1,-1,7,7,2,351.1763,351.1763,67.7175,1.0944,19.283047,50.1680,50.1680,1.0000,0,1,21,1846686,A168_HF9F_20260827_0900,2026-08-27 09:00:00,185
1226771|6|903,903,1226771,6,2026-05-03,1,-1,3,3,2,163.8483,163.8483,-63.0186,0.0000,-38.461538,54.6161,54.6161,1.0000,0,1,3,1846687,A168_HF9F_20260827_0900,2026-08-27 09:00:00,185
1226771|7|903,903,1226771,7,2026-05-03,1,-1,4,4,2,149.7923,149.7923,21.5457,0.0000,14.383703,37.4481,37.4481,1.0000,0,1,6,1846688,A168_HF9F_20260827_0900,2026-08-27 09:00:00,185
1226771|8|903,903,1226771,8,2026-05-03,1,-1,4,4,2,245.1524,245.1524,98.1091,0.0000,40.019613,61.2881,61.2881,1.0000,0,1,6,1846689,A168_HF9F_20260827_0900,2026-08-27 09:00:00,185
1226771|9|903,903,1226771,9,2026-05-03,1,-1,6,6,2,435.6519,435.6519,389.8738,0.0000,89.492043,72.6087,72.6087,1.0000,0,1,15,1846690,A168_HF9F_20260827_0900,2026-08-27 09:00:00,185
1226813|1|903,903,1226813,1,2026-05-03,1,-1,2,2,2,57.0806,57.0806,-44.1077,0.0000,-77.272727,28.5403,28.5403,1.0000,0,1,1,1846691,A168_HF9F_20260827_0900,2026-08-27 09:00:00,185
1226813|10|903,903,1226813,10,2026-05-03,1,-1,10,15,7,370.2798,370.2798,175.7761,0.0672,47.471170,24.6853,37.0280,1.5000,0,1,45,1846692,A168_HF9F_20260827_0900,2026-08-27 09:00:00,185
1226813|11|903,903,1226813,11,2026-05-03,1,-1,8,15,8,531.3246,531.3246,-164.8606,0.0000,-31.028229,35.4216,66.4156,1.8750,0,1,28,1846693,A168_HF9F_20260827_0900,2026-08-27 09:00:00,185
1226813|12|903,903,1226813,12,2026-05-03,1,-1,11,14,6,682.9876,682.9876,66.3508,0.0000,9.714787,48.7848,62.0898,1.2727,0,1,55,1846694,A168_HF9F_20260827_0900,2026-08-27 09:00:00,185
1226813|13|903,903,1226813,13,2026-05-03,1,-1,25,33,7,1351.8522,1351.8522,-827.6580,0.6554,-61.224004,40.9652,54.0741,1.3200,0,1,300,1846695,A168_HF9F_20260827_0900,2026-08-27 09:00:00,185
1226813|14|903,903,1226813,14,2026-05-03,1,-1,10,18,7,236.0924,236.0924,192.9227,0.0000,81.714895,13.1162,23.6092,1.8000,0,1,45,1846696,A168_HF9F_20260827_0900,2026-08-27 09:00:00,185
1226813|15|903,903,1226813,15,2026-05-03,1,-1,12,17,7,2093.1902,2093.1902,-1173.6069,0.0000,-56.067857,123.1288,174.4325,1.4167,0,1,66,1846697,A168_HF9F_20260827_0900,2026-08-27 09:00:00,185
1226813|16|903,903,1226813,16,2026-05-03,1,-1,5,7,4,304.9831,304.9831,-12.1505,0.0000,-3.984000,43.5690,60.9966,1.4000,0,1,10,1846698,A168_HF9F_20260827_0900,2026-08-27 09:00:00,185
1226813|17|903,903,1226813,17,2026-05-03,1,-1,12,14,4,347.3624,347.3624,54.7628,0.0000,15.765327,24.8116,28.9469,1.1667,0,1,66,1846699,A168_HF9F_20260827_0900,2026-08-27 09:00:00,185
1226813|18|903,903,1226813,18,2026-05-03,1,-1,8,8,2,296.5368,296.5368,37.5406,0.5882,12.659679,37.0671,37.0671,1.0000,0,1,28,1846700,A168_HF9F_20260827_0900,2026-08-27 09:00:00,185
1226813|19|903,903,1226813,19,2026-05-03,1,-1,6,8,4,273.6887,273.6887,51.0538,0.6722,18.653978,34.2111,45.6148,1.3333,0,1,15,1846701,A168_HF9F_20260827_0900,2026-08-27 09:00:00,185
1226813|2|903,903,1226813,2,2026-05-03,1,-1,2,2,2,122.8186,122.8186,24.2248,0.5882,19.724069,61.4093,61.4093,1.0000,0,1,1,1846702,A168_HF9F_20260827_0900,2026-08-27 09:00:00,185
1226813|20|903,903,1226813,20,2026-05-03,1,-1,11,14,5,293.7703,293.7703,-65.4145,0.6722,-22.267236,20.9836,26.7064,1.2727,0,1,55,1846703,A168_HF9F_20260827_0900,2026-08-27 09:00:00,185
1226813|21|903,903,1226813,21,2026-05-03,1,-1,9,10,3,263.4050,263.4050,232.0205,0.0000,88.085083,26.3405,29.2672,1.1111,0,1,36,1846704,A168_HF9F_20260827_0900,2026-08-27 09:00:00,185
1226813|22|903,903,1226813,22,2026-05-03,1,-1,5,6,3,335.3291,25.9457,25.9457,0.0000,100.000000,55.8882,67.0658,1.2000,5,1,10,1846705,A168_HF9F_20260827_0900,2026-08-27 09:00:00,185
1226813|23|903,903,1226813,23,2026-05-03,1,-1,9,10,3,716.2479,716.2479,-70.5263,0.6722,-9.846627,71.6248,79.5831,1.1111,0,1,36,1846706,A168_HF9F_20260827_0900,2026-08-27 09:00:00,185
1226813|24|903,903,1226813,24,2026-05-03,1,-1,8,8,3,11180.2318,11180.2318,-10524.8384,0.5882,-94.137927,1397.5290,1397.5290,1.0000,0,1,28,1846707,A168_HF9F_20260827_0900,2026-08-27 09:00:00,185
1226813|25|903,903,1226813,25,2026-05-03,1,-1,18,22,5,2410.2857,2410.2857,-276.1955,0.0000,-11.459034,109.5584,133.9048,1.2222,0,1,153,1846708,A168_HF9F_20260827_0900,2026-08-27 09:00:00,185
1226813|26|903,903,1226813,26,2026-05-03,1,-1,7,10,5,519.6171,519.6171,96.7170,0.0000,18.613127,51.9617,74.2310,1.4286,0,1,21,1846709,A168_HF9F_20260827_0900,2026-08-27 09:00:00,185
1226813|27|903,903,1226813,27,2026-05-03,1,-1,6,9,5,601.7440,601.7440,437.8957,0.6722,72.771089,66.8604,100.2907,1.5000,0,1,15,1846710,A168_HF9F_20260827_0900,2026-08-27 09:00:00,185
1226813|28|903,903,1226813,28,2026-05-03,1,-1,7,7,2,885.2134,885.2134,-803.9133,0.0000,-90.815761,126.4591,126.4591,1.0000,0,1,21,1846711,A168_HF9F_20260827_0900,2026-08-27 09:00:00,185
1226813|29|903,903,1226813,29,2026-05-03,1,-1,16,17,3,8772.1117,8772.1117,7678.6020,0.0000,87.534248,516.0066,548.2570,1.0625,0,1,120,1846712,A168_HF9F_20260827_0900,2026-08-27 09:00:00,185
1226813|3|903,903,1226813,3,2026-05-03,1,-1,3,3,2,90.1270,90.1270,-60.3235,0.5882,-66.931727,30.0423,30.0423,1.0000,0,1,3,1846713,A168_HF9F_20260827_0900,2026-08-27 09:00:00,185
1226813|30|903,903,1226813,30,2026-05-03,1,-1,20,23,5,2400.9387,2400.9387,1577.1436,0.6722,65.688624,104.3886,120.0469,1.1500,0,1,190,1846714,A168_HF9F_20260827_0900,2026-08-27 09:00:00,185
1226813|31|903,903,1226813,31,2026-05-03,1,-1,9,11,4,293.1612,293.1612,-31.7145,0.0000,-10.818104,26.6510,32.5735,1.2222,0,1,36,1846715,A168_HF9F_20260827_0900,2026-08-27 09:00:00,185
1226813|32|903,903,1226813,32,2026-05-03,1,-1,11,11,2,743.0733,743.0733,738.8721,0.0000,99.434613,67.5521,67.5521,1.0000,0,1,55,1846716,A168_HF9F_20260827_0900,2026-08-27 09:00:00,185
1226813|33|903,903,1226813,33,2026-05-03,1,-1,4,4,2,220.3049,220.3049,83.8894,0.0000,38.078778,55.0762,55.0762,1.0000,0,1,6,1846717,A168_HF9F_20260827_0900,2026-08-27 09:00:00,185
1226813|34|903,903,1226813,34,2026-05-03,1,-1,7,8,3,685.5213,685.5213,-375.2537,0.0000,-54.739896,85.6902,97.9316,1.1429,0,1,21,1846718,A168_HF9F_20260827_0900,2026-08-27 09:00:00,185
1226813|35|903,903,1226813,35,2026-05-03,1,-1,5,5,1,353.7566,353.7566,353.7566,0.0000,100.000000,70.7513,70.7513,1.0000,0,1,10,1846719,A168_HF9F_20260827_0900,2026-08-27 09:00:00,185
1226813|36|903,903,1226813,36,2026-05-03,1,-1,6,7,3,866.7411,866.7411,656.6791,0.0000,75.764161,123.8202,144.4568,1.1667,0,1,15,1846720,A168_HF9F_20260827_0900,2026-08-27 09:00:00,185
1226813|37|903,903,1226813,37,2026-05-03,1,-1,11,14,4,409.8631,409.8631,261.9850,0.0000,63.920132,29.2759,37.2603,1.2727,0,1,55,1846721,A168_HF9F_20260827_0900,2026-08-27 09:00:00,185
1226813|38|903,903,1226813,38,2026-05-03,1,-1,9,9,2,373.4712,373.4712,-28.3896,1.3781,-7.601552,41.4968,41.4968,1.0000,0,1,36,1846722,A168_HF9F_20260827_0900,2026-08-27 09:00:00,185
1226813|39|903,903,1226813,39,2026-05-03,1,-1,3,3,1,470.5678,0.0000,0.0000,0.0000,,156.8559,156.8559,1.0000,3,1,3,1846723,A168_HF9F_20260827_0900,2026-08-27 09:00:00,185
1226813|4|903,903,1226813,4,2026-05-03,1,-1,7,7,2,905.2455,905.2455,-683.6544,0.0000,-75.521441,129.3208,129.3208,1.0000,0,1,21,1846724,A168_HF9F_20260827_0900,2026-08-27 09:00:00,185
1226813|40|903,903,1226813,40,2026-05-03,1,-1,5,5,2,208.6996,208.6996,149.9131,0.0000,71.831971,41.7399,41.7399,1.0000,0,1,10,1846725,A168_HF9F_20260827_0900,2026-08-27 09:00:00,185
1226813|41|903,903,1226813,41,2026-05-03,1,-1,3,3,2,1440.3342,1440.3342,1389.7401,0.0000,96.487332,480.1114,480.1114,1.0000,0,1,3,1846726,A168_HF9F_20260827_0900,2026-08-27 09:00:00,185
1226813|42|903,903,1226813,42,2026-05-03,1,-1,4,4,2,159.1373,0.0000,0.0000,0.0000,,39.7843,39.7843,1.0000,4,1,6,1846727,A168_HF9F_20260827_0900,2026-08-27 09:00:00,185
1226813|43|903,903,1226813,43,2026-05-03,1,-1,6,6,2,399.7873,399.7873,-263.6645,0.0000,-65.951184,66.6312,66.6312,1.0000,0,1,15,1846728,A168_HF9F_20260827_0900,2026-08-27 09:00:00,185
1226813|44|903,903,1226813,44,2026-05-03,1,-1,5,5,2,524.8435,524.8435,239.1031,2.7562,45.557018,104.9687,104.9687,1.0000,0,1,10,1846729,A168_HF9F_20260827_0900,2026-08-27 09:00:00,185
1226813|45|903,903,1226813,45,2026-05-03,1,-1,9,13,6,447.7641,447.7641,418.3555,0.6722,93.432105,34.4434,49.7516,1.4444,0,1,36,1846730,A168_HF9F_20260827_0900,2026-08-27 09:00:00,185
1226813|46|903,903,1226813,46,2026-05-03,1,-1,4,5,3,134.7578,134.7578,-37.2829,0.6722,-27.666617,26.9516,33.6895,1.2500,0,1,6,1846731,A168_HF9F_20260827_0900,2026-08-27 09:00:00,185
1226813|47|903,903,1226813,47,2026-05-03,1,-1,3,3,2,283.6585,283.6585,-243.6585,0.0000,-85.898534,94.5528,94.5528,1.0000,0,1,3,1846732,A168_HF9F_20260827_0900,2026-08-27 09:00:00,185
1226813|48|903,903,1226813,48,2026-05-03,1,-1,9,9,2,1473.3552,1036.9026,-564.4917,0.0000,-54.440181,163.7061,163.7061,1.0000,0,1,36,1846733,A168_HF9F_20260827_0900,2026-08-27 09:00:00,185
1226813|49|903,903,1226813,49,2026-05-03,1,-1,9,9,3,1032.7011,1032.7011,1024.5087,0.0000,99.206700,114.7446,114.7446,1.0000,0,1,36,1846734,A168_HF9F_20260827_0900,2026-08-27 09:00:00,185
1226813|5|903,903,1226813,5,2026-05-03,1,-1,5,5,2,227.8495,227.8495,177.2554,0.0000,77.794927,45.5699,45.5699,1.0000,0,1,10,1846735,A168_HF9F_20260827_0900,2026-08-27 09:00:00,185
1226813|50|903,903,1226813,50,2026-05-03,1,-1,13,15,4,1903.4276,1903.4276,-1012.7053,0.0000,-53.204299,126.8952,146.4175,1.1538,0,1,78,1846736,A168_HF9F_20260827_0900,2026-08-27 09:00:00,185
1226813|51|903,903,1226813,51,2026-05-03,1,-1,11,15,5,1679.2921,1679.2921,1649.8835,0.7562,98.248746,111.9528,152.6629,1.3636,0,1,55,1846737,A168_HF9F_20260827_0900,2026-08-27 09:00:00,185
1226813|52|903,903,1226813,52,2026-05-03,1,-1,9,13,6,880.5441,880.5441,813.8734,0.0000,92.428469,67.7342,97.8382,1.4444,0,1,36,1846738,A168_HF9F_20260827_0900,2026-08-27 09:00:00,185
1226813|53|903,903,1226813,53,2026-05-03,1,-1,2,4,3,236.0077,236.0077,-199.6301,0.0000,-84.586250,59.0019,118.0038,2.0000,0,1,1,1846739,A168_HF9F_20260827_0900,2026-08-27 09:00:00,185
1226813|6|903,903,1226813,6,2026-05-03,1,-1,7,7,2,318.6242,318.6242,174.6916,0.0672,54.826863,45.5177,45.5177,1.0000,0,1,21,1846740,A168_HF9F_20260827_0900,2026-08-27 09:00:00,185
1226813|7|903,903,1226813,7,2026-05-03,1,-1,12,13,3,460.2833,460.2833,-313.2072,0.5714,-68.046617,35.4064,38.3569,1.0833,0,1,66,1846741,A168_HF9F_20260827_0900,2026-08-27 09:00:00,185
1226813|8|903,903,1226813,8,2026-05-03,1,-1,22,24,4,11630.7137,11630.7137,6129.0577,0.5378,52.697176,484.6131,528.6688,1.0909,0,1,231,1846742,A168_HF9F_20260827_0900,2026-08-27 09:00:00,185
1226813|9|903,903,1226813,9,2026-05-03,1,-1,23,29,6,1822.4483,1822.4483,191.9660,0.7025,10.533413,62.8430,79.2369,1.2609,0,1,253,1846743,A168_HF9F_20260827_0900,2026-08-27 09:00:00,185
1226849|1|903,903,1226849,1,2026-05-03,1,-1,2,2,1,57.0806,57.0806,57.0806,0.0000,100.000000,28.5403,28.5403,1.0000,0,1,1,1846744,A168_HF9F_20260827_0900,2026-08-27 09:00:00,185
1226849|10|903,903,1226849,10,2026-05-03,1,-1,4,4,2,174.7645,174.7645,148.8188,0.0000,85.153893,43.6911,43.6911,1.0000,0,1,6,1846745,A168_HF9F_20260827_0900,2026-08-27 09:00:00,185
1226849|11|903,903,1226849,11,2026-05-03,1,-1,4,4,2,428.1044,428.1044,142.7015,0.0000,33.333333,107.0261,107.0261,1.0000,0,1,6,1846746,A168_HF9F_20260827_0900,2026-08-27 09:00:00,185
1226849|12|903,903,1226849,12,2026-05-03,1,-1,11,11,2,1593.3348,0.0000,0.0000,0.0000,,144.8486,144.8486,1.0000,11,1,55,1846747,A168_HF9F_20260827_0900,2026-08-27 09:00:00,185
1226849|13|903,903,1226849,13,2026-05-03,1,-1,13,16,5,698.3601,698.3601,-245.2636,0.0672,-35.119927,43.6475,53.7200,1.2308,0,1,78,1846748,A168_HF9F_20260827_0900,2026-08-27 09:00:00,185
1226849|14|903,903,1226849,14,2026-05-03,1,-1,8,13,7,389.6851,389.6851,116.9531,0.0000,30.012201,29.9758,48.7106,1.6250,0,1,28,1846749,A168_HF9F_20260827_0900,2026-08-27 09:00:00,185
1226849|15|903,903,1226849,15,2026-05-03,1,-1,15,20,7,1723.2280,1723.2280,1702.2218,0.0672,98.780997,86.1614,114.8819,1.3333,0,1,105,1846750,A168_HF9F_20260827_0900,2026-08-27 09:00:00,185
1226849|16|903,903,1226849,16,2026-05-03,1,-1,11,11,2,1584.3826,1584.3826,1115.9471,0.0000,70.434189,144.0348,144.0348,1.0000,0,1,55,1846751,A168_HF9F_20260827_0900,2026-08-27 09:00:00,185
1226849|17|903,903,1226849,17,2026-05-03,1,-1,13,14,3,318.7901,318.7901,-8.6323,0.0000,-2.707835,22.7707,24.5223,1.0769,0,1,78,1846752,A168_HF9F_20260827_0900,2026-08-27 09:00:00,185
1226849|18|903,903,1226849,18,2026-05-03,1,-1,7,8,3,217.3674,217.3674,213.2712,0.0000,98.115537,27.1709,31.0525,1.1429,0,1,21,1846753,A168_HF9F_20260827_0900,2026-08-27 09:00:00,185
1226849|19|903,903,1226849,19,2026-05-03,1,-1,5,7,4,259.7833,259.7833,226.9097,0.1094,87.345766,37.1119,51.9567,1.4000,0,1,10,1846754,A168_HF9F_20260827_0900,2026-08-27 09:00:00,185
1226849|2|903,903,1226849,2,2026-05-03,1,-1,3,3,2,62.5194,62.5194,11.9252,0.0000,19.074405,20.8398,20.8398,1.0000,0,1,3,1846755,A168_HF9F_20260827_0900,2026-08-27 09:00:00,185
1226849|20|903,903,1226849,20,2026-05-03,1,-1,16,17,3,3626.9351,3626.9351,-2883.8779,0.0000,-79.512808,213.3491,226.6834,1.0625,0,1,120,1846756,A168_HF9F_20260827_0900,2026-08-27 09:00:00,185
1226849|21|903,903,1226849,21,2026-05-03,1,-1,22,32,8,4910.6006,4669.4292,-2826.5126,0.0000,-60.532293,153.4563,223.2091,1.4545,1,1,231,1846757,A168_HF9F_20260827_0900,2026-08-27 09:00:00,185
1226849|22|903,903,1226849,22,2026-05-03,1,-1,31,40,6,4699.5230,4694.3339,4033.8148,0.0000,85.929440,117.4881,151.5975,1.2903,1,1,465,1846758,A168_HF9F_20260827_0900,2026-08-27 09:00:00,185
1226849|23|903,903,1226849,23,2026-05-03,1,-1,3,3,2,43.6138,43.6138,-11.0766,0.0000,-25.397002,14.5379,14.5379,1.0000,0,1,3,1846759,A168_HF9F_20260827_0900,2026-08-27 09:00:00,185
1226849|24|903,903,1226849,24,2026-05-03,1,-1,11,13,5,757.1396,757.1396,302.6675,0.0000,39.975122,58.2415,68.8309,1.1818,0,1,55,1846760,A168_HF9F_20260827_0900,2026-08-27 09:00:00,185
1226849|25|903,903,1226849,25,2026-05-03,1,-1,6,7,3,127.9794,127.9794,-101.1354,0.0000,-79.024763,18.2828,21.3299,1.1667,0,1,15,1846761,A168_HF9F_20260827_0900,2026-08-27 09:00:00,185
1226849|26|903,903,1226849,26,2026-05-03,1,-1,13,15,3,23726.5447,21625.9251,21620.6659,0.0000,99.975681,1581.7696,1825.1188,1.1538,1,1,78,1846762,A168_HF9F_20260827_0900,2026-08-27 09:00:00,185
1226849|27|903,903,1226849,27,2026-05-03,1,-1,7,9,4,182.3565,182.3565,97.5515,0.0000,53.494959,20.2618,26.0509,1.2857,0,1,21,1846763,A168_HF9F_20260827_0900,2026-08-27 09:00:00,185
1226849|28|903,903,1226849,28,2026-05-03,1,-1,9,10,3,228.9145,228.9145,-0.8312,0.2736,-0.363123,22.8915,25.4349,1.1111,0,1,36,1846764,A168_HF9F_20260827_0900,2026-08-27 09:00:00,185
1226849|29|903,903,1226849,29,2026-05-03,1,-1,3,3,1,80.8274,80.8274,-80.8274,0.0000,-100.000000,26.9425,26.9425,1.0000,0,1,3,1846765,A168_HF9F_20260827_0900,2026-08-27 09:00:00,185
1226849|3|903,903,1226849,3,2026-05-03,1,-1,3,4,3,215.0015,215.0015,-142.1039,0.0000,-66.094356,53.7504,71.6672,1.3333,0,1,3,1846766,A168_HF9F_20260827_0900,2026-08-27 09:00:00,185
1226849|30|903,903,1226849,30,2026-05-03,1,-1,10,11,3,335.3398,330.1506,173.9967,0.2736,52.702227,30.4854,33.5340,1.1000,1,1,45,1846767,A168_HF9F_20260827_0900,2026-08-27 09:00:00,185
1226849|31|903,903,1226849,31,2026-05-03,1,-1,9,9,2,1553.9486,1553.9486,-1428.7211,0.1094,-91.941340,172.6610,172.6610,1.0000,0,1,36,1846768,A168_HF9F_20260827_0900,2026-08-27 09:00:00,185
1226849|32|903,903,1226849,32,2026-05-03,1,-1,14,16,3,3050.5248,3050.5248,96.9628,0.1642,3.178562,190.6578,217.8946,1.1429,0,1,91,1846769,A168_HF9F_20260827_0900,2026-08-27 09:00:00,185
1226849|33|903,903,1226849,33,2026-05-03,1,-1,11,11,2,2445.1466,2445.1466,-1972.7885,0.6722,-80.681809,222.2861,222.2861,1.0000,0,1,55,1846770,A168_HF9F_20260827_0900,2026-08-27 09:00:00,185
1226849|34|903,903,1226849,34,2026-05-03,1,-1,15,17,4,7030.9321,7030.9321,1532.2763,0.6722,21.793360,413.5842,468.7288,1.1333,0,1,105,1846771,A168_HF9F_20260827_0900,2026-08-27 09:00:00,185
1226849|35|903,903,1226849,35,2026-05-03,1,-1,14,16,4,9963.9210,9963.9210,6354.1246,0.0672,63.771327,622.7451,711.7086,1.1429,0,1,91,1846772,A168_HF9F_20260827_0900,2026-08-27 09:00:00,185
1226849|36|903,903,1226849,36,2026-05-03,1,-1,6,7,3,138.6133,138.6133,19.3261,0.0000,13.942492,19.8019,23.1022,1.1667,0,1,15,1846773,A168_HF9F_20260827_0900,2026-08-27 09:00:00,185
1226849|37|903,903,1226849,37,2026-05-03,1,-1,18,19,3,2829.1180,2829.1180,2067.9791,0.0000,73.096248,148.9009,157.1732,1.0556,0,1,153,1846774,A168_HF9F_20260827_0900,2026-08-27 09:00:00,185
1226849|38|903,903,1226849,38,2026-05-03,1,-1,20,26,8,2654.3032,2654.3032,-574.2895,0.0000,-21.636168,102.0886,132.7152,1.3000,0,1,190,1846775,A168_HF9F_20260827_0900,2026-08-27 09:00:00,185
1226849|39|903,903,1226849,39,2026-05-03,1,-1,29,42,8,5702.1981,79.5370,-86.4154,0.0000,-108.648053,135.7666,196.6275,1.4483,29,1,406,1846776,A168_HF9F_20260827_0900,2026-08-27 09:00:00,185
1226849|4|903,903,1226849,4,2026-05-03,1,-1,1,1,1,25.9457,25.9457,-24.6484,0.0000,-95.000000,25.9457,25.9457,1.0000,0,0,0,1846777,A168_HF9F_20260827_0900,2026-08-27 09:00:00,185
1226849|40|903,903,1226849,40,2026-05-03,1,-1,30,44,8,3852.7367,3852.7367,2354.8576,0.0672,61.121686,87.5622,128.4246,1.4667,0,1,435,1846778,A168_HF9F_20260827_0900,2026-08-27 09:00:00,185
1226849|41|903,903,1226849,41,2026-05-03,1,-1,16,27,8,1645.8762,1645.8762,944.3265,0.0786,57.375308,60.9584,102.8673,1.6875,0,1,120,1846779,A168_HF9F_20260827_0900,2026-08-27 09:00:00,185
1226849|42|903,903,1226849,42,2026-05-03,1,-1,11,15,6,1079.1654,1079.1654,-536.9626,0.1680,-49.757209,71.9444,98.1059,1.3636,0,1,55,1846780,A168_HF9F_20260827_0900,2026-08-27 09:00:00,185
1226849|43|903,903,1226849,43,2026-05-03,1,-1,7,10,5,2167.0952,2167.0952,976.9090,0.0000,45.079191,216.7095,309.5850,1.4286,0,1,21,1846781,A168_HF9F_20260827_0900,2026-08-27 09:00:00,185
1226849|44|903,903,1226849,44,2026-05-03,1,-1,7,11,6,1356.6427,207.5658,207.5658,0.0000,100.000000,123.3312,193.8061,1.5714,7,1,21,1846782,A168_HF9F_20260827_0900,2026-08-27 09:00:00,185
1226849|45|903,903,1226849,45,2026-05-03,1,-1,8,12,6,1174.1913,1070.4084,155.0583,0.1680,14.485901,97.8493,146.7739,1.5000,1,1,28,1846783,A168_HF9F_20260827_0900,2026-08-27 09:00:00,185
1226849|46|903,903,1226849,46,2026-05-03,1,-1,17,24,7,5129.0717,5129.0717,-1465.6952,0.0000,-28.576228,213.7113,301.7101,1.4118,0,1,136,1846784,A168_HF9F_20260827_0900,2026-08-27 09:00:00,185
1226849|47|903,903,1226849,47,2026-05-03,1,-1,32,41,6,3713.6148,3713.6148,-1613.3021,0.0672,-43.442903,90.5760,116.0505,1.2813,0,1,496,1846785,A168_HF9F_20260827_0900,2026-08-27 09:00:00,185
1226849|48|903,903,1226849,48,2026-05-03,1,-1,28,35,7,3864.3693,3864.3693,-1200.6673,0.0672,-31.070201,110.4106,138.0132,1.2500,0,1,378,1846786,A168_HF9F_20260827_0900,2026-08-27 09:00:00,185
1226849|49|903,903,1226849,49,2026-05-03,1,-1,43,55,6,6213.2102,6213.2102,4597.2235,0.2353,73.991115,112.9675,144.4933,1.2791,0,1,903,1846787,A168_HF9F_20260827_0900,2026-08-27 09:00:00,185
1226849|5|903,903,1226849,5,2026-05-03,1,-1,13,13,2,1897.8421,1897.8421,-773.0334,0.0000,-40.732230,145.9879,145.9879,1.0000,0,1,78,1846788,A168_HF9F_20260827_0900,2026-08-27 09:00:00,185
1226849|50|903,903,1226849,50,2026-05-03,1,-1,13,13,2,1025.9000,1025.9000,183.4523,0.1344,17.882080,78.9154,78.9154,1.0000,0,1,78,1846789,A168_HF9F_20260827_0900,2026-08-27 09:00:00,185
1226849|51|903,903,1226849,51,2026-05-03,1,-1,12,14,4,816.2986,816.2986,-550.4588,0.0000,-67.433505,58.3070,68.0249,1.1667,0,1,66,1846790,A168_HF9F_20260827_0900,2026-08-27 09:00:00,185
1226849|52|903,903,1226849,52,2026-05-03,1,-1,11,11,2,545.2884,545.2884,308.8306,0.0000,56.636192,49.5717,49.5717,1.0000,0,1,55,1846791,A168_HF9F_20260827_0900,2026-08-27 09:00:00,185
1226849|53|903,903,1226849,53,2026-05-03,1,-1,13,15,4,763.4506,763.4506,669.1055,0.2736,87.642269,50.8967,58.7270,1.1538,0,1,78,1846792,A168_HF9F_20260827_0900,2026-08-27 09:00:00,185
1226849|54|903,903,1226849,54,2026-05-03,1,-1,3,3,2,33.7842,33.7842,-3.7623,0.1094,-11.136134,11.2614,11.2614,1.0000,0,1,3,1846793,A168_HF9F_20260827_0900,2026-08-27 09:00:00,185
1226849|55|903,903,1226849,55,2026-05-03,1,-1,3,3,1,564.4874,564.4874,564.4874,0.2736,100.000000,188.1625,188.1625,1.0000,0,1,3,1846794,A168_HF9F_20260827_0900,2026-08-27 09:00:00,185
1226849|56|903,903,1226849,56,2026-05-03,1,-1,2,3,3,9.2427,9.2427,5.1465,0.0000,55.681818,3.0809,4.6214,1.5000,0,1,1,1846795,A168_HF9F_20260827_0900,2026-08-27 09:00:00,185
1226849|6|903,903,1226849,6,2026-05-03,1,-1,3,9,7,358.2704,200.4172,-26.4968,0.0000,-13.220822,39.8078,119.4235,3.0000,1,1,3,1846796,A168_HF9F_20260827_0900,2026-08-27 09:00:00,185
1226849|7|903,903,1226849,7,2026-05-03,1,-1,1,2,2,217.0481,0.0000,0.0000,0.0000,,108.5241,217.0481,2.0000,2,0,0,1846797,A168_HF9F_20260827_0900,2026-08-27 09:00:00,185
1226849|8|903,903,1226849,8,2026-05-03,1,-1,4,4,2,373.7068,373.7068,242.5641,0.1094,64.907606,93.4267,93.4267,1.0000,0,1,6,1846798,A168_HF9F_20260827_0900,2026-08-27 09:00:00,185
1226849|9|903,903,1226849,9,2026-05-03,1,-1,3,3,2,75.5713,75.5713,-28.2115,0.1094,-37.330996,25.1904,25.1904,1.0000,0,1,3,1846799,A168_HF9F_20260827_0900,2026-08-27 09:00:00,185
1226889|10|903,903,1226889,10,2026-05-03,1,-1,6,6,2,1633.0007,0.0000,0.0000,0.0000,,272.1668,272.1668,1.0000,6,1,15,1846800,A168_HF9F_20260827_0900,2026-08-27 09:00:00,185
1226889|11|903,903,1226889,11,2026-05-03,1,-1,7,10,5,1712.8251,1712.8251,1244.9871,0.0000,72.686179,171.2825,244.6893,1.4286,0,1,21,1846801,A168_HF9F_20260827_0900,2026-08-27 09:00:00,185
1226889|12|903,903,1226889,12,2026-05-03,1,-1,21,25,6,6236.7053,5800.2528,-4524.9360,0.0000,-78.012738,249.4682,296.9860,1.1905,0,1,210,1846802,A168_HF9F_20260827_0900,2026-08-27 09:00:00,185
1226889|13|903,903,1226889,13,2026-05-03,1,-1,22,24,4,7698.4173,7698.4173,-7499.5235,0.0000,-97.416432,320.7674,349.9281,1.0909,0,1,231,1846803,A168_HF9F_20260827_0900,2026-08-27 09:00:00,185
1226889|14|903,903,1226889,14,2026-05-03,1,-1,27,34,7,14647.5772,14082.2670,-12342.6070,0.3781,-87.646449,430.8111,542.5029,1.2593,1,1,351,1846804,A168_HF9F_20260827_0900,2026-08-27 09:00:00,185
1226889|15|903,903,1226889,15,2026-05-03,1,-1,27,34,7,7799.2982,7799.2982,5434.3301,0.0000,69.677168,229.3911,288.8629,1.2593,0,1,351,1846805,A168_HF9F_20260827_0900,2026-08-27 09:00:00,185
1226889|16|903,903,1226889,16,2026-05-03,1,-1,14,20,5,900.2656,900.2656,-316.6855,0.0945,-35.176892,45.0133,64.3047,1.4286,0,1,91,1846806,A168_HF9F_20260827_0900,2026-08-27 09:00:00,185
1226889|17|903,903,1226889,17,2026-05-03,1,-1,8,8,2,707.6573,707.6573,484.2902,0.0000,68.435694,88.4572,88.4572,1.0000,0,1,28,1846807,A168_HF9F_20260827_0900,2026-08-27 09:00:00,185
1226889|18|903,903,1226889,18,2026-05-03,1,-1,11,13,3,1075.7320,1075.7320,909.3891,0.0000,84.536763,82.7486,97.7938,1.1818,0,1,55,1846808,A168_HF9F_20260827_0900,2026-08-27 09:00:00,185
1226889|19|903,903,1226889,19,2026-05-03,1,-1,9,11,4,1112.2280,1112.2280,1078.1337,0.0000,96.934588,101.1116,123.5809,1.2222,0,1,36,1846809,A168_HF9F_20260827_0900,2026-08-27 09:00:00,185
1226889|2|903,903,1226889,2,2026-05-03,1,-1,3,5,4,152.9653,152.9653,-62.2670,0.7777,-40.706649,30.5931,50.9884,1.6667,0,1,3,1846810,A168_HF9F_20260827_0900,2026-08-27 09:00:00,185
1226889|20|903,903,1226889,20,2026-05-03,1,-1,12,17,5,21069.1812,18968.5615,-17426.4532,0.0000,-91.870188,1239.3636,1755.7651,1.4167,1,1,66,1846811,A168_HF9F_20260827_0900,2026-08-27 09:00:00,185
1226889|21|903,903,1226889,21,2026-05-03,1,-1,5,5,2,1396.0187,1396.0187,-1240.3443,0.0000,-88.848693,279.2037,279.2037,1.0000,0,1,10,1846812,A168_HF9F_20260827_0900,2026-08-27 09:00:00,185
1226889|22|903,903,1226889,22,2026-05-03,1,-1,4,7,4,2193.4947,2193.4947,2193.4947,0.0000,100.000000,313.3564,548.3737,1.7500,0,1,6,1846813,A168_HF9F_20260827_0900,2026-08-27 09:00:00,185
1226889|23|903,903,1226889,23,2026-05-03,1,-1,5,5,2,285.5709,285.5709,-180.5399,0.0000,-63.220697,57.1142,57.1142,1.0000,0,1,10,1846814,A168_HF9F_20260827_0900,2026-08-27 09:00:00,185
1226889|24|903,903,1226889,24,2026-05-03,1,-1,8,8,2,352.1988,352.1988,245.8952,0.0000,69.817152,44.0249,44.0249,1.0000,0,1,28,1846815,A168_HF9F_20260827_0900,2026-08-27 09:00:00,185
1226889|25|903,903,1226889,25,2026-05-03,1,-1,9,12,5,3411.4310,3411.4310,-341.4334,0.0000,-10.008510,284.2859,379.0479,1.3333,0,1,36,1846816,A168_HF9F_20260827_0900,2026-08-27 09:00:00,185
1226889|26|903,903,1226889,26,2026-05-03,1,-1,28,30,4,3478.1101,3478.1101,-2009.6931,0.0000,-57.781180,115.9370,124.2182,1.0714,0,1,378,1846817,A168_HF9F_20260827_0900,2026-08-27 09:00:00,185
1226889|27|903,903,1226889,27,2026-05-03,1,-1,37,45,8,4919.1108,4919.1108,-3219.8357,0.0000,-65.455646,109.3136,132.9489,1.2162,0,1,666,1846818,A168_HF9F_20260827_0900,2026-08-27 09:00:00,185
1226889|28|903,903,1226889,28,2026-05-03,1,-1,41,51,6,8945.7791,8945.7791,5783.2657,0.3361,64.647982,175.4074,218.1897,1.2439,0,1,820,1846819,A168_HF9F_20260827_0900,2026-08-27 09:00:00,185
1226889|29|903,903,1226889,29,2026-05-03,1,-1,10,12,3,410.4868,410.4868,-286.7669,0.0000,-69.860198,34.2072,41.0487,1.2000,0,1,45,1846820,A168_HF9F_20260827_0900,2026-08-27 09:00:00,185
1226889|3|903,903,1226889,3,2026-05-03,1,-1,4,4,1,111.2309,111.2309,111.2309,0.5882,100.000000,27.8077,27.8077,1.0000,0,1,6,1846821,A168_HF9F_20260827_0900,2026-08-27 09:00:00,185
1226889|30|903,903,1226889,30,2026-05-03,1,-1,10,12,4,2693.8609,2693.8609,-2310.5001,0.0000,-85.769095,224.4884,269.3861,1.2000,0,1,45,1846822,A168_HF9F_20260827_0900,2026-08-27 09:00:00,185
1226889|31|903,903,1226889,31,2026-05-03,1,-1,8,11,5,2022.8384,2022.8384,-1465.5824,0.0000,-72.451778,183.8944,252.8548,1.3750,0,1,28,1846823,A168_HF9F_20260827_0900,2026-08-27 09:00:00,185
1226889|32|903,903,1226889,32,2026-05-03,1,-1,17,20,5,2915.7110,2915.7110,-2150.0566,0.0000,-73.740389,145.7855,171.5124,1.1765,0,1,136,1846824,A168_HF9F_20260827_0900,2026-08-27 09:00:00,185
1226889|33|903,903,1226889,33,2026-05-03,1,-1,22,27,6,3136.9151,3136.9151,2540.0726,0.0000,80.973582,116.1820,142.5871,1.2273,0,1,231,1846825,A168_HF9F_20260827_0900,2026-08-27 09:00:00,185
1226889|34|903,903,1226889,34,2026-05-03,1,-1,10,14,5,1581.4793,1581.4793,-1188.0017,0.0000,-75.119648,112.9628,158.1479,1.4000,0,1,45,1846826,A168_HF9F_20260827_0900,2026-08-27 09:00:00,185
1226889|35|903,903,1226889,35,2026-05-03,1,-1,8,9,2,316.1752,316.1752,-290.2476,0.0000,-91.799612,35.1306,39.5219,1.1250,0,1,28,1846827,A168_HF9F_20260827_0900,2026-08-27 09:00:00,185
1226889|36|903,903,1226889,36,2026-05-03,1,-1,7,10,3,612.1260,612.1260,612.1260,0.0000,100.000000,61.2126,87.4466,1.4286,0,1,21,1846828,A168_HF9F_20260827_0900,2026-08-27 09:00:00,185
1226889|37|903,903,1226889,37,2026-05-03,1,-1,8,11,5,918.8609,918.8609,801.0248,0.0000,87.175852,83.5328,114.8576,1.3750,0,1,28,1846829,A168_HF9F_20260827_0900,2026-08-27 09:00:00,185
1226889|38|903,903,1226889,38,2026-05-03,1,-1,13,14,4,1279.5796,1279.5796,923.0151,0.0000,72.134248,91.3985,98.4292,1.0769,0,1,78,1846830,A168_HF9F_20260827_0900,2026-08-27 09:00:00,185
1226889|39|903,903,1226889,39,2026-05-03,1,-1,13,15,4,475.6978,475.6978,353.6474,0.0000,74.342858,31.7132,36.5921,1.1538,0,1,78,1846831,A168_HF9F_20260827_0900,2026-08-27 09:00:00,185
1226889|4|903,903,1226889,4,2026-05-03,1,-1,2,2,1,70.6775,0.0000,0.0000,0.0000,,35.3387,35.3387,1.0000,2,1,1,1846832,A168_HF9F_20260827_0900,2026-08-27 09:00:00,185
1226889|40|903,903,1226889,40,2026-05-03,1,-1,11,12,3,579.5210,579.5210,-351.4218,0.0000,-60.640039,48.2934,52.6837,1.0909,0,1,55,1846833,A168_HF9F_20260827_0900,2026-08-27 09:00:00,185
1226889|41|903,903,1226889,41,2026-05-03,1,-1,16,19,5,2309.3546,2309.3546,-1991.1765,0.0000,-86.222209,121.5450,144.3347,1.1875,0,1,120,1846834,A168_HF9F_20260827_0900,2026-08-27 09:00:00,185
1226889|42|903,903,1226889,42,2026-05-03,1,-1,18,24,7,2661.5268,2577.5020,-2142.6303,0.0000,-83.128172,110.8969,147.8626,1.3333,1,1,153,1846835,A168_HF9F_20260827_0900,2026-08-27 09:00:00,185
1226889|43|903,903,1226889,43,2026-05-03,1,-1,38,57,9,3850.9853,3808.9729,-2904.1665,0.2235,-76.245398,67.5611,101.3417,1.5000,1,1,703,1846836,A168_HF9F_20260827_0900,2026-08-27 09:00:00,185
1226889|44|903,903,1226889,44,2026-05-03,1,-1,58,72,8,7337.6628,7337.6628,-3927.9380,0.0840,-53.531187,101.9120,126.5114,1.2414,0,1,1653,1846837,A168_HF9F_20260827_0900,2026-08-27 09:00:00,185
1226889|45|903,903,1226889,45,2026-05-03,1,-1,63,92,8,8162.8378,8162.8378,-4797.1838,0.3798,-58.768579,88.7265,129.5689,1.4603,0,1,1953,1846838,A168_HF9F_20260827_0900,2026-08-27 09:00:00,185
1226889|46|903,903,1226889,46,2026-05-03,1,-1,63,90,8,9565.8807,9565.8807,2061.1260,0.0000,21.546641,106.2876,151.8394,1.4286,0,1,1953,1846839,A168_HF9F_20260827_0900,2026-08-27 09:00:00,185
1226889|47|903,903,1226889,47,2026-05-03,1,-1,19,33,8,1062.6615,1062.6615,-142.4613,0.0000,-13.406081,32.2019,55.9296,1.7368,0,1,171,1846840,A168_HF9F_20260827_0900,2026-08-27 09:00:00,185
1226889|48|903,903,1226889,48,2026-05-03,1,-1,22,35,7,1454.5292,1454.5292,192.4495,0.3361,13.231051,41.5580,66.1150,1.5909,0,1,231,1846841,A168_HF9F_20260827_0900,2026-08-27 09:00:00,185
1226889|49|903,903,1226889,49,2026-05-03,1,-1,21,27,6,1105.7114,1105.7114,-830.7738,0.5041,-75.134775,40.9523,52.6529,1.2857,0,1,210,1846842,A168_HF9F_20260827_0900,2026-08-27 09:00:00,185
1226889|5|903,903,1226889,5,2026-05-03,1,-1,4,4,2,67.8957,54.7668,-22.0851,0.0000,-40.325618,16.9739,16.9739,1.0000,0,1,6,1846843,A168_HF9F_20260827_0900,2026-08-27 09:00:00,185
1226889|50|903,903,1226889,50,2026-05-03,1,-1,17,30,8,626.4085,626.4085,-527.2646,0.0000,-84.172635,20.8803,36.8476,1.7647,0,1,136,1846844,A168_HF9F_20260827_0900,2026-08-27 09:00:00,185
1226889|51|903,903,1226889,51,2026-05-03,1,-1,23,30,6,3621.8775,3621.8775,-3673.3772,0.0000,-101.421907,120.7292,157.4729,1.3043,0,1,253,1846845,A168_HF9F_20260827_0900,2026-08-27 09:00:00,185
1226889|52|903,903,1226889,52,2026-05-03,1,-1,23,34,6,2048.2136,2027.2075,1785.4685,0.0000,88.075272,60.2416,89.0528,1.4783,1,1,253,1846846,A168_HF9F_20260827_0900,2026-08-27 09:00:00,185
1226889|53|903,903,1226889,53,2026-05-03,1,-1,9,10,3,2493.2389,2493.2389,2409.2141,0.3361,96.629894,249.3239,277.0265,1.1111,0,1,36,1846847,A168_HF9F_20260827_0900,2026-08-27 09:00:00,185
1226889|6|903,903,1226889,6,2026-05-03,1,-1,3,3,2,31.0268,31.0268,-23.4645,0.0000,-75.626752,10.3423,10.3423,1.0000,0,1,3,1846848,A168_HF9F_20260827_0900,2026-08-27 09:00:00,185
1226889|7|903,903,1226889,7,2026-05-03,1,-1,7,7,2,476.3661,476.3661,442.9739,0.0000,92.990235,68.0523,68.0523,1.0000,0,1,21,1846849,A168_HF9F_20260827_0900,2026-08-27 09:00:00,185
1226889|8|903,903,1226889,8,2026-05-03,1,-1,2,2,1,23.1068,23.1068,-23.1068,0.0000,-100.000000,11.5534,11.5534,1.0000,0,1,1,1846850,A168_HF9F_20260827_0900,2026-08-27 09:00:00,185
1226889|9|903,903,1226889,9,2026-05-03,1,-1,3,3,2,277.7440,277.7440,242.0847,0.0000,87.161096,92.5813,92.5813,1.0000,0,1,3,1846851,A168_HF9F_20260827_0900,2026-08-27 09:00:00,185
1226928|1|903,903,1226928,1,2026-05-03,1,-1,1,1,1,77.8372,0.0000,0.0000,0.0000,,77.8372,77.8372,1.0000,1,0,0,1846852,A168_HF9F_20260827_0900,2026-08-27 09:00:00,185
1226928|10|903,903,1226928,10,2026-05-03,1,-1,11,24,10,465.8609,461.6597,-227.3082,0.0000,-49.237177,19.4109,42.3510,2.1818,1,1,55,1846853,A168_HF9F_20260827_0900,2026-08-27 09:00:00,185
1226928|11|903,903,1226928,11,2026-05-03,1,-1,14,25,10,1178.7423,1174.5410,344.5678,0.0000,29.336378,47.1497,84.1959,1.7857,1,1,91,1846854,A168_HF9F_20260827_0900,2026-08-27 09:00:00,185
1226928|12|903,903,1226928,12,2026-05-03,1,-1,7,16,10,1128.7108,1124.5096,-880.5625,0.0000,-78.306357,70.5444,161.2444,2.2857,2,1,21,1846855,A168_HF9F_20260827_0900,2026-08-27 09:00:00,185
1226928|13|903,903,1226928,13,2026-05-03,1,-1,9,12,5,1311.8483,1311.8483,857.1487,0.0000,65.339011,109.3207,145.7609,1.3333,0,1,36,1846856,A168_HF9F_20260827_0900,2026-08-27 09:00:00,185
1226928|14|903,903,1226928,14,2026-05-03,1,-1,8,13,7,578.1897,578.1897,-477.3086,0.0000,-82.552255,44.4761,72.2737,1.6250,0,1,28,1846857,A168_HF9F_20260827_0900,2026-08-27 09:00:00,185
1226928|15|903,903,1226928,15,2026-05-03,1,-1,11,11,1,1224.4029,1224.4029,1224.4029,0.0000,100.000000,111.3094,111.3094,1.0000,0,1,55,1846858,A168_HF9F_20260827_0900,2026-08-27 09:00:00,185
1226928|16|903,903,1226928,16,2026-05-03,1,-1,6,7,2,160.4645,160.4645,160.4645,0.0000,100.000000,22.9235,26.7441,1.1667,0,1,15,1846859,A168_HF9F_20260827_0900,2026-08-27 09:00:00,185
1226928|17|903,903,1226928,17,2026-05-03,1,-1,3,5,4,160.6350,160.6350,-111.6412,0.0000,-69.499901,32.1270,53.5450,1.6667,0,1,3,1846860,A168_HF9F_20260827_0900,2026-08-27 09:00:00,185
1226928|18|903,903,1226928,18,2026-05-03,1,-1,4,4,2,36.7951,36.7951,-9.3883,0.0000,-25.514987,9.1988,9.1988,1.0000,0,1,6,1846861,A168_HF9F_20260827_0900,2026-08-27 09:00:00,185
1226928|19|903,903,1226928,19,2026-05-03,1,-1,7,8,3,60.1512,60.1512,30.0061,0.0000,49.884480,7.5189,8.5930,1.1429,0,1,21,1846862,A168_HF9F_20260827_0900,2026-08-27 09:00:00,185
1226928|2|903,903,1226928,2,2026-05-03,1,-1,1,1,1,20.7566,20.7566,-19.7187,0.0000,-95.000000,20.7566,20.7566,1.0000,0,0,0,1846863,A168_HF9F_20260827_0900,2026-08-27 09:00:00,185
1226928|20|903,903,1226928,20,2026-05-03,1,-1,12,14,4,2335.4214,4.2012,-14.7043,0.0000,-350.000000,166.8158,194.6185,1.1667,12,1,66,1846864,A168_HF9F_20260827_0900,2026-08-27 09:00:00,185
1226928|21|903,903,1226928,21,2026-05-03,1,-1,16,21,7,2376.6120,12.6037,-6.3019,0.0000,-50.000000,113.1720,148.5382,1.3125,15,1,120,1846865,A168_HF9F_20260827_0900,2026-08-27 09:00:00,185
1226928|22|903,903,1226928,22,2026-05-03,1,-1,17,26,7,2440.6222,2440.6222,876.6972,0.1094,35.921053,93.8701,143.5660,1.5294,0,1,136,1846866,A168_HF9F_20260827_0900,2026-08-27 09:00:00,185
1226928|23|903,903,1226928,23,2026-05-03,1,-1,16,28,8,3397.1432,3397.1432,3258.5023,0.0000,95.918897,121.3265,212.3214,1.7500,0,1,120,1846867,A168_HF9F_20260827_0900,2026-08-27 09:00:00,185
1226928|24|903,903,1226928,24,2026-05-03,1,-1,5,9,6,442.5585,442.5585,-151.9050,0.0000,-34.324290,49.1732,88.5117,1.8000,0,1,10,1846868,A168_HF9F_20260827_0900,2026-08-27 09:00:00,185
1226928|25|903,903,1226928,25,2026-05-03,1,-1,7,11,4,264.3656,264.3656,264.3656,0.0000,100.000000,24.0332,37.7665,1.5714,0,1,21,1846869,A168_HF9F_20260827_0900,2026-08-27 09:00:00,185
1226928|26|903,903,1226928,26,2026-05-03,1,-1,5,9,4,215.6247,215.6247,-186.5087,0.0000,-86.496878,23.9583,43.1249,1.8000,0,1,10,1846870,A168_HF9F_20260827_0900,2026-08-27 09:00:00,185
1226928|27|903,903,1226928,27,2026-05-03,1,-1,17,21,5,2326.3165,2326.3165,1828.6418,0.0000,78.606753,110.7770,136.8421,1.2353,0,1,136,1846871,A168_HF9F_20260827_0900,2026-08-27 09:00:00,185
1226928|28|903,903,1226928,28,2026-05-03,1,-1,7,10,4,3964.8436,117.2228,-445.3067,0.0000,-379.880460,396.4844,566.4062,1.4286,7,1,21,1846872,A168_HF9F_20260827_0900,2026-08-27 09:00:00,185
1226928|29|903,903,1226928,29,2026-05-03,1,-1,4,5,3,321.9939,321.9939,84.0498,0.3781,26.102918,64.3988,80.4985,1.2500,0,1,6,1846873,A168_HF9F_20260827_0900,2026-08-27 09:00:00,185
1226928|3|903,903,1226928,3,2026-05-03,1,-1,3,9,7,128.5054,128.5054,-103.2979,0.0000,-80.384136,14.2784,42.8351,3.0000,0,1,3,1846874,A168_HF9F_20260827_0900,2026-08-27 09:00:00,185
1226928|30|903,903,1226928,30,2026-05-03,1,-1,6,6,2,226.7704,226.7704,-126.1345,0.6857,-55.622128,37.7951,37.7951,1.0000,0,1,15,1846875,A168_HF9F_20260827_0900,2026-08-27 09:00:00,185
1226928|31|903,903,1226928,31,2026-05-03,1,-1,3,4,3,1352.2424,1352.2424,-1207.8220,0.2736,-89.319931,338.0606,450.7475,1.3333,0,1,3,1846876,A168_HF9F_20260827_0900,2026-08-27 09:00:00,185
1226928|32|903,903,1226928,32,2026-05-03,1,-1,14,15,3,1922.0073,1922.0073,-842.9977,0.0547,-43.860274,128.1338,137.2862,1.0714,0,1,91,1846877,A168_HF9F_20260827_0900,2026-08-27 09:00:00,185
1226928|33|903,903,1226928,33,2026-05-03,1,-1,13,16,5,656.0750,656.0750,-446.6474,0.2775,-68.078711,41.0047,50.4673,1.2308,0,1,78,1846878,A168_HF9F_20260827_0900,2026-08-27 09:00:00,185
1226928|34|903,903,1226928,34,2026-05-03,1,-1,22,27,4,3070.1887,3070.1887,2732.3856,0.0547,88.997318,113.7107,139.5540,1.2273,0,1,231,1846879,A168_HF9F_20260827_0900,2026-08-27 09:00:00,185
1226928|35|903,903,1226928,35,2026-05-03,1,-1,6,8,4,215.3331,215.3331,166.5793,0.0547,77.358886,26.9166,35.8888,1.3333,0,1,15,1846880,A168_HF9F_20260827_0900,2026-08-27 09:00:00,185
1226928|36|903,903,1226928,36,2026-05-03,1,-1,4,5,3,186.1465,186.1465,59.0269,0.0547,31.709928,37.2293,46.5366,1.2500,0,1,6,1846881,A168_HF9F_20260827_0900,2026-08-27 09:00:00,185
1226928|37|903,903,1226928,37,2026-05-03,1,-1,9,15,7,2331.2696,2331.2696,-2159.5290,0.1094,-92.633173,155.4180,259.0300,1.6667,0,1,36,1846882,A168_HF9F_20260827_0900,2026-08-27 09:00:00,185
1226928|38|903,903,1226928,38,2026-05-03,1,-1,13,20,8,1810.2918,31.4087,13.4087,0.0000,42.690993,90.5146,139.2532,1.5385,13,1,78,1846883,A168_HF9F_20260827_0900,2026-08-27 09:00:00,185
1226928|39|903,903,1226928,39,2026-05-03,1,-1,9,10,3,831.3276,831.3276,-757.2354,0.2204,-91.087489,83.1328,92.3697,1.1111,0,1,36,1846884,A168_HF9F_20260827_0900,2026-08-27 09:00:00,185
1226928|4|903,903,1226928,4,2026-05-03,1,-1,5,11,8,274.9247,274.9247,-28.4175,0.0000,-10.336466,24.9932,54.9849,2.2000,0,1,10,1846885,A168_HF9F_20260827_0900,2026-08-27 09:00:00,185
1226928|40|903,903,1226928,40,2026-05-03,1,-1,26,43,10,3593.4945,3593.4945,137.7897,0.0487,3.834420,83.5696,138.2113,1.6538,0,1,325,1846886,A168_HF9F_20260827_0900,2026-08-27 09:00:00,185
1226928|41|903,903,1226928,41,2026-05-03,1,-1,38,51,11,5127.0215,5119.8158,4130.3901,0.1512,80.674584,100.5298,134.9216,1.3421,1,1,703,1846887,A168_HF9F_20260827_0900,2026-08-27 09:00:00,185
1226928|42|903,903,1226928,42,2026-05-03,1,-1,13,16,5,1363.0342,1363.0342,1284.1076,0.1428,94.209492,85.1896,104.8488,1.2308,0,1,78,1846888,A168_HF9F_20260827_0900,2026-08-27 09:00:00,185
1226928|43|903,903,1226928,43,2026-05-03,1,-1,12,15,5,784.9090,784.9090,-555.8120,0.6722,-70.812282,52.3273,65.4091,1.2500,0,1,66,1846889,A168_HF9F_20260827_0900,2026-08-27 09:00:00,185
1226928|44|903,903,1226928,44,2026-05-03,1,-1,10,13,4,567.8278,567.8278,-523.6585,0.5041,-92.221348,43.6791,56.7828,1.3000,0,1,45,1846890,A168_HF9F_20260827_0900,2026-08-27 09:00:00,185
1226928|45|903,903,1226928,45,2026-05-03,1,-1,17,21,6,2102.3368,2102.3368,1930.0860,0.5041,91.806697,100.1113,123.6669,1.2353,0,1,136,1846891,A168_HF9F_20260827_0900,2026-08-27 09:00:00,185
1226928|46|903,903,1226928,46,2026-05-03,1,-1,7,8,3,308.9681,308.9681,62.0305,0.5041,20.076670,38.6210,44.1383,1.1429,0,1,21,1846892,A168_HF9F_20260827_0900,2026-08-27 09:00:00,185
1226928|47|903,903,1226928,47,2026-05-03,1,-1,15,18,4,2210.5493,2210.5493,2035.9683,0.5041,92.102370,122.8083,147.3700,1.2000,0,1,105,1846893,A168_HF9F_20260827_0900,2026-08-27 09:00:00,185
1226928|48|903,903,1226928,48,2026-05-03,1,-1,7,10,5,369.9284,369.9284,52.6535,0.0000,14.233429,36.9928,52.8469,1.4286,0,1,21,1846894,A168_HF9F_20260827_0900,2026-08-27 09:00:00,185
1226928|49|903,903,1226928,49,2026-05-03,1,-1,2,3,2,39.1682,39.1682,39.1682,0.0000,100.000000,13.0561,19.5841,1.5000,0,1,1,1846895,A168_HF9F_20260827_0900,2026-08-27 09:00:00,185
1226928|5|903,903,1226928,5,2026-05-03,1,-1,6,14,9,397.9716,397.9716,-297.1419,0.0000,-74.664086,28.4265,66.3286,2.3333,0,1,15,1846896,A168_HF9F_20260827_0900,2026-08-27 09:00:00,185
1226928|50|903,903,1226928,50,2026-05-03,1,-1,3,3,2,147.8906,93.4046,-15.5674,0.0000,-16.666667,49.2969,49.2969,1.0000,0,1,3,1846897,A168_HF9F_20260827_0900,2026-08-27 09:00:00,185
1226928|51|903,903,1226928,51,2026-05-03,1,-1,3,4,3,52.4005,52.4005,-0.0098,0.0000,-0.018774,13.1001,17.4668,1.3333,0,1,3,1846898,A168_HF9F_20260827_0900,2026-08-27 09:00:00,185
1226928|52|903,903,1226928,52,2026-05-03,1,-1,11,13,4,391.8082,391.8082,-35.6529,0.0000,-9.099590,30.1391,35.6189,1.1818,0,1,55,1846899,A168_HF9F_20260827_0900,2026-08-27 09:00:00,185
1226928|53|903,903,1226928,53,2026-05-03,1,-1,3,4,2,98.2246,98.2246,98.2246,0.0000,100.000000,24.5561,32.7415,1.3333,0,1,3,1846900,A168_HF9F_20260827_0900,2026-08-27 09:00:00,185
1226928|54|903,903,1226928,54,2026-05-03,1,-1,4,7,4,949.6991,949.6991,949.6991,0.0000,100.000000,135.6713,237.4248,1.7500,0,1,6,1846901,A168_HF9F_20260827_0900,2026-08-27 09:00:00,185
1226928|55|903,903,1226928,55,2026-05-03,1,-1,7,7,2,572.7715,572.7715,509.5118,0.0000,88.955516,81.8245,81.8245,1.0000,0,1,21,1846902,A168_HF9F_20260827_0900,2026-08-27 09:00:00,185
1226928|6|903,903,1226928,6,2026-05-03,1,-1,15,26,11,2182.3695,2178.1682,-1551.1933,0.9453,-71.215493,83.9373,145.4913,1.7333,1,1,105,1846903,A168_HF9F_20260827_0900,2026-08-27 09:00:00,185
1226928|7|903,903,1226928,7,2026-05-03,1,-1,27,43,10,4239.2181,4239.2181,2605.0493,1.8906,61.451174,98.5865,157.0081,1.5926,0,1,351,1846904,A168_HF9F_20260827_0900,2026-08-27 09:00:00,185
1226928|8|903,903,1226928,8,2026-05-03,1,-1,6,16,9,227.1798,227.1798,107.8189,0.0000,47.459725,14.1987,37.8633,2.6667,0,1,15,1846905,A168_HF9F_20260827_0900,2026-08-27 09:00:00,185
1226928|9|903,903,1226928,9,2026-05-03,1,-1,9,23,10,417.0196,370.8059,50.0645,0.0000,13.501524,18.1313,46.3355,2.5556,2,1,36,1846906,A168_HF9F_20260827_0900,2026-08-27 09:00:00,185
1226973|1|903,903,1226973,1,2026-05-03,1,-1,1,1,1,19.5408,19.5408,-18.5638,0.0000,-95.000000,19.5408,19.5408,1.0000,0,0,0,1846907,A168_HF9F_20260827_0900,2026-08-27 09:00:00,185
1226973|10|903,903,1226973,10,2026-05-03,1,-1,15,28,9,1167.6000,1167.6000,-815.3102,0.0000,-69.827876,41.7000,77.8400,1.8667,0,1,105,1846908,A168_HF9F_20260827_0900,2026-08-27 09:00:00,185
1226973|11|903,903,1226973,11,2026-05-03,1,-1,18,31,8,4676.0019,4676.0019,-3790.4828,0.8402,-81.062475,150.8388,259.7779,1.7222,0,1,153,1846909,A168_HF9F_20260827_0900,2026-08-27 09:00:00,185
1226973|12|903,903,1226973,12,2026-05-03,1,-1,30,45,8,7645.3537,7645.3537,-6739.0895,1.4284,-88.146209,169.8967,254.8451,1.5000,0,1,435,1846910,A168_HF9F_20260827_0900,2026-08-27 09:00:00,185
1226973|13|903,903,1226973,13,2026-05-03,1,-1,29,43,8,5964.3312,79.1693,-75.8695,0.0000,-95.831916,138.7054,205.6666,1.4828,29,1,406,1846911,A168_HF9F_20260827_0900,2026-08-27 09:00:00,185
1226973|14|903,903,1226973,14,2026-05-03,1,-1,28,46,8,5886.8975,5886.8975,4334.2458,0.5882,73.625298,127.9760,210.2463,1.6429,0,1,378,1846912,A168_HF9F_20260827_0900,2026-08-27 09:00:00,185
1226973|15|903,903,1226973,15,2026-05-03,1,-1,17,36,8,4695.7275,4695.7275,-4362.2632,0.0786,-92.898558,130.4369,276.2193,2.1176,0,1,136,1846913,A168_HF9F_20260827_0900,2026-08-27 09:00:00,185
1226973|16|903,903,1226973,16,2026-05-03,1,-1,23,45,8,6845.5898,6321.8468,-4571.6766,1.0553,-72.315523,152.1242,297.6343,1.9565,1,1,253,1846914,A168_HF9F_20260827_0900,2026-08-27 09:00:00,185
1226973|17|903,903,1226973,17,2026-05-03,1,-1,23,43,9,8282.1674,8282.1674,-6416.1996,0.7592,-77.470054,192.6085,360.0942,1.8696,0,1,253,1846915,A168_HF9F_20260827_0900,2026-08-27 09:00:00,185
1226973|18|903,903,1226973,18,2026-05-03,1,-1,30,54,10,10251.9467,10251.9467,-8559.7881,0.8537,-83.494270,189.8509,341.7316,1.8000,0,1,435,1846916,A168_HF9F_20260827_0900,2026-08-27 09:00:00,185
1226973|19|903,903,1226973,19,2026-05-03,1,-1,55,83,9,11310.1512,11310.1512,-5083.4444,1.3788,-44.945857,136.2669,205.6391,1.5091,0,1,1485,1846917,A168_HF9F_20260827_0900,2026-08-27 09:00:00,185
1226973|2|903,903,1226973,2,2026-05-03,1,-1,2,2,1,347.6610,347.6610,-346.0326,0.0000,-99.531612,173.8305,173.8305,1.0000,0,1,1,1846918,A168_HF9F_20260827_0900,2026-08-27 09:00:00,185
1226973|20|903,903,1226973,20,2026-05-03,1,-1,58,81,9,13576.9292,13576.9292,-7754.1533,1.0427,-57.112718,167.6164,234.0850,1.3966,0,1,1653,1846919,A168_HF9F_20260827_0900,2026-08-27 09:00:00,185
1226973|21|903,903,1226973,21,2026-05-03,1,-1,55,91,10,15829.5623,15829.5623,10537.7961,1.5490,66.570356,173.9512,287.8102,1.6545,0,1,1485,1846920,A168_HF9F_20260827_0900,2026-08-27 09:00:00,185
1226973|22|903,903,1226973,22,2026-05-03,1,-1,44,60,10,12058.6152,12058.6152,9410.5446,1.1024,78.040011,200.9769,274.0594,1.3636,0,1,946,1846921,A168_HF9F_20260827_0900,2026-08-27 09:00:00,185
1226973|23|903,903,1226973,23,2026-05-03,1,-1,24,36,9,6863.8898,6821.8774,-6553.8080,1.1343,-96.070446,190.6636,285.9954,1.5000,1,1,276,1846922,A168_HF9F_20260827_0900,2026-08-27 09:00:00,185
1226973|24|903,903,1226973,24,2026-05-03,1,-1,24,48,8,8199.9561,8199.9561,7085.4925,2.8199,86.408908,170.8324,341.6648,2.0000,0,1,276,1846923,A168_HF9F_20260827_0900,2026-08-27 09:00:00,185
1226973|25|903,903,1226973,25,2026-05-03,1,-1,22,45,9,5388.1392,5388.1392,-3222.3305,1.0406,-59.804144,119.7364,244.9154,2.0455,0,1,231,1846924,A168_HF9F_20260827_0900,2026-08-27 09:00:00,185
1226973|26|903,903,1226973,26,2026-05-03,1,-1,23,44,8,5215.7286,5215.7286,-5219.3666,1.6406,-100.069749,118.5393,226.7708,1.9130,0,1,253,1846925,A168_HF9F_20260827_0900,2026-08-27 09:00:00,185
1226973|27|903,903,1226973,27,2026-05-03,1,-1,21,37,8,3595.9696,3595.9696,-2815.1273,1.0238,-78.285627,97.1884,171.2366,1.7619,0,1,210,1846926,A168_HF9F_20260827_0900,2026-08-27 09:00:00,185
1226973|28|903,903,1226973,28,2026-05-03,1,-1,18,31,9,2810.3650,2810.3650,-374.4267,1.2129,-13.323064,90.6569,156.1314,1.7222,0,1,153,1846927,A168_HF9F_20260827_0900,2026-08-27 09:00:00,185
1226973|29|903,903,1226973,29,2026-05-03,1,-1,20,31,9,1533.7123,1533.7123,174.9309,0.0786,11.405719,49.4746,76.6856,1.5500,0,1,190,1846928,A168_HF9F_20260827_0900,2026-08-27 09:00:00,185
1226973|3|903,903,1226973,3,2026-05-03,1,-1,5,6,3,837.0290,837.0290,-786.9851,0.0000,-94.021251,139.5048,167.4058,1.2000,0,1,10,1846929,A168_HF9F_20260827_0900,2026-08-27 09:00:00,185
1226973|30|903,903,1226973,30,2026-05-03,1,-1,21,31,10,2791.7134,2791.7134,2448.7121,0.0786,87.713589,90.0553,132.9387,1.4762,0,1,210,1846930,A168_HF9F_20260827_0900,2026-08-27 09:00:00,185
1226973|31|903,903,1226973,31,2026-05-03,1,-1,11,19,7,974.0683,974.0683,-356.3105,0.0000,-36.579621,51.2668,88.5517,1.7273,0,1,55,1846931,A168_HF9F_20260827_0900,2026-08-27 09:00:00,185
1226973|32|903,903,1226973,32,2026-05-03,1,-1,18,31,8,3122.7892,3122.7892,-2389.7221,0.4348,-76.525244,100.7351,173.4883,1.7222,0,1,153,1846932,A168_HF9F_20260827_0900,2026-08-27 09:00:00,185
1226973|33|903,903,1226973,33,2026-05-03,1,-1,18,29,8,3298.2184,49.6530,-38.1986,0.0000,-76.931066,113.7317,183.2344,1.6111,18,1,153,1846933,A168_HF9F_20260827_0900,2026-08-27 09:00:00,185
1226973|34|903,903,1226973,34,2026-05-03,1,-1,14,22,7,2986.1886,2986.1886,207.1083,0.1891,6.935539,135.7358,213.2992,1.5714,0,1,91,1846934,A168_HF9F_20260827_0900,2026-08-27 09:00:00,185
1226973|35|903,903,1226973,35,2026-05-03,1,-1,8,16,7,1242.6224,1242.6224,-907.7061,0.7184,-73.047621,77.6639,155.3278,2.0000,0,1,28,1846935,A168_HF9F_20260827_0900,2026-08-27 09:00:00,185
1226973|36|903,903,1226973,36,2026-05-03,1,-1,11,11,2,998.2003,998.2003,591.0558,0.4726,59.212138,90.7455,90.7455,1.0000,0,1,55,1846936,A168_HF9F_20260827_0900,2026-08-27 09:00:00,185
1226973|37|903,903,1226973,37,2026-05-03,1,-1,6,6,1,924.1841,924.1841,-924.1841,0.0000,-100.000000,154.0307,154.0307,1.0000,0,1,15,1846937,A168_HF9F_20260827_0900,2026-08-27 09:00:00,185
1226973|38|903,903,1226973,38,2026-05-03,1,-1,10,10,2,2613.9640,2613.9640,-1602.8835,0.0000,-61.320031,261.3964,261.3964,1.0000,0,1,45,1846938,A168_HF9F_20260827_0900,2026-08-27 09:00:00,185
1226973|39|903,903,1226973,39,2026-05-03,1,-1,23,29,6,4223.8127,4083.7058,1650.0329,1.0398,40.405283,145.6487,183.6440,1.2609,1,1,253,1846939,A168_HF9F_20260827_0900,2026-08-27 09:00:00,185
1226973|4|903,903,1226973,4,2026-05-03,1,-1,10,12,4,1593.8655,1593.8655,-1410.0374,0.0000,-88.466523,132.8221,159.3866,1.2000,0,1,45,1846940,A168_HF9F_20260827_0900,2026-08-27 09:00:00,185
1226973|40|903,903,1226973,40,2026-05-03,1,-1,20,27,8,3270.7448,3156.5837,-1603.8391,0.2836,-50.809333,121.1387,163.5372,1.3500,1,1,190,1846941,A168_HF9F_20260827_0900,2026-08-27 09:00:00,185
1226973|41|903,903,1226973,41,2026-05-03,1,-1,24,36,9,3839.2410,3735.4581,-1278.1299,1.1532,-34.216149,106.6456,159.9684,1.5000,1,1,276,1846942,A168_HF9F_20260827_0900,2026-08-27 09:00:00,185
1226973|42|903,903,1226973,42,2026-05-03,1,-1,26,37,8,3893.3838,3737.7095,2232.9518,0.0945,59.741181,105.2266,149.7455,1.4231,1,1,325,1846943,A168_HF9F_20260827_0900,2026-08-27 09:00:00,185
1226973|43|903,903,1226973,43,2026-05-03,1,-1,15,23,6,3085.8811,2950.9634,-1950.6928,0.8508,-66.103594,134.1687,205.7254,1.5333,1,1,105,1846944,A168_HF9F_20260827_0900,2026-08-27 09:00:00,185
1226973|44|903,903,1226973,44,2026-05-03,1,-1,18,27,6,3174.4492,140.0847,-446.8992,0.0000,-319.020623,117.5722,176.3583,1.5000,19,1,153,1846945,A168_HF9F_20260827_0900,2026-08-27 09:00:00,185
1226973|45|903,903,1226973,45,2026-05-03,1,-1,18,23,6,2475.6907,2377.0970,1647.0220,0.7562,69.287118,107.6387,137.5384,1.2778,1,1,153,1846946,A168_HF9F_20260827_0900,2026-08-27 09:00:00,185
1226973|46|903,903,1226973,46,2026-05-03,1,-1,18,26,8,4822.7388,4822.7388,-3870.6876,1.1154,-80.259118,185.4900,267.9299,1.4444,0,1,153,1846947,A168_HF9F_20260827_0900,2026-08-27 09:00:00,185
1226973|47|903,903,1226973,47,2026-05-03,1,-1,29,41,8,7111.3740,6230.3145,5671.1590,0.9453,91.025244,173.4481,245.2198,1.4138,3,1,406,1846948,A168_HF9F_20260827_0900,2026-08-27 09:00:00,185
1226973|48|903,903,1226973,48,2026-05-03,1,-1,16,18,4,4289.3336,4289.3336,3876.3890,0.0000,90.372757,238.2963,268.0833,1.1250,0,1,120,1846949,A168_HF9F_20260827_0900,2026-08-27 09:00:00,185
1226973|49|903,903,1226973,49,2026-05-03,1,-1,15,17,4,1056.3693,1056.3693,-37.4044,0.1891,-3.540848,62.1394,70.4246,1.1333,0,1,105,1846950,A168_HF9F_20260827_0900,2026-08-27 09:00:00,185
1226973|5|903,903,1226973,5,2026-05-03,1,-1,23,27,6,3834.5912,3834.5912,-2993.6647,0.0000,-78.069984,142.0219,166.7214,1.1739,0,1,253,1846951,A168_HF9F_20260827_0900,2026-08-27 09:00:00,185
1226973|50|903,903,1226973,50,2026-05-03,1,-1,7,8,4,482.6276,482.6276,-399.1652,0.8508,-82.706662,60.3284,68.9468,1.1429,0,1,21,1846952,A168_HF9F_20260827_0900,2026-08-27 09:00:00,185
1226973|6|903,903,1226973,6,2026-05-03,1,-1,19,22,5,3389.1107,3389.1107,-2986.7678,0.2521,-88.128365,154.0505,178.3742,1.1579,0,1,171,1846953,A168_HF9F_20260827_0900,2026-08-27 09:00:00,185
1226973|7|903,903,1226973,7,2026-05-03,1,-1,31,37,5,4067.7374,4067.7374,3352.8454,0.5041,82.425315,109.9388,131.2173,1.1935,0,1,465,1846954,A168_HF9F_20260827_0900,2026-08-27 09:00:00,185
1226973|8|903,903,1226973,8,2026-05-03,1,-1,8,10,4,7246.8670,7246.8670,7181.5137,0.0000,99.098185,724.6867,905.8584,1.2500,0,1,28,1846955,A168_HF9F_20260827_0900,2026-08-27 09:00:00,185
1226973|9|903,903,1226973,9,2026-05-03,1,-1,10,15,7,1673.8266,1673.8266,-1407.6517,0.0000,-84.097823,111.5884,167.3827,1.5000,0,1,45,1846956,A168_HF9F_20260827_0900,2026-08-27 09:00:00,185
1227013|1|903,903,1227013,1,2026-05-03,1,-1,1,1,1,10.3783,10.3783,-10.3783,0.0000,-100.000000,10.3783,10.3783,1.0000,0,0,0,1846957,A168_HF9F_20260827_0900,2026-08-27 09:00:00,185
1227013|10|903,903,1227013,10,2026-05-03,1,-1,14,16,4,2042.5772,2042.5772,-1379.4881,0.0945,-67.536644,127.6611,145.8984,1.1429,0,1,91,1846958,A168_HF9F_20260827_0900,2026-08-27 09:00:00,185
1227013|11|903,903,1227013,11,2026-05-03,1,-1,9,9,2,750.6659,750.6659,346.7390,0.0000,46.190856,83.4073,83.4073,1.0000,0,1,36,1846959,A168_HF9F_20260827_0900,2026-08-27 09:00:00,185
1227013|12|903,903,1227013,12,2026-05-03,1,-1,13,13,2,2969.2638,2969.2638,-1586.6031,0.0000,-53.434226,228.4049,228.4049,1.0000,0,1,78,1846960,A168_HF9F_20260827_0900,2026-08-27 09:00:00,185
1227013|13|903,903,1227013,13,2026-05-03,1,-1,10,10,2,1803.8357,1803.8357,1281.9342,0.0000,71.067127,180.3836,180.3836,1.0000,0,1,45,1846961,A168_HF9F_20260827_0900,2026-08-27 09:00:00,185
1227013|14|903,903,1227013,14,2026-05-03,1,-1,6,7,3,223.1990,223.1990,154.9913,0.0000,69.440849,31.8856,37.1998,1.1667,0,1,15,1846962,A168_HF9F_20260827_0900,2026-08-27 09:00:00,185
1227013|15|903,903,1227013,15,2026-05-03,1,-1,6,6,2,589.5567,589.5567,-493.0530,0.0000,-83.631143,98.2595,98.2595,1.0000,0,1,15,1846963,A168_HF9F_20260827_0900,2026-08-27 09:00:00,185
1227013|16|903,903,1227013,16,2026-05-03,1,-1,2,2,2,133.9928,133.9928,42.9233,0.0000,32.034048,66.9964,66.9964,1.0000,0,1,1,1846964,A168_HF9F_20260827_0900,2026-08-27 09:00:00,185
1227013|17|903,903,1227013,17,2026-05-03,1,-1,2,2,1,97.6688,97.6688,-97.6688,0.0000,-100.000000,48.8344,48.8344,1.0000,0,1,1,1846965,A168_HF9F_20260827_0900,2026-08-27 09:00:00,185
1227013|18|903,903,1227013,18,2026-05-03,1,-1,4,4,2,510.3070,510.3070,488.0082,0.0000,95.630320,127.5767,127.5767,1.0000,0,1,6,1846966,A168_HF9F_20260827_0900,2026-08-27 09:00:00,185
1227013|19|903,903,1227013,19,2026-05-03,1,-1,13,13,2,5076.5997,5076.5997,3022.2021,0.3781,59.532014,390.5077,390.5077,1.0000,0,1,78,1846967,A168_HF9F_20260827_0900,2026-08-27 09:00:00,185
1227013|2|903,903,1227013,2,2026-05-03,1,-1,4,4,2,49.8672,49.8672,-25.9201,0.0000,-51.978313,12.4668,12.4668,1.0000,0,1,6,1846968,A168_HF9F_20260827_0900,2026-08-27 09:00:00,185
1227013|20|903,903,1227013,20,2026-05-03,1,-1,6,10,6,237.9957,237.9957,172.2947,0.0000,72.394059,23.7996,39.6659,1.6667,0,1,15,1846969,A168_HF9F_20260827_0900,2026-08-27 09:00:00,185
1227013|21|903,903,1227013,21,2026-05-03,1,-1,14,22,6,2114.4630,2114.4630,1485.7906,0.3361,70.267985,96.1120,151.0331,1.5714,0,1,91,1846970,A168_HF9F_20260827_0900,2026-08-27 09:00:00,185
1227013|22|903,903,1227013,22,2026-05-03,1,-1,5,8,5,100.1752,100.1752,-66.8149,0.0000,-66.698063,12.5219,20.0350,1.6000,0,1,10,1846971,A168_HF9F_20260827_0900,2026-08-27 09:00:00,185
1227013|23|903,903,1227013,23,2026-05-03,1,-1,11,14,5,957.8242,957.8242,37.3942,0.0000,3.904081,68.4160,87.0749,1.2727,0,1,55,1846972,A168_HF9F_20260827_0900,2026-08-27 09:00:00,185
1227013|24|903,903,1227013,24,2026-05-03,1,-1,9,9,2,326.8852,326.8852,175.1027,0.0000,53.567040,36.3206,36.3206,1.0000,0,1,36,1846973,A168_HF9F_20260827_0900,2026-08-27 09:00:00,185
1227013|25|903,903,1227013,25,2026-05-03,1,-1,3,3,2,87.4589,87.4589,-13.7294,0.0000,-15.698164,29.1530,29.1530,1.0000,0,1,3,1846974,A168_HF9F_20260827_0900,2026-08-27 09:00:00,185
1227013|26|903,903,1227013,26,2026-05-03,1,-1,1,1,1,51.8914,51.8914,-49.2969,0.0000,-95.000000,51.8914,51.8914,1.0000,0,0,0,1846975,A168_HF9F_20260827_0900,2026-08-27 09:00:00,185
1227013|27|903,903,1227013,27,2026-05-03,1,-1,8,8,1,2014.6183,2014.6183,-1924.1424,0.0000,-95.509030,251.8273,251.8273,1.0000,0,1,28,1846976,A168_HF9F_20260827_0900,2026-08-27 09:00:00,185
1227013|28|903,903,1227013,28,2026-05-03,1,-1,7,7,2,2253.6892,2253.6892,-2008.0150,0.0000,-89.099020,321.9556,321.9556,1.0000,0,1,21,1846977,A168_HF9F_20260827_0900,2026-08-27 09:00:00,185
1227013|29|903,903,1227013,29,2026-05-03,1,-1,12,12,2,3007.9297,3007.9297,2525.3306,0.1891,83.955772,250.6608,250.6608,1.0000,0,1,66,1846978,A168_HF9F_20260827_0900,2026-08-27 09:00:00,185
1227013|3|903,903,1227013,3,2026-05-03,1,-1,2,2,2,24.0323,24.0323,-2.5930,0.0000,-10.789796,12.0162,12.0162,1.0000,0,1,1,1846979,A168_HF9F_20260827_0900,2026-08-27 09:00:00,185
1227013|30|903,903,1227013,30,2026-05-03,1,-1,3,3,2,506.5060,506.5060,-445.7648,0.0000,-88.007800,168.8353,168.8353,1.0000,0,1,3,1846980,A168_HF9F_20260827_0900,2026-08-27 09:00:00,185
1227013|31|903,903,1227013,31,2026-05-03,1,-1,3,3,1,481.8204,481.8204,481.8204,0.0000,100.000000,160.6068,160.6068,1.0000,0,1,3,1846981,A168_HF9F_20260827_0900,2026-08-27 09:00:00,185
1227013|32|903,903,1227013,32,2026-05-03,1,-1,1,1,1,12.9729,12.9729,-12.3242,0.0000,-95.000000,12.9729,12.9729,1.0000,0,0,0,1846982,A168_HF9F_20260827_0900,2026-08-27 09:00:00,185
1227013|33|903,903,1227013,33,2026-05-03,1,-1,4,5,3,1535.0964,1535.0964,1128.7116,0.0000,73.527080,307.0193,383.7741,1.2500,0,1,6,1846983,A168_HF9F_20260827_0900,2026-08-27 09:00:00,185
1227013|34|903,903,1227013,34,2026-05-03,1,-1,7,8,2,552.9583,501.0669,-200.2703,0.0000,-39.968771,69.1198,78.9940,1.1429,2,1,21,1846984,A168_HF9F_20260827_0900,2026-08-27 09:00:00,185
1227013|35|903,903,1227013,35,2026-05-03,1,-1,9,9,2,1193.9949,0.0000,0.0000,0.0000,,132.6661,132.6661,1.0000,9,1,36,1846985,A168_HF9F_20260827_0900,2026-08-27 09:00:00,185
1227013|36|903,903,1227013,36,2026-05-03,1,-1,9,9,1,1923.3634,1923.3634,1923.3634,0.0000,100.000000,213.7070,213.7070,1.0000,0,1,36,1846986,A168_HF9F_20260827_0900,2026-08-27 09:00:00,185
1227013|38|903,903,1227013,38,2026-05-03,1,-1,2,3,2,48.8132,45.3679,-39.6542,0.0000,-87.405852,16.2711,24.4066,1.5000,1,1,1,1846987,A168_HF9F_20260827_0900,2026-08-27 09:00:00,185
1227013|39|903,903,1227013,39,2026-05-03,1,-1,1,2,2,5.1680,1.7227,1.7227,0.0000,100.000000,2.5840,5.1680,2.0000,1,0,0,1846988,A168_HF9F_20260827_0900,2026-08-27 09:00:00,185
1227013|4|903,903,1227013,4,2026-05-03,1,-1,3,5,4,80.4317,80.4317,-35.9348,0.0000,-44.677419,16.0863,26.8106,1.6667,0,1,3,1846989,A168_HF9F_20260827_0900,2026-08-27 09:00:00,185
1227013|40|903,903,1227013,40,2026-05-03,1,-1,1,2,2,75.2394,75.2394,75.2394,0.0000,100.000000,37.6197,75.2394,2.0000,0,0,0,1846990,A168_HF9F_20260827_0900,2026-08-27 09:00:00,185
1227013|41|903,903,1227013,41,2026-05-03,1,-1,1,1,1,43.6453,43.6453,43.6453,0.0000,100.000000,43.6453,43.6453,1.0000,0,0,0,1846991,A168_HF9F_20260827_0900,2026-08-27 09:00:00,185
1227013|42|903,903,1227013,42,2026-05-03,1,-1,2,2,2,569.2140,569.2140,228.7810,0.0000,40.192447,284.6070,284.6070,1.0000,0,1,1,1846992,A168_HF9F_20260827_0900,2026-08-27 09:00:00,185
1227013|43|903,903,1227013,43,2026-05-03,1,-1,7,7,2,746.1236,746.1236,380.9072,1.1595,51.051480,106.5891,106.5891,1.0000,0,1,21,1846993,A168_HF9F_20260827_0900,2026-08-27 09:00:00,185
1227013|44|903,903,1227013,44,2026-05-03,1,-1,5,5,2,815.7482,815.7482,461.2024,0.0000,56.537343,163.1496,163.1496,1.0000,0,1,10,1846994,A168_HF9F_20260827_0900,2026-08-27 09:00:00,185
1227013|45|903,903,1227013,45,2026-05-03,1,-1,6,7,3,1290.2296,1290.2296,144.9863,0.0000,11.237244,184.3185,215.0383,1.1667,0,1,15,1846995,A168_HF9F_20260827_0900,2026-08-27 09:00:00,185
1227013|46|903,903,1227013,46,2026-05-03,1,-1,11,14,5,859.8478,859.8478,-549.7375,0.0000,-63.934275,61.4177,78.1680,1.2727,0,1,55,1846996,A168_HF9F_20260827_0900,2026-08-27 09:00:00,185
1227013|47|903,903,1227013,47,2026-05-03,1,-1,16,30,8,2760.8754,2641.5250,2008.4494,1.7645,76.033708,92.0292,172.5547,1.8750,1,1,120,1846997,A168_HF9F_20260827_0900,2026-08-27 09:00:00,185
1227013|48|903,903,1227013,48,2026-05-03,1,-1,5,8,5,148.0994,12.6037,12.6037,0.0000,100.000000,18.5124,29.6199,1.6000,5,1,10,1846998,A168_HF9F_20260827_0900,2026-08-27 09:00:00,185
1227013|49|903,903,1227013,49,2026-05-03,1,-1,6,10,6,201.4623,201.4623,-54.4189,0.0000,-27.011945,20.1462,33.5770,1.6667,0,1,15,1846999,A168_HF9F_20260827_0900,2026-08-27 09:00:00,185
1227013|5|903,903,1227013,5,2026-05-03,1,-1,3,4,3,157.7908,157.7908,-115.0401,0.0000,-72.906737,39.4477,52.5969,1.3333,0,1,3,1847000,A168_HF9F_20260827_0900,2026-08-27 09:00:00,185
1227013|50|903,903,1227013,50,2026-05-03,1,-1,7,11,6,512.5285,512.5285,217.5453,0.0000,42.445504,46.5935,73.2184,1.5714,0,1,21,1847001,A168_HF9F_20260827_0900,2026-08-27 09:00:00,185
1227013|51|903,903,1227013,51,2026-05-03,1,-1,5,6,3,302.7251,302.7251,138.1215,0.0000,45.626067,50.4542,60.5450,1.2000,0,1,10,1847002,A168_HF9F_20260827_0900,2026-08-27 09:00:00,185
1227013|52|903,903,1227013,52,2026-05-03,1,-1,4,5,3,123.0203,123.0203,-14.7236,0.0000,-11.968449,24.6041,30.7551,1.2500,0,1,6,1847003,A168_HF9F_20260827_0900,2026-08-27 09:00:00,185
1227013|53|903,903,1227013,53,2026-05-03,1,-1,3,5,3,137.3928,137.3928,137.3928,0.0000,100.000000,27.4786,45.7976,1.6667,0,1,3,1847004,A168_HF9F_20260827_0900,2026-08-27 09:00:00,185
1227013|6|903,903,1227013,6,2026-05-03,1,-1,6,9,5,5033.0217,5033.0217,-3847.6368,0.0000,-76.447848,559.2246,838.8370,1.5000,0,1,15,1847005,A168_HF9F_20260827_0900,2026-08-27 09:00:00,185
1227013|7|903,903,1227013,7,2026-05-03,1,-1,2,5,4,410.7859,410.7859,410.7859,0.0000,100.000000,82.1572,205.3930,2.5000,0,1,1,1847006,A168_HF9F_20260827_0900,2026-08-27 09:00:00,185
1227013|8|903,903,1227013,8,2026-05-03,1,-1,7,24,8,731.8584,731.8584,-445.9303,0.0000,-60.931232,30.4941,104.5512,3.4286,0,1,21,1847007,A168_HF9F_20260827_0900,2026-08-27 09:00:00,185
1227013|9|903,903,1227013,9,2026-05-03,1,-1,13,17,5,2176.8672,44.1130,-126.0372,0.0000,-285.714286,128.0510,167.4513,1.3077,13,1,78,1847008,A168_HF9F_20260827_0900,2026-08-27 09:00:00,185
1227051|1|903,903,1227051,1,2026-05-03,1,-1,1,1,1,7.7837,7.7837,-7.7837,0.0000,-100.000000,7.7837,7.7837,1.0000,0,0,0,1847009,A168_HF9F_20260827_0900,2026-08-27 09:00:00,185
1227051|10|903,903,1227051,10,2026-05-03,1,-1,8,9,3,1887.1239,1887.1239,1743.0109,0.3361,92.363353,209.6804,235.8905,1.1250,0,1,28,1847010,A168_HF9F_20260827_0900,2026-08-27 09:00:00,185
1227051|11|903,903,1227051,11,2026-05-03,1,-1,8,11,6,407.1521,53.5082,-180.0033,0.0000,-336.403457,37.0138,50.8940,1.3750,7,1,28,1847011,A168_HF9F_20260827_0900,2026-08-27 09:00:00,185
1227051|12|903,903,1227051,12,2026-05-03,1,-1,7,11,6,832.1146,832.1146,310.6914,0.0000,37.337576,75.6468,118.8735,1.5714,0,1,21,1847012,A168_HF9F_20260827_0900,2026-08-27 09:00:00,185
1227051|13|903,903,1227051,13,2026-05-03,1,-1,7,10,5,917.5546,917.5546,-750.1395,0.0000,-81.754206,91.7555,131.0792,1.4286,0,1,21,1847013,A168_HF9F_20260827_0900,2026-08-27 09:00:00,185
1227051|14|903,903,1227051,14,2026-05-03,1,-1,10,15,6,1243.4540,29.0743,-29.4087,0.0336,-101.150026,82.8969,124.3454,1.5000,10,1,45,1847014,A168_HF9F_20260827_0900,2026-08-27 09:00:00,185
1227051|15|903,903,1227051,15,2026-05-03,1,-1,11,18,8,1645.3236,1645.3236,1054.0775,0.0504,64.065056,91.4069,149.5749,1.6364,0,1,55,1847015,A168_HF9F_20260827_0900,2026-08-27 09:00:00,185
1227051|16|903,903,1227051,16,2026-05-03,1,-1,6,12,8,509.0440,509.0440,325.5814,0.3307,63.959394,42.4203,84.8407,2.0000,0,1,15,1847016,A168_HF9F_20260827_0900,2026-08-27 09:00:00,185
1227051|17|903,903,1227051,17,2026-05-03,1,-1,7,12,7,1383.0999,1383.0999,750.0926,0.0000,54.232711,115.2583,197.5857,1.7143,0,1,21,1847017,A168_HF9F_20260827_0900,2026-08-27 09:00:00,185
1227051|18|903,903,1227051,18,2026-05-03,1,-1,9,10,4,2171.0585,2171.0585,2096.2775,0.6615,96.555550,217.1059,241.2287,1.1111,0,1,36,1847018,A168_HF9F_20260827_0900,2026-08-27 09:00:00,185
1227051|19|903,903,1227051,19,2026-05-03,1,-1,5,12,8,336.6866,336.6866,107.1431,0.0000,31.822806,28.0572,67.3373,2.4000,0,1,10,1847019,A168_HF9F_20260827_0900,2026-08-27 09:00:00,185
1227051|2|903,903,1227051,2,2026-05-03,1,-1,1,1,1,7.7837,7.7837,-7.7837,0.0000,-100.000000,7.7837,7.7837,1.0000,0,0,0,1847020,A168_HF9F_20260827_0900,2026-08-27 09:00:00,185
1227051|20|903,903,1227051,20,2026-05-03,1,-1,4,8,6,71.5649,71.5649,45.7588,0.0000,63.940263,8.9456,17.8912,2.0000,0,1,6,1847021,A168_HF9F_20260827_0900,2026-08-27 09:00:00,185
1227051|21|903,903,1227051,21,2026-05-03,1,-1,4,11,5,235.6086,235.6086,67.6500,0.0000,28.712856,21.4190,58.9022,2.7500,0,1,6,1847022,A168_HF9F_20260827_0900,2026-08-27 09:00:00,185
1227051|22|903,903,1227051,22,2026-05-03,1,-1,10,17,6,3163.3341,3163.3341,-2438.2138,0.0000,-77.077341,186.0785,316.3334,1.7000,0,1,45,1847023,A168_HF9F_20260827_0900,2026-08-27 09:00:00,185
1227051|23|903,903,1227051,23,2026-05-03,1,-1,5,10,7,2079.1641,2079.1641,1786.8198,0.0000,85.939334,207.9164,415.8328,2.0000,0,1,10,1847024,A168_HF9F_20260827_0900,2026-08-27 09:00:00,185
1227051|24|903,903,1227051,24,2026-05-03,1,-1,3,6,4,294.2012,294.2012,294.2012,0.0000,100.000000,49.0335,98.0671,2.0000,0,1,3,1847025,A168_HF9F_20260827_0900,2026-08-27 09:00:00,185
1227051|25|903,903,1227051,25,2026-05-03,1,-1,2,2,1,955.8310,955.8310,-955.8310,0.0000,-100.000000,477.9155,477.9155,1.0000,0,1,1,1847026,A168_HF9F_20260827_0900,2026-08-27 09:00:00,185
1227051|26|903,903,1227051,26,2026-05-03,1,-1,1,2,2,54.4860,54.4860,54.4860,0.0000,100.000000,27.2430,54.4860,2.0000,0,0,0,1847027,A168_HF9F_20260827_0900,2026-08-27 09:00:00,185
1227051|27|903,903,1227051,27,2026-05-03,1,-1,6,8,4,2528.9842,2528.9842,2076.7959,0.0000,82.119765,316.1230,421.4974,1.3333,0,1,15,1847028,A168_HF9F_20260827_0900,2026-08-27 09:00:00,185
1227051|28|903,903,1227051,28,2026-05-03,1,-1,3,3,2,18.5658,18.5658,18.5658,0.0393,100.000000,6.1886,6.1886,1.0000,0,1,3,1847029,A168_HF9F_20260827_0900,2026-08-27 09:00:00,185
1227051|29|903,903,1227051,29,2026-05-03,1,-1,3,4,2,75.5713,49.6256,-29.6256,0.0000,-59.698230,18.8928,25.1904,1.3333,1,1,3,1847030,A168_HF9F_20260827_0900,2026-08-27 09:00:00,185
1227051|3|903,903,1227051,3,2026-05-03,1,-1,3,3,2,2174.7083,0.0000,0.0000,0.0000,,724.9028,724.9028,1.0000,3,1,3,1847031,A168_HF9F_20260827_0900,2026-08-27 09:00:00,185
1227051|30|903,903,1227051,30,2026-05-03,1,-1,3,3,2,857.4988,857.4988,-822.9969,0.0000,-95.976451,285.8329,285.8329,1.0000,0,1,3,1847032,A168_HF9F_20260827_0900,2026-08-27 09:00:00,185
1227051|31|903,903,1227051,31,2026-05-03,1,-1,2,2,1,4116.9900,4116.9900,4116.9900,0.0000,100.000000,2058.4950,2058.4950,1.0000,0,1,1,1847033,A168_HF9F_20260827_0900,2026-08-27 09:00:00,185
1227051|32|903,903,1227051,32,2026-05-03,1,-1,1,1,1,420.1239,420.1239,420.1239,0.0000,100.000000,420.1239,420.1239,1.0000,0,0,0,1847034,A168_HF9F_20260827_0900,2026-08-27 09:00:00,185
1227051|33|903,903,1227051,33,2026-05-03,1,-1,2,2,1,655.1859,655.1859,655.1859,0.0000,100.000000,327.5930,327.5930,1.0000,0,1,1,1847035,A168_HF9F_20260827_0900,2026-08-27 09:00:00,185
1227051|34|903,903,1227051,34,2026-05-03,1,-1,2,2,2,676.3995,676.3995,-583.9723,0.0000,-86.335404,338.1998,338.1998,1.0000,0,1,1,1847036,A168_HF9F_20260827_0900,2026-08-27 09:00:00,185
1227051|35|903,903,1227051,35,2026-05-03,1,-1,2,2,2,717.4764,717.4764,547.2599,0.0000,76.275669,358.7382,358.7382,1.0000,0,1,1,1847037,A168_HF9F_20260827_0900,2026-08-27 09:00:00,185
1227051|36|903,903,1227051,36,2026-05-03,1,-1,3,3,2,722.4764,722.4764,552.2599,0.0000,76.439856,240.8255,240.8255,1.0000,0,1,3,1847038,A168_HF9F_20260827_0900,2026-08-27 09:00:00,185
1227051|37|903,903,1227051,37,2026-05-03,1,-1,8,8,2,2769.6433,0.0000,0.0000,0.0000,,346.2054,346.2054,1.0000,8,1,28,1847039,A168_HF9F_20260827_0900,2026-08-27 09:00:00,185
1227051|38|903,903,1227051,38,2026-05-03,1,-1,7,9,4,1546.5853,1546.5853,435.6894,0.0000,28.171054,171.8428,220.9408,1.2857,0,1,21,1847040,A168_HF9F_20260827_0900,2026-08-27 09:00:00,185
1227051|39|903,903,1227051,39,2026-05-03,1,-1,7,8,3,804.7195,804.7195,-667.0848,0.0000,-82.896561,100.5899,114.9599,1.1429,0,1,21,1847041,A168_HF9F_20260827_0900,2026-08-27 09:00:00,185
1227051|4|903,903,1227051,4,2026-05-03,1,-1,2,2,1,14.9258,0.0000,0.0000,0.0000,,7.4629,7.4629,1.0000,2,1,1,1847042,A168_HF9F_20260827_0900,2026-08-27 09:00:00,185
1227051|40|903,903,1227051,40,2026-05-03,1,-1,3,3,1,724.2112,724.2112,724.2112,0.0000,100.000000,241.4037,241.4037,1.0000,0,1,3,1847043,A168_HF9F_20260827_0900,2026-08-27 09:00:00,185
1227051|41|903,903,1227051,41,2026-05-03,1,-1,3,3,2,654.7003,654.7003,-622.6932,0.0786,-95.111184,218.2334,218.2334,1.0000,0,1,3,1847044,A168_HF9F_20260827_0900,2026-08-27 09:00:00,185
1227051|42|903,903,1227051,42,2026-05-03,1,-1,9,9,2,3406.9821,3406.9821,424.0360,0.0000,12.446089,378.5536,378.5536,1.0000,0,1,36,1847045,A168_HF9F_20260827_0900,2026-08-27 09:00:00,185
1227051|43|903,903,1227051,43,2026-05-03,1,-1,3,7,4,1037.3302,1037.3302,911.2930,0.0000,87.849850,148.1900,345.7767,2.3333,0,1,3,1847046,A168_HF9F_20260827_0900,2026-08-27 09:00:00,185
1227051|44|903,903,1227051,44,2026-05-03,1,-1,4,5,3,1328.7004,1328.7004,1308.7004,0.0000,98.494770,265.7401,332.1751,1.2500,0,1,6,1847047,A168_HF9F_20260827_0900,2026-08-27 09:00:00,185
1227051|45|903,903,1227051,45,2026-05-03,1,-1,3,4,3,946.4081,946.4081,812.8271,0.0840,85.885472,236.6020,315.4694,1.3333,0,1,3,1847048,A168_HF9F_20260827_0900,2026-08-27 09:00:00,185
1227051|46|903,903,1227051,46,2026-05-03,1,-1,14,21,8,7799.4941,7795.2928,7775.8979,0.4235,99.751196,371.4045,557.1067,1.5000,1,1,91,1847049,A168_HF9F_20260827_0900,2026-08-27 09:00:00,185
1227051|47|903,903,1227051,47,2026-05-03,1,-1,5,6,2,5407.3152,5407.3152,-5107.6995,0.0000,-94.459066,901.2192,1081.4630,1.2000,0,1,10,1847050,A168_HF9F_20260827_0900,2026-08-27 09:00:00,185
1227051|48|903,903,1227051,48,2026-05-03,1,-1,1,2,2,26.0000,26.0000,-14.9500,0.0000,-57.500000,13.0000,26.0000,2.0000,0,0,0,1847051,A168_HF9F_20260827_0900,2026-08-27 09:00:00,185
1227051|49|903,903,1227051,49,2026-05-03,1,-1,5,6,2,595.9593,10.0000,-80.0000,0.0000,-800.000000,99.3265,119.1919,1.2000,5,1,10,1847052,A168_HF9F_20260827_0900,2026-08-27 09:00:00,185
1227051|5|903,903,1227051,5,2026-05-03,1,-1,2,2,2,14.9258,14.9258,0.9987,0.0000,6.691188,7.4629,7.4629,1.0000,0,1,1,1847053,A168_HF9F_20260827_0900,2026-08-27 09:00:00,185
1227051|50|903,903,1227051,50,2026-05-03,1,-1,10,17,7,995.1243,974.1181,-589.4258,0.8402,-60.508659,58.5367,99.5124,1.7000,1,1,45,1847054,A168_HF9F_20260827_0900,2026-08-27 09:00:00,185
1227051|51|903,903,1227051,51,2026-05-03,1,-1,9,10,3,1213.4347,1213.4347,17.7777,0.1647,1.465077,121.3435,134.8261,1.1111,0,1,36,1847055,A168_HF9F_20260827_0900,2026-08-27 09:00:00,185
1227051|52|903,903,1227051,52,2026-05-03,1,-1,1,1,1,1038.3478,1038.3478,-1038.3478,0.0000,-100.000000,1038.3478,1038.3478,1.0000,0,0,0,1847056,A168_HF9F_20260827_0900,2026-08-27 09:00:00,185
1227051|53|903,903,1227051,53,2026-05-03,1,-1,5,5,2,1338.3900,1338.3900,-218.3533,0.0000,-16.314624,267.6780,267.6780,1.0000,0,1,10,1847057,A168_HF9F_20260827_0900,2026-08-27 09:00:00,185
1227051|54|903,903,1227051,54,2026-05-03,1,-1,2,2,2,1847.4757,1847.4757,-228.1820,0.0000,-12.351015,923.7379,923.7379,1.0000,0,1,1,1847058,A168_HF9F_20260827_0900,2026-08-27 09:00:00,185
1227051|6|903,903,1227051,6,2026-05-03,1,-1,1,2,2,5.4616,5.4616,-3.1404,0.0000,-57.500000,2.7308,5.4616,2.0000,0,0,0,1847059,A168_HF9F_20260827_0900,2026-08-27 09:00:00,185
1227051|7|903,903,1227051,7,2026-05-03,1,-1,1,1,1,305.5168,305.5168,305.5168,0.0000,100.000000,305.5168,305.5168,1.0000,0,0,0,1847060,A168_HF9F_20260827_0900,2026-08-27 09:00:00,185
1227051|8|903,903,1227051,8,2026-05-03,1,-1,2,3,3,577.8914,577.8914,-556.8852,0.0000,-96.365027,192.6305,288.9457,1.5000,0,1,1,1847061,A168_HF9F_20260827_0900,2026-08-27 09:00:00,185
1227051|9|903,903,1227051,9,2026-05-03,1,-1,4,4,1,330.4648,0.0000,0.0000,0.0000,,82.6162,82.6162,1.0000,4,1,6,1847062,A168_HF9F_20260827_0900,2026-08-27 09:00:00,185
1227083|10|903,903,1227083,10,2026-05-03,1,-1,6,10,6,1078.8695,1078.8695,739.9406,0.0000,68.584810,107.8869,179.8116,1.6667,0,1,15,1847063,A168_HF9F_20260827_0900,2026-08-27 09:00:00,185
1227083|11|903,903,1227083,11,2026-05-03,1,-1,5,6,3,1119.3239,1119.3239,982.8239,0.0000,87.805138,186.5540,223.8648,1.2000,0,1,10,1847064,A168_HF9F_20260827_0900,2026-08-27 09:00:00,185
1227083|12|903,903,1227083,12,2026-05-03,1,-1,5,7,4,1031.9422,1031.9422,859.0422,0.9453,83.245186,147.4203,206.3884,1.4000,0,1,10,1847065,A168_HF9F_20260827_0900,2026-08-27 09:00:00,185
1227083|13|903,903,1227083,13,2026-05-03,1,-1,5,6,3,1014.5973,1014.5973,-894.5262,0.6891,-88.165640,169.0995,202.9195,1.2000,0,1,10,1847066,A168_HF9F_20260827_0900,2026-08-27 09:00:00,185
1227083|14|903,903,1227083,14,2026-05-03,1,-1,2,3,2,1748.8101,1748.8101,-1659.4196,0.0000,-94.888496,582.9367,874.4050,1.5000,0,1,1,1847067,A168_HF9F_20260827_0900,2026-08-27 09:00:00,185
1227083|15|903,903,1227083,15,2026-05-03,1,-1,15,26,8,5293.5725,5137.8982,4805.6216,0.0000,93.532829,203.5989,352.9048,1.7333,1,1,105,1847068,A168_HF9F_20260827_0900,2026-08-27 09:00:00,185
1227083|16|903,903,1227083,16,2026-05-03,1,-1,5,8,3,229.8628,216.1829,132.1581,0.0000,61.132548,28.7328,45.9726,1.6000,1,1,10,1847069,A168_HF9F_20260827_0900,2026-08-27 09:00:00,185
1227083|17|903,903,1227083,17,2026-05-03,1,-1,4,5,4,1007.7274,1007.7274,855.9450,0.0000,84.938143,201.5455,251.9319,1.2500,0,1,6,1847070,A168_HF9F_20260827_0900,2026-08-27 09:00:00,185
1227083|18|903,903,1227083,18,2026-05-03,1,-1,5,5,4,1036.7670,1036.7670,-665.3978,0.0000,-64.180075,207.3534,207.3534,1.0000,0,1,10,1847071,A168_HF9F_20260827_0900,2026-08-27 09:00:00,185
1227083|19|903,903,1227083,19,2026-05-03,1,-1,8,8,2,2970.3111,2970.3111,2866.5282,0.0000,96.505993,371.2889,371.2889,1.0000,0,1,28,1847072,A168_HF9F_20260827_0900,2026-08-27 09:00:00,185
1227083|2|903,903,1227083,2,2026-05-03,1,-1,1,1,1,10.5031,10.5031,-10.5031,0.0000,-100.000000,10.5031,10.5031,1.0000,0,0,0,1847073,A168_HF9F_20260827_0900,2026-08-27 09:00:00,185
1227083|20|903,903,1227083,20,2026-05-03,1,-1,6,9,5,1115.1330,1115.1330,1058.5830,0.0000,94.928856,123.9037,185.8555,1.5000,0,1,15,1847074,A168_HF9F_20260827_0900,2026-08-27 09:00:00,185
1227083|21|903,903,1227083,21,2026-05-03,1,-1,6,8,3,3187.1072,3127.1072,-2795.0692,0.0000,-89.381944,398.3884,531.1845,1.3333,1,1,15,1847075,A168_HF9F_20260827_0900,2026-08-27 09:00:00,185
1227083|22|903,903,1227083,22,2026-05-03,1,-1,4,5,3,297.2338,297.2338,190.5307,0.0000,64.101279,59.4468,74.3085,1.2500,0,1,6,1847076,A168_HF9F_20260827_0900,2026-08-27 09:00:00,185
1227083|23|903,903,1227083,23,2026-05-03,1,-1,3,4,3,1011.7965,1011.7965,-860.0183,0.0000,-84.999143,252.9491,337.2655,1.3333,0,1,3,1847077,A168_HF9F_20260827_0900,2026-08-27 09:00:00,185
1227083|24|903,903,1227083,24,2026-05-03,1,-1,10,12,3,1721.7485,1661.7485,416.5677,0.0000,25.068033,143.4790,172.1748,1.2000,1,1,45,1847078,A168_HF9F_20260827_0900,2026-08-27 09:00:00,185
1227083|25|903,903,1227083,25,2026-05-03,1,-1,6,6,3,414.2423,414.2423,-262.4471,0.0000,-63.355923,69.0404,69.0404,1.0000,0,1,15,1847079,A168_HF9F_20260827_0900,2026-08-27 09:00:00,185
1227083|26|903,903,1227083,26,2026-05-03,1,-1,13,17,5,2519.4005,2479.4005,-1634.5291,0.0000,-65.924367,148.2000,193.8000,1.3077,1,1,78,1847080,A168_HF9F_20260827_0900,2026-08-27 09:00:00,185
1227083|27|903,903,1227083,27,2026-05-03,1,-1,10,12,4,320.8651,320.8651,-295.0718,0.0000,-91.961340,26.7388,32.0865,1.2000,0,1,45,1847081,A168_HF9F_20260827_0900,2026-08-27 09:00:00,185
1227083|28|903,903,1227083,28,2026-05-03,1,-1,7,8,4,173.4069,173.4069,49.9683,0.0000,28.815635,21.6759,24.7724,1.1429,0,1,21,1847082,A168_HF9F_20260827_0900,2026-08-27 09:00:00,185
1227083|29|903,903,1227083,29,2026-05-03,1,-1,12,14,3,3217.6491,3217.6491,3001.7656,0.0000,93.290645,229.8321,268.1374,1.1667,0,1,66,1847083,A168_HF9F_20260827_0900,2026-08-27 09:00:00,185
1227083|3|903,903,1227083,3,2026-05-03,1,-1,4,4,2,1541.2901,1541.2901,647.3789,0.0000,42.002404,385.3225,385.3225,1.0000,0,1,6,1847084,A168_HF9F_20260827_0900,2026-08-27 09:00:00,185
1227083|30|903,903,1227083,30,2026-05-03,1,-1,5,7,4,123.1763,123.1763,123.1763,0.0000,100.000000,17.5966,24.6353,1.4000,0,1,10,1847085,A168_HF9F_20260827_0900,2026-08-27 09:00:00,185
1227083|31|903,903,1227083,31,2026-05-03,1,-1,8,10,4,1127.1286,1127.1286,1075.2371,0.0000,95.396138,112.7129,140.8911,1.2500,0,1,28,1847086,A168_HF9F_20260827_0900,2026-08-27 09:00:00,185
1227083|32|903,903,1227083,32,2026-05-03,1,-1,8,15,8,1237.8555,1237.8555,908.6056,0.0000,73.401590,82.5237,154.7319,1.8750,0,1,28,1847087,A168_HF9F_20260827_0900,2026-08-27 09:00:00,185
1227083|33|903,903,1227083,33,2026-05-03,1,-1,6,7,3,1135.2299,1135.2299,-941.2299,0.8402,-82.910951,162.1757,189.2050,1.1667,0,1,15,1847088,A168_HF9F_20260827_0900,2026-08-27 09:00:00,185
1227083|34|903,903,1227083,34,2026-05-03,1,-1,7,8,4,1077.5342,1077.5342,977.5342,0.8402,90.719552,134.6918,153.9335,1.1429,0,1,21,1847089,A168_HF9F_20260827_0900,2026-08-27 09:00:00,185
1227083|35|903,903,1227083,35,2026-05-03,1,-1,3,4,4,77.1891,77.1891,77.1891,0.0000,100.000000,19.2973,25.7297,1.3333,0,1,3,1847090,A168_HF9F_20260827_0900,2026-08-27 09:00:00,185
1227083|36|903,903,1227083,36,2026-05-03,1,-1,5,5,1,1047.2458,1047.2458,-1047.2458,0.0000,-100.000000,209.4492,209.4492,1.0000,0,1,10,1847091,A168_HF9F_20260827_0900,2026-08-27 09:00:00,185
1227083|37|903,903,1227083,37,2026-05-03,1,-1,10,11,3,3925.5996,3925.5996,3893.6147,1.6805,99.185224,356.8727,392.5600,1.1000,0,1,45,1847092,A168_HF9F_20260827_0900,2026-08-27 09:00:00,185
1227083|38|903,903,1227083,38,2026-05-03,1,-1,3,4,2,1035.9050,1033.9050,713.9050,0.0000,69.049382,258.9763,345.3017,1.3333,1,1,3,1847093,A168_HF9F_20260827_0900,2026-08-27 09:00:00,185
1227083|39|903,903,1227083,39,2026-05-03,1,-1,2,7,7,95.9457,95.9457,-44.0543,0.0000,-45.915834,13.7065,47.9729,3.5000,0,1,1,1847094,A168_HF9F_20260827_0900,2026-08-27 09:00:00,185
1227083|4|903,903,1227083,4,2026-05-03,1,-1,2,2,1,883.4081,883.4081,-883.4081,0.0000,-100.000000,441.7041,441.7041,1.0000,0,1,1,1847095,A168_HF9F_20260827_0900,2026-08-27 09:00:00,185
1227083|40|903,903,1227083,40,2026-05-03,1,-1,2,2,2,98.0000,98.0000,-77.5000,0.0000,-79.081633,49.0000,49.0000,1.0000,0,1,1,1847096,A168_HF9F_20260827_0900,2026-08-27 09:00:00,185
1227083|41|903,903,1227083,41,2026-05-03,1,-1,3,3,1,874.6689,874.6689,874.6689,0.0000,100.000000,291.5563,291.5563,1.0000,0,1,3,1847097,A168_HF9F_20260827_0900,2026-08-27 09:00:00,185
1227083|42|903,903,1227083,42,2026-05-03,1,-1,2,3,3,85.0000,85.0000,46.0000,0.0000,54.117647,28.3333,42.5000,1.5000,0,1,1,1847098,A168_HF9F_20260827_0900,2026-08-27 09:00:00,185
1227083|43|903,903,1227083,43,2026-05-03,1,-1,3,3,2,1122.9050,1122.9050,-676.7598,0.0000,-60.268657,374.3017,374.3017,1.0000,0,1,3,1847099,A168_HF9F_20260827_0900,2026-08-27 09:00:00,185
1227083|44|903,903,1227083,44,2026-05-03,1,-1,5,11,7,1164.0068,1164.0068,541.0927,0.0000,46.485352,105.8188,232.8014,2.2000,0,1,10,1847100,A168_HF9F_20260827_0900,2026-08-27 09:00:00,185
1227083|45|903,903,1227083,45,2026-05-03,1,-1,3,3,2,944.8507,944.8507,804.5566,0.0000,85.151712,314.9502,314.9502,1.0000,0,1,3,1847101,A168_HF9F_20260827_0900,2026-08-27 09:00:00,185
1227083|46|903,903,1227083,46,2026-05-03,1,-1,3,3,1,1012.2019,1012.2019,1012.2019,0.0000,100.000000,337.4006,337.4006,1.0000,0,1,3,1847102,A168_HF9F_20260827_0900,2026-08-27 09:00:00,185
1227083|47|903,903,1227083,47,2026-05-03,1,-1,6,6,4,306.0838,75.5217,-586.1735,0.0000,-776.165787,51.0140,51.0140,1.0000,4,1,15,1847103,A168_HF9F_20260827_0900,2026-08-27 09:00:00,185
1227083|48|903,903,1227083,48,2026-05-03,1,-1,6,7,4,184.6522,184.6522,154.2957,0.0000,83.560177,26.3789,30.7754,1.1667,0,1,15,1847104,A168_HF9F_20260827_0900,2026-08-27 09:00:00,185
1227083|49|903,903,1227083,49,2026-05-03,1,-1,6,7,3,368.4040,84.0248,-672.1983,0.0000,-800.000000,52.6291,61.4007,1.1667,6,1,15,1847105,A168_HF9F_20260827_0900,2026-08-27 09:00:00,185
1227083|5|903,903,1227083,5,2026-05-03,1,-1,8,10,4,1370.3815,1370.3815,-1111.2310,4.9022,-81.089170,137.0381,171.2977,1.2500,0,1,28,1847106,A168_HF9F_20260827_0900,2026-08-27 09:00:00,185
1227083|50|903,903,1227083,50,2026-05-03,1,-1,8,9,2,396.2689,396.2689,396.2689,0.8402,100.000000,44.0299,49.5336,1.1250,0,1,28,1847107,A168_HF9F_20260827_0900,2026-08-27 09:00:00,185
1227083|51|903,903,1227083,51,2026-05-03,1,-1,10,12,4,986.0014,986.0014,296.1970,0.0000,30.040224,82.1668,98.6001,1.2000,0,1,45,1847108,A168_HF9F_20260827_0900,2026-08-27 09:00:00,185
1227083|52|903,903,1227083,52,2026-05-03,1,-1,8,13,6,1640.9045,1480.9045,1231.8394,1.3444,83.181556,126.2234,205.1131,1.6250,1,1,28,1847109,A168_HF9F_20260827_0900,2026-08-27 09:00:00,185
1227083|53|903,903,1227083,53,2026-05-03,1,-1,1,1,1,10.0000,10.0000,10.0000,0.0000,100.000000,10.0000,10.0000,1.0000,0,0,0,1847110,A168_HF9F_20260827_0900,2026-08-27 09:00:00,185
1227083|54|903,903,1227083,54,2026-05-03,1,-1,2,2,1,254.0248,0.0000,0.0000,0.0000,,127.0124,127.0124,1.0000,2,1,1,1847111,A168_HF9F_20260827_0900,2026-08-27 09:00:00,185
1227083|55|903,903,1227083,55,2026-05-03,1,-1,1,1,1,200.0000,200.0000,200.0000,0.0000,100.000000,200.0000,200.0000,1.0000,0,0,0,1847112,A168_HF9F_20260827_0900,2026-08-27 09:00:00,185
1227083|6|903,903,1227083,6,2026-05-03,1,-1,11,11,2,3485.1301,3485.1301,3315.9615,4.1005,95.145988,316.8300,316.8300,1.0000,0,1,55,1847113,A168_HF9F_20260827_0900,2026-08-27 09:00:00,185
1227083|7|903,903,1227083,7,2026-05-03,1,-1,4,4,2,54.1039,54.1039,48.9147,0.0000,90.408922,13.5260,13.5260,1.0000,0,1,6,1847114,A168_HF9F_20260827_0900,2026-08-27 09:00:00,185
1227083|8|903,903,1227083,8,2026-05-03,1,-1,5,7,5,492.8612,492.8612,-438.8612,0.0000,-89.043568,70.4087,98.5722,1.4000,0,1,10,1847115,A168_HF9F_20260827_0900,2026-08-27 09:00:00,185
1227083|9|903,903,1227083,9,2026-05-03,1,-1,5,6,3,978.6014,978.6014,939.6014,0.0000,96.014721,163.1002,195.7203,1.2000,0,1,10,1847116,A168_HF9F_20260827_0900,2026-08-27 09:00:00,185
1227119|1|903,903,1227119,1,2026-05-03,1,-1,1,1,1,3.8919,3.8919,-3.6973,0.0000,-95.000000,3.8919,3.8919,1.0000,0,0,0,1847117,A168_HF9F_20260827_0900,2026-08-27 09:00:00,185
1227119|10|903,903,1227119,10,2026-05-03,1,-1,5,5,2,752.6236,752.6236,-679.3980,0.8588,-90.270624,150.5247,150.5247,1.0000,0,1,10,1847118,A168_HF9F_20260827_0900,2026-08-27 09:00:00,185
1227119|11|903,903,1227119,11,2026-05-03,1,-1,7,8,3,1272.3392,1272.3392,-820.4636,0.9336,-64.484659,159.0424,181.7627,1.1429,0,1,21,1847119,A168_HF9F_20260827_0900,2026-08-27 09:00:00,185
1227119|12|903,903,1227119,12,2026-05-03,1,-1,8,13,6,1674.2792,1674.2792,1438.5687,1.0680,85.921671,128.7907,209.2849,1.6250,0,1,28,1847120,A168_HF9F_20260827_0900,2026-08-27 09:00:00,185
1227119|13|903,903,1227119,13,2026-05-03,1,-1,5,6,3,1358.5530,1358.5530,-731.6520,0.8588,-53.855242,226.4255,271.7106,1.2000,0,1,10,1847121,A168_HF9F_20260827_0900,2026-08-27 09:00:00,185
1227119|14|903,903,1227119,14,2026-05-03,1,-1,5,6,3,1224.4470,1224.4470,795.0383,0.0000,64.930399,204.0745,244.8894,1.2000,0,1,10,1847122,A168_HF9F_20260827_0900,2026-08-27 09:00:00,185
1227119|15|903,903,1227119,15,2026-05-03,1,-1,6,8,2,1727.9845,1727.9845,-1481.5305,0.6806,-85.737491,215.9981,287.9974,1.3333,0,1,15,1847123,A168_HF9F_20260827_0900,2026-08-27 09:00:00,185
1227119|16|903,903,1227119,16,2026-05-03,1,-1,7,7,1,1441.1255,1441.1255,1441.1255,0.8402,100.000000,205.8751,205.8751,1.0000,0,1,21,1847124,A168_HF9F_20260827_0900,2026-08-27 09:00:00,185
1227119|17|903,903,1227119,17,2026-05-03,1,-1,5,6,3,1930.3510,1930.3510,-1277.6848,0.5041,-66.189250,321.7252,386.0702,1.2000,0,1,10,1847125,A168_HF9F_20260827_0900,2026-08-27 09:00:00,185
1227119|18|903,903,1227119,18,2026-05-03,1,-1,4,6,3,1463.7532,1463.7532,1444.8476,0.0000,98.708418,243.9589,365.9383,1.5000,0,1,6,1847126,A168_HF9F_20260827_0900,2026-08-27 09:00:00,185
1227119|19|903,903,1227119,19,2026-05-03,1,-1,4,6,3,3287.0954,3287.0954,-2832.4548,0.0000,-86.168925,547.8492,821.7739,1.5000,0,1,6,1847127,A168_HF9F_20260827_0900,2026-08-27 09:00:00,185
1227119|20|903,903,1227119,20,2026-05-03,1,-1,1,1,1,436.4525,436.4525,-414.6299,0.0000,-95.000000,436.4525,436.4525,1.0000,0,0,0,1847128,A168_HF9F_20260827_0900,2026-08-27 09:00:00,185
1227119|21|903,903,1227119,21,2026-05-03,1,-1,6,8,3,1995.1036,1995.1036,-1393.8644,0.0000,-69.864262,249.3879,332.5173,1.3333,0,1,15,1847129,A168_HF9F_20260827_0900,2026-08-27 09:00:00,185
1227119|22|903,903,1227119,22,2026-05-03,1,-1,4,5,3,1998.3156,1998.3156,1987.1662,0.0000,99.442061,399.6631,499.5789,1.2500,0,1,6,1847130,A168_HF9F_20260827_0900,2026-08-27 09:00:00,185
1227119|23|903,903,1227119,23,2026-05-03,1,-1,8,9,2,3336.8047,68.3995,68.3995,0.0000,100.000000,370.7561,417.1006,1.1250,8,1,28,1847131,A168_HF9F_20260827_0900,2026-08-27 09:00:00,185
1227119|24|903,903,1227119,24,2026-05-03,1,-1,5,5,2,1540.8743,1540.8743,-1482.9599,0.0000,-96.241460,308.1749,308.1749,1.0000,0,1,10,1847132,A168_HF9F_20260827_0900,2026-08-27 09:00:00,185
1227119|25|903,903,1227119,25,2026-05-03,1,-1,6,6,2,1670.9884,1670.9884,1649.9822,0.0000,98.742888,278.4981,278.4981,1.0000,0,1,15,1847133,A168_HF9F_20260827_0900,2026-08-27 09:00:00,185
1227119|26|903,903,1227119,26,2026-05-03,1,-1,3,3,1,652.5155,652.5155,652.5155,0.0000,100.000000,217.5052,217.5052,1.0000,0,1,3,1847134,A168_HF9F_20260827_0900,2026-08-27 09:00:00,185
1227119|27|903,903,1227119,27,2026-05-03,1,-1,1,1,1,10.5031,10.5031,-9.9779,0.0000,-95.000000,10.5031,10.5031,1.0000,0,0,0,1847135,A168_HF9F_20260827_0900,2026-08-27 09:00:00,185
1227119|28|903,903,1227119,28,2026-05-03,1,-1,2,2,1,207.8196,207.8196,207.8196,0.0000,100.000000,103.9098,103.9098,1.0000,0,1,1,1847136,A168_HF9F_20260827_0900,2026-08-27 09:00:00,185
1227119|29|903,903,1227119,29,2026-05-03,1,-1,5,6,3,744.7333,744.7333,-602.4894,0.0000,-80.900020,124.1222,148.9467,1.2000,0,1,10,1847137,A168_HF9F_20260827_0900,2026-08-27 09:00:00,185
1227119|30|903,903,1227119,30,2026-05-03,1,-1,2,2,2,816.2723,816.2723,383.7277,0.0000,47.009761,408.1362,408.1362,1.0000,0,1,1,1847138,A168_HF9F_20260827_0900,2026-08-27 09:00:00,185
1227119|31|903,903,1227119,31,2026-05-03,1,-1,6,6,2,1189.7227,1189.7227,-294.2547,0.0000,-24.733045,198.2871,198.2871,1.0000,0,1,15,1847139,A168_HF9F_20260827_0900,2026-08-27 09:00:00,185
1227119|32|903,903,1227119,32,2026-05-03,1,-1,5,5,2,693.0019,693.0019,681.8525,0.0000,98.391146,138.6004,138.6004,1.0000,0,1,10,1847140,A168_HF9F_20260827_0900,2026-08-27 09:00:00,185
1227119|33|903,903,1227119,33,2026-05-03,1,-1,6,7,3,869.9499,869.9499,818.0584,0.0000,94.035123,124.2786,144.9916,1.1667,0,1,15,1847141,A168_HF9F_20260827_0900,2026-08-27 09:00:00,185
1227119|34|903,903,1227119,34,2026-05-03,1,-1,7,10,5,391.2888,391.2888,205.0330,0.0000,52.399410,39.1289,55.8984,1.4286,0,1,21,1847142,A168_HF9F_20260827_0900,2026-08-27 09:00:00,185
1227119|35|903,903,1227119,35,2026-05-03,1,-1,6,10,4,376.9988,376.9988,-188.8031,2.1510,-50.080549,37.6999,62.8331,1.6667,0,1,15,1847143,A168_HF9F_20260827_0900,2026-08-27 09:00:00,185
1227119|36|903,903,1227119,36,2026-05-03,1,-1,5,9,5,967.8021,967.8021,857.8315,0.3193,88.637087,107.5336,193.5604,1.8000,0,1,10,1847144,A168_HF9F_20260827_0900,2026-08-27 09:00:00,185
1227119|37|903,903,1227119,37,2026-05-03,1,-1,3,6,4,78.4612,78.4612,-5.5636,0.2857,-7.090859,13.0769,26.1537,2.0000,0,1,3,1847145,A168_HF9F_20260827_0900,2026-08-27 09:00:00,185
1227119|38|903,903,1227119,38,2026-05-03,1,-1,7,10,5,1012.7043,1012.7043,799.0811,0.2185,78.905664,101.2704,144.6720,1.4286,0,1,21,1847146,A168_HF9F_20260827_0900,2026-08-27 09:00:00,185
1227119|39|903,903,1227119,39,2026-05-03,1,-1,4,7,4,969.5335,969.5335,-810.4592,0.3529,-83.592697,138.5048,242.3834,1.7500,0,1,6,1847147,A168_HF9F_20260827_0900,2026-08-27 09:00:00,185
1227119|4|903,903,1227119,4,2026-05-03,1,-1,1,1,1,155.0000,155.0000,155.0000,0.0000,100.000000,155.0000,155.0000,1.0000,0,0,0,1847148,A168_HF9F_20260827_0900,2026-08-27 09:00:00,185
1227119|40|903,903,1227119,40,2026-05-03,1,-1,8,10,4,1029.3845,8.4025,8.4025,0.0672,100.000000,102.9384,128.6731,1.2500,8,1,28,1847149,A168_HF9F_20260827_0900,2026-08-27 09:00:00,185
1227119|41|903,903,1227119,41,2026-05-03,1,-1,8,12,6,239.9389,10.5031,-8.4025,0.0336,-80.000000,19.9949,29.9924,1.5000,8,1,28,1847150,A168_HF9F_20260827_0900,2026-08-27 09:00:00,185
1227119|42|903,903,1227119,42,2026-05-03,1,-1,7,10,4,1083.0127,18.9056,-113.4335,0.1512,-600.000000,108.3013,154.7161,1.4286,7,1,21,1847151,A168_HF9F_20260827_0900,2026-08-27 09:00:00,185
1227119|43|903,903,1227119,43,2026-05-03,1,-1,6,7,3,1007.1407,1007.1407,-720.4206,0.3025,-71.531271,143.8772,167.8568,1.1667,0,1,15,1847152,A168_HF9F_20260827_0900,2026-08-27 09:00:00,185
1227119|44|903,903,1227119,44,2026-05-03,1,-1,6,10,6,1137.3967,1137.3967,929.8310,0.7193,81.750803,113.7397,189.5661,1.6667,0,1,15,1847153,A168_HF9F_20260827_0900,2026-08-27 09:00:00,185
1227119|45|903,903,1227119,45,2026-05-03,1,-1,5,10,6,1096.1569,1096.1569,-934.3178,0.2470,-85.235772,109.6157,219.2314,2.0000,0,1,10,1847154,A168_HF9F_20260827_0900,2026-08-27 09:00:00,185
1227119|46|903,903,1227119,46,2026-05-03,1,-1,5,5,2,208.7163,208.7163,-97.5052,0.0000,-46.716652,41.7433,41.7433,1.0000,0,1,10,1847155,A168_HF9F_20260827_0900,2026-08-27 09:00:00,185
1227119|47|903,903,1227119,47,2026-05-03,1,-1,6,6,1,1202.7402,1202.7402,1202.7402,0.0000,100.000000,200.4567,200.4567,1.0000,0,1,15,1847156,A168_HF9F_20260827_0900,2026-08-27 09:00:00,185
1227119|48|903,903,1227119,48,2026-05-03,1,-1,4,4,2,235.5280,235.5280,59.0760,0.5041,25.082355,58.8820,58.8820,1.0000,0,1,6,1847157,A168_HF9F_20260827_0900,2026-08-27 09:00:00,185
1227119|49|903,903,1227119,49,2026-05-03,1,-1,2,2,1,114.2860,114.2860,-108.5717,0.0000,-95.000000,57.1430,57.1430,1.0000,0,1,1,1847158,A168_HF9F_20260827_0900,2026-08-27 09:00:00,185
1227119|5|903,903,1227119,5,2026-05-03,1,-1,4,4,2,454.4860,454.4860,348.2383,0.0000,76.622442,113.6215,113.6215,1.0000,0,1,6,1847159,A168_HF9F_20260827_0900,2026-08-27 09:00:00,185
1227119|50|903,903,1227119,50,2026-05-03,1,-1,1,1,1,10.5031,0.0000,0.0000,0.0000,,10.5031,10.5031,1.0000,1,0,0,1847160,A168_HF9F_20260827_0900,2026-08-27 09:00:00,185
1227119|52|903,903,1227119,52,2026-05-03,1,-1,2,2,2,883.4081,883.4081,-862.4019,0.0000,-97.622141,441.7041,441.7041,1.0000,0,1,1,1847161,A168_HF9F_20260827_0900,2026-08-27 09:00:00,185
1227119|53|903,903,1227119,53,2026-05-03,1,-1,8,9,3,3104.0485,3104.0485,-2395.8579,1.8485,-77.184939,344.8943,388.0061,1.1250,0,1,28,1847162,A168_HF9F_20260827_0900,2026-08-27 09:00:00,185
1227119|54|903,903,1227119,54,2026-05-03,1,-1,3,3,2,61.6563,61.6563,9.7648,0.0000,15.837506,20.5521,20.5521,1.0000,0,1,3,1847163,A168_HF9F_20260827_0900,2026-08-27 09:00:00,185
1227119|6|903,903,1227119,6,2026-05-03,1,-1,12,13,4,10983.2012,87.1997,-389.8003,0.0000,-447.020065,844.8616,915.2668,1.0833,11,1,66,1847164,A168_HF9F_20260827_0900,2026-08-27 09:00:00,185
1227119|7|903,903,1227119,7,2026-05-03,1,-1,13,14,3,10197.7509,10197.7509,8581.5568,1.7177,84.151465,728.4108,784.4424,1.0769,0,1,78,1847165,A168_HF9F_20260827_0900,2026-08-27 09:00:00,185
1227119|8|903,903,1227119,8,2026-05-03,1,-1,9,10,2,1744.4531,1744.4531,1744.4531,0.4294,100.000000,174.4453,193.8281,1.1111,0,1,36,1847166,A168_HF9F_20260827_0900,2026-08-27 09:00:00,185
1227119|9|903,903,1227119,9,2026-05-03,1,-1,4,5,3,1087.6790,1087.6790,113.0643,0.4294,10.395011,217.5358,271.9197,1.2500,0,1,6,1847167,A168_HF9F_20260827_0900,2026-08-27 09:00:00,185
1227153|10|903,903,1227153,10,2026-05-03,1,-1,9,9,2,1150.4281,1150.4281,-509.5252,0.0000,-44.290051,127.8253,127.8253,1.0000,0,1,36,1847168,A168_HF9F_20260827_0900,2026-08-27 09:00:00,185
1227153|11|903,903,1227153,11,2026-05-03,1,-1,13,14,3,2065.5043,2065.5043,-325.5065,0.0000,-15.759178,147.5360,158.8849,1.0769,0,1,78,1847169,A168_HF9F_20260827_0900,2026-08-27 09:00:00,185
1227153|12|903,903,1227153,12,2026-05-03,1,-1,15,19,4,3218.2549,3218.2549,-2213.5339,0.0000,-68.780564,169.3818,214.5503,1.2667,0,1,105,1847170,A168_HF9F_20260827_0900,2026-08-27 09:00:00,185
1227153|13|903,903,1227153,13,2026-05-03,1,-1,13,14,3,1536.2399,1536.2399,1011.2217,0.0000,65.824469,109.7314,118.1723,1.0769,0,1,78,1847171,A168_HF9F_20260827_0900,2026-08-27 09:00:00,185
1227153|14|903,903,1227153,14,2026-05-03,1,-1,9,10,3,1970.0949,1970.0949,1731.8723,0.0000,87.908067,197.0095,218.8994,1.1111,0,1,36,1847172,A168_HF9F_20260827_0900,2026-08-27 09:00:00,185
1227153|15|903,903,1227153,15,2026-05-03,1,-1,7,7,2,453.3704,453.3704,272.3495,0.0000,60.072193,64.7672,64.7672,1.0000,0,1,21,1847173,A168_HF9F_20260827_0900,2026-08-27 09:00:00,185
1227153|16|903,903,1227153,16,2026-05-03,1,-1,5,5,2,210.5102,0.0000,0.0000,0.0000,,42.1020,42.1020,1.0000,5,1,10,1847174,A168_HF9F_20260827_0900,2026-08-27 09:00:00,185
1227153|17|903,903,1227153,17,2026-05-03,1,-1,1,1,1,39.9118,39.9118,39.9118,0.0000,100.000000,39.9118,39.9118,1.0000,0,0,0,1847175,A168_HF9F_20260827_0900,2026-08-27 09:00:00,185
1227153|18|903,903,1227153,18,2026-05-03,1,-1,4,5,3,299.3170,299.3170,74.0255,0.0000,24.731477,59.8634,74.8292,1.2500,0,1,6,1847176,A168_HF9F_20260827_0900,2026-08-27 09:00:00,185
1227153|19|903,903,1227153,19,2026-05-03,1,-1,4,4,2,3120.9065,3120.9065,-2920.9065,0.0000,-93.591605,780.2266,780.2266,1.0000,0,1,6,1847177,A168_HF9F_20260827_0900,2026-08-27 09:00:00,185
1227153|20|903,903,1227153,20,2026-05-03,1,-1,3,3,2,2997.4036,0.0000,0.0000,0.0000,,999.1345,999.1345,1.0000,3,1,3,1847178,A168_HF9F_20260827_0900,2026-08-27 09:00:00,185
1227153|21|903,903,1227153,21,2026-05-03,1,-1,1,1,1,210.0620,0.0000,0.0000,0.0000,,210.0620,210.0620,1.0000,1,0,0,1847179,A168_HF9F_20260827_0900,2026-08-27 09:00:00,185
1227153|22|903,903,1227153,22,2026-05-03,1,-1,1,1,1,210.0620,210.0620,-210.0620,0.0000,-100.000000,210.0620,210.0620,1.0000,0,0,0,1847180,A168_HF9F_20260827_0900,2026-08-27 09:00:00,185
1227153|23|903,903,1227153,23,2026-05-03,1,-1,1,1,1,210.0620,210.0620,-210.0620,0.0000,-100.000000,210.0620,210.0620,1.0000,0,0,0,1847181,A168_HF9F_20260827_0900,2026-08-27 09:00:00,185
1227153|24|903,903,1227153,24,2026-05-03,1,-1,3,3,1,417.8816,417.8816,-417.8816,0.0000,-100.000000,139.2939,139.2939,1.0000,0,1,3,1847182,A168_HF9F_20260827_0900,2026-08-27 09:00:00,185
1227153|25|903,903,1227153,25,2026-05-03,1,-1,11,17,6,730.4662,730.4662,454.7914,1.8654,62.260429,42.9686,66.4060,1.5455,0,1,55,1847183,A168_HF9F_20260827_0900,2026-08-27 09:00:00,185
1227153|26|903,903,1227153,26,2026-05-03,1,-1,9,16,8,2283.3853,2283.3853,-1359.2290,0.0168,-59.526922,142.7116,253.7095,1.7778,0,1,36,1847184,A168_HF9F_20260827_0900,2026-08-27 09:00:00,185
1227153|27|903,903,1227153,27,2026-05-03,1,-1,6,13,8,1943.2573,1922.2511,1816.2749,0.0168,94.486867,149.4813,323.8762,2.1667,1,1,15,1847185,A168_HF9F_20260827_0900,2026-08-27 09:00:00,185
1227153|28|903,903,1227153,28,2026-05-03,1,-1,5,5,2,289.5168,289.5168,-220.3097,0.0000,-76.095641,57.9034,57.9034,1.0000,0,1,10,1847186,A168_HF9F_20260827_0900,2026-08-27 09:00:00,185
1227153|29|903,903,1227153,29,2026-05-03,1,-1,13,15,3,1648.4137,28.0463,28.0463,0.0000,100.000000,109.8942,126.8011,1.1538,13,1,78,1847187,A168_HF9F_20260827_0900,2026-08-27 09:00:00,185
1227153|30|903,903,1227153,30,2026-05-03,1,-1,6,10,5,1299.7995,1299.7995,413.3380,1.9326,31.800133,129.9799,216.6332,1.6667,0,1,15,1847188,A168_HF9F_20260827_0900,2026-08-27 09:00:00,185
1227153|31|903,903,1227153,31,2026-05-03,1,-1,11,14,5,740.0310,740.0310,300.3326,0.0000,40.583780,52.8594,67.2755,1.2727,0,1,55,1847189,A168_HF9F_20260827_0900,2026-08-27 09:00:00,185
1227153|32|903,903,1227153,32,2026-05-03,1,-1,4,5,3,345.6510,345.6510,305.1757,0.0000,88.290119,69.1302,86.4128,1.2500,0,1,6,1847190,A168_HF9F_20260827_0900,2026-08-27 09:00:00,185
1227153|33|903,903,1227153,33,2026-05-03,1,-1,5,6,3,490.9101,490.9101,-438.7691,0.0000,-89.378695,81.8184,98.1820,1.2000,0,1,10,1847191,A168_HF9F_20260827_0900,2026-08-27 09:00:00,185
1227153|34|903,903,1227153,34,2026-05-03,1,-1,3,7,6,384.9021,384.9021,155.5144,0.0000,40.403628,54.9860,128.3007,2.3333,0,1,3,1847192,A168_HF9F_20260827_0900,2026-08-27 09:00:00,185
1227153|35|903,903,1227153,35,2026-05-03,1,-1,1,1,1,105.0310,0.0000,0.0000,0.0000,,105.0310,105.0310,1.0000,1,0,0,1847193,A168_HF9F_20260827_0900,2026-08-27 09:00:00,185
1227153|36|903,903,1227153,36,2026-05-03,1,-1,1,1,1,105.0310,105.0310,-99.7794,0.9453,-95.000000,105.0310,105.0310,1.0000,0,0,0,1847194,A168_HF9F_20260827_0900,2026-08-27 09:00:00,185
1227153|37|903,903,1227153,37,2026-05-03,1,-1,3,3,1,462.4801,462.4801,462.4801,0.0000,100.000000,154.1600,154.1600,1.0000,0,1,3,1847195,A168_HF9F_20260827_0900,2026-08-27 09:00:00,185
1227153|38|903,903,1227153,38,2026-05-03,1,-1,3,3,1,100.8297,100.8297,-100.8297,0.0168,-100.000000,33.6099,33.6099,1.0000,0,1,3,1847196,A168_HF9F_20260827_0900,2026-08-27 09:00:00,185
1227153|39|903,903,1227153,39,2026-05-03,1,-1,1,1,1,197.3165,197.3165,-197.3165,0.0000,-100.000000,197.3165,197.3165,1.0000,0,0,0,1847197,A168_HF9F_20260827_0900,2026-08-27 09:00:00,185
1227153|4|903,903,1227153,4,2026-05-03,1,-1,1,1,1,210.0620,210.0620,-210.0620,0.0000,-100.000000,210.0620,210.0620,1.0000,0,0,0,1847198,A168_HF9F_20260827_0900,2026-08-27 09:00:00,185
1227153|40|903,903,1227153,40,2026-05-03,1,-1,3,5,4,457.5865,5.1891,5.1891,0.0000,100.000000,91.5173,152.5288,1.6667,3,1,3,1847199,A168_HF9F_20260827_0900,2026-08-27 09:00:00,185
1227153|41|903,903,1227153,41,2026-05-03,1,-1,1,1,1,210.0620,210.0620,210.0620,0.0000,100.000000,210.0620,210.0620,1.0000,0,0,0,1847200,A168_HF9F_20260827_0900,2026-08-27 09:00:00,185
1227153|42|903,903,1227153,42,2026-05-03,1,-1,1,1,1,50.0000,50.0000,50.0000,0.0000,100.000000,50.0000,50.0000,1.0000,0,0,0,1847201,A168_HF9F_20260827_0900,2026-08-27 09:00:00,185
1227153|44|903,903,1227153,44,2026-05-03,1,-1,2,2,1,19.4610,19.4610,19.4610,0.0000,100.000000,9.7305,9.7305,1.0000,0,1,1,1847202,A168_HF9F_20260827_0900,2026-08-27 09:00:00,185
1227153|45|903,903,1227153,45,2026-05-03,1,-1,5,5,2,230.8715,230.8715,-127.0886,0.0000,-55.047333,46.1743,46.1743,1.0000,0,1,10,1847203,A168_HF9F_20260827_0900,2026-08-27 09:00:00,185
1227153|46|903,903,1227153,46,2026-05-03,1,-1,3,5,4,119.1113,119.1113,-82.5482,0.0000,-69.303446,23.8223,39.7038,1.6667,0,1,3,1847204,A168_HF9F_20260827_0900,2026-08-27 09:00:00,185
1227153|47|903,903,1227153,47,2026-05-03,1,-1,4,5,3,199.0491,199.0491,182.2441,0.0000,91.557379,39.8098,49.7623,1.2500,0,1,6,1847205,A168_HF9F_20260827_0900,2026-08-27 09:00:00,185
1227153|48|903,903,1227153,48,2026-05-03,1,-1,2,8,5,117.6347,117.6347,15.2295,0.0000,12.946429,14.7043,58.8174,4.0000,0,1,1,1847206,A168_HF9F_20260827_0900,2026-08-27 09:00:00,185
1227153|49|903,903,1227153,49,2026-05-03,1,-1,4,4,2,175.4589,175.4589,1.9785,0.0000,1.127588,43.8647,43.8647,1.0000,0,1,6,1847207,A168_HF9F_20260827_0900,2026-08-27 09:00:00,185
1227153|5|903,903,1227153,5,2026-05-03,1,-1,2,2,2,214.2632,214.2632,206.0708,0.0000,96.176471,107.1316,107.1316,1.0000,0,1,1,1847208,A168_HF9F_20260827_0900,2026-08-27 09:00:00,185
1227153|50|903,903,1227153,50,2026-05-03,1,-1,1,1,1,2.1627,2.1627,-2.1627,0.0000,-100.000000,2.1627,2.1627,1.0000,0,0,0,1847209,A168_HF9F_20260827_0900,2026-08-27 09:00:00,185
1227153|51|903,903,1227153,51,2026-05-03,1,-1,4,4,2,1522.7110,1522.7110,-1057.5910,0.0000,-69.454478,380.6778,380.6778,1.0000,0,1,6,1847210,A168_HF9F_20260827_0900,2026-08-27 09:00:00,185
1227153|52|903,903,1227153,52,2026-05-03,1,-1,3,3,2,464.1683,464.1683,331.6500,3.1697,71.450370,154.7228,154.7228,1.0000,0,1,3,1847211,A168_HF9F_20260827_0900,2026-08-27 09:00:00,185
1227153|53|903,903,1227153,53,2026-05-03,1,-1,2,2,1,51.8914,51.8914,-49.2969,0.0000,-95.000000,25.9457,25.9457,1.0000,0,1,1,1847212,A168_HF9F_20260827_0900,2026-08-27 09:00:00,185
1227153|54|903,903,1227153,54,2026-05-03,1,-1,2,2,1,77.8372,77.8372,77.8372,0.0000,100.000000,38.9186,38.9186,1.0000,0,1,1,1847213,A168_HF9F_20260827_0900,2026-08-27 09:00:00,185
1227153|6|903,903,1227153,6,2026-05-03,1,-1,5,5,2,389.2123,389.2123,89.9382,0.0000,23.107750,77.8425,77.8425,1.0000,0,1,10,1847214,A168_HF9F_20260827_0900,2026-08-27 09:00:00,185
1227153|7|903,903,1227153,7,2026-05-03,1,-1,13,19,8,2159.4422,2159.4422,-1729.0859,0.8402,-80.070952,113.6549,166.1109,1.4615,0,1,78,1847215,A168_HF9F_20260827_0900,2026-08-27 09:00:00,185
1227153|8|903,903,1227153,8,2026-05-03,1,-1,14,24,9,2027.9659,2027.9659,-1599.5609,0.0000,-78.875137,84.4986,144.8547,1.7143,0,1,91,1847216,A168_HF9F_20260827_0900,2026-08-27 09:00:00,185
1227153|9|903,903,1227153,9,2026-05-03,1,-1,21,30,10,2259.3039,2259.3039,2134.3506,0.0000,94.469391,75.3101,107.5859,1.4286,0,1,210,1847217,A168_HF9F_20260827_0900,2026-08-27 09:00:00,185
1227183|1|903,903,1227183,1,2026-05-03,1,-1,3,3,1,94.9578,94.9578,-92.3632,0.0000,-97.267657,31.6526,31.6526,1.0000,0,1,3,1847218,A168_HF9F_20260827_0900,2026-08-27 09:00:00,185
1227183|10|903,903,1227183,10,2026-05-03,1,-1,7,8,3,248.1320,248.1320,-107.8613,0.0000,-43.469314,31.0165,35.4474,1.1429,0,1,21,1847219,A168_HF9F_20260827_0900,2026-08-27 09:00:00,185
1227183|11|903,903,1227183,11,2026-05-03,1,-1,11,15,4,646.1570,625.1508,331.3862,0.0000,53.008998,43.0771,58.7415,1.3636,0,1,55,1847220,A168_HF9F_20260827_0900,2026-08-27 09:00:00,185
1227183|12|903,903,1227183,12,2026-05-03,1,-1,4,4,2,102.9925,102.9925,-98.6670,0.0000,-95.800230,25.7481,25.7481,1.0000,0,1,6,1847221,A168_HF9F_20260827_0900,2026-08-27 09:00:00,185
1227183|13|903,903,1227183,13,2026-05-03,1,-1,7,7,2,168.2259,168.2259,-67.5813,0.0336,-40.172969,24.0323,24.0323,1.0000,0,1,21,1847222,A168_HF9F_20260827_0900,2026-08-27 09:00:00,185
1227183|14|903,903,1227183,14,2026-05-03,1,-1,5,6,2,210.6975,210.6975,210.6975,0.0000,100.000000,35.1162,42.1395,1.2000,0,1,10,1847223,A168_HF9F_20260827_0900,2026-08-27 09:00:00,185
1227183|15|903,903,1227183,15,2026-05-03,1,-1,4,5,2,199.7821,2.5946,-20.7566,0.0000,-800.000000,39.9564,49.9455,1.2500,4,1,6,1847224,A168_HF9F_20260827_0900,2026-08-27 09:00:00,185
1227183|16|903,903,1227183,16,2026-05-03,1,-1,8,11,4,338.2601,338.2601,338.2601,0.9427,100.000000,30.7509,42.2825,1.3750,0,1,28,1847225,A168_HF9F_20260827_0900,2026-08-27 09:00:00,185
1227183|17|903,903,1227183,17,2026-05-03,1,-1,7,8,3,486.7027,486.7027,119.0194,0.7071,24.454230,60.8378,69.5290,1.1429,0,1,21,1847226,A168_HF9F_20260827_0900,2026-08-27 09:00:00,185
1227183|18|903,903,1227183,18,2026-05-03,1,-1,23,25,4,2186.8945,2186.8945,359.2054,1.4141,16.425365,87.4758,95.0824,1.0870,0,1,253,1847227,A168_HF9F_20260827_0900,2026-08-27 09:00:00,185
1227183|19|903,903,1227183,19,2026-05-03,1,-1,4,7,5,424.0158,424.0158,-47.9176,1.4141,-11.300907,60.5737,106.0040,1.7500,0,1,6,1847228,A168_HF9F_20260827_0900,2026-08-27 09:00:00,185
1227183|2|903,903,1227183,2,2026-05-03,1,-1,2,2,1,51.8914,51.8914,51.8914,0.0000,100.000000,25.9457,25.9457,1.0000,0,1,1,1847229,A168_HF9F_20260827_0900,2026-08-27 09:00:00,185
1227183|20|903,903,1227183,20,2026-05-03,1,-1,6,10,5,1463.7671,1289.1861,-1684.1091,0.9427,-130.633512,146.3767,243.9612,1.6667,1,1,15,1847230,A168_HF9F_20260827_0900,2026-08-27 09:00:00,185
1227183|21|903,903,1227183,21,2026-05-03,1,-1,6,10,4,711.5335,711.5335,-272.4246,3.2210,-38.286964,71.1533,118.5889,1.6667,0,1,15,1847231,A168_HF9F_20260827_0900,2026-08-27 09:00:00,185
1227183|22|903,903,1227183,22,2026-05-03,1,-1,9,11,4,615.1239,615.1239,-48.4604,1.9640,-7.878159,55.9204,68.3471,1.2222,0,1,36,1847232,A168_HF9F_20260827_0900,2026-08-27 09:00:00,185
1227183|23|903,903,1227183,23,2026-05-03,1,-1,8,10,4,375.7402,375.7402,-55.0403,0.0000,-14.648505,37.5740,46.9675,1.2500,0,1,28,1847233,A168_HF9F_20260827_0900,2026-08-27 09:00:00,185
1227183|24|903,903,1227183,24,2026-05-03,1,-1,3,3,1,93.9038,93.9038,93.9038,0.0000,100.000000,31.3013,31.3013,1.0000,0,1,3,1847234,A168_HF9F_20260827_0900,2026-08-27 09:00:00,185
1227183|25|903,903,1227183,25,2026-05-03,1,-1,6,6,2,291.8402,291.8402,-22.0047,0.0000,-7.539975,48.6400,48.6400,1.0000,0,1,15,1847235,A168_HF9F_20260827_0900,2026-08-27 09:00:00,185
1227183|26|903,903,1227183,26,2026-05-03,1,-1,7,7,2,844.0923,844.0923,793.4981,0.0000,94.006087,120.5846,120.5846,1.0000,0,1,21,1847236,A168_HF9F_20260827_0900,2026-08-27 09:00:00,185
1227183|27|903,903,1227183,27,2026-05-03,1,-1,3,3,2,649.1091,649.1091,228.9851,0.0000,35.276833,216.3697,216.3697,1.0000,0,1,3,1847237,A168_HF9F_20260827_0900,2026-08-27 09:00:00,185
1227183|28|903,903,1227183,28,2026-05-03,1,-1,10,10,1,262.0518,262.0518,262.0518,0.0000,100.000000,26.2052,26.2052,1.0000,0,1,45,1847238,A168_HF9F_20260827_0900,2026-08-27 09:00:00,185
1227183|29|903,903,1227183,29,2026-05-03,1,-1,3,3,2,102.3254,102.3254,7.1656,0.0000,7.002720,34.1085,34.1085,1.0000,0,1,3,1847239,A168_HF9F_20260827_0900,2026-08-27 09:00:00,185
1227183|3|903,903,1227183,3,2026-05-03,1,-1,6,6,2,190.1274,190.1274,-113.4376,0.0000,-59.663974,31.6879,31.6879,1.0000,0,1,15,1847240,A168_HF9F_20260827_0900,2026-08-27 09:00:00,185
1227183|30|903,903,1227183,30,2026-05-03,1,-1,7,7,2,576.6842,576.6842,303.2324,0.0000,52.582051,82.3835,82.3835,1.0000,0,1,21,1847241,A168_HF9F_20260827_0900,2026-08-27 09:00:00,185
1227183|31|903,903,1227183,31,2026-05-03,1,-1,6,6,2,1214.7416,1214.7416,-399.7893,0.0000,-32.911472,202.4569,202.4569,1.0000,0,1,15,1847242,A168_HF9F_20260827_0900,2026-08-27 09:00:00,185
1227183|32|903,903,1227183,32,2026-05-03,1,-1,5,6,2,988.7403,936.8489,490.3244,0.0000,52.337623,164.7901,197.7481,1.2000,1,1,10,1847243,A168_HF9F_20260827_0900,2026-08-27 09:00:00,185
1227183|33|903,903,1227183,33,2026-05-03,1,-1,3,3,2,129.7286,129.7286,-25.9457,0.0000,-20.000000,43.2429,43.2429,1.0000,0,1,3,1847244,A168_HF9F_20260827_0900,2026-08-27 09:00:00,185
1227183|34|903,903,1227183,34,2026-05-03,1,-1,6,6,2,172.9667,172.9667,138.6185,0.0000,80.141727,28.8278,28.8278,1.0000,0,1,15,1847245,A168_HF9F_20260827_0900,2026-08-27 09:00:00,185
1227183|35|903,903,1227183,35,2026-05-03,1,-1,10,10,2,641.7348,641.7348,-244.1465,0.0000,-38.044769,64.1735,64.1735,1.0000,0,1,45,1847246,A168_HF9F_20260827_0900,2026-08-27 09:00:00,185
1227183|36|903,903,1227183,36,2026-05-03,1,-1,8,9,3,1290.6503,1290.6503,957.5704,0.0000,74.192861,143.4056,161.3313,1.1250,0,1,28,1847247,A168_HF9F_20260827_0900,2026-08-27 09:00:00,185
1227183|37|903,903,1227183,37,2026-05-03,1,-1,4,4,2,40.2923,40.2923,28.5289,0.0000,70.804699,10.0731,10.0731,1.0000,0,1,6,1847248,A168_HF9F_20260827_0900,2026-08-27 09:00:00,185
1227183|38|903,903,1227183,38,2026-05-03,1,-1,5,6,3,177.8411,1.2604,1.2604,0.0000,100.000000,29.6402,35.5682,1.2000,5,1,10,1847249,A168_HF9F_20260827_0900,2026-08-27 09:00:00,185
1227183|39|903,903,1227183,39,2026-05-03,1,-1,6,8,4,144.3855,144.3855,75.8888,0.1546,52.559854,18.0482,24.0643,1.3333,0,1,15,1847250,A168_HF9F_20260827_0900,2026-08-27 09:00:00,185
1227183|4|903,903,1227183,4,2026-05-03,1,-1,6,6,2,194.6570,194.6570,-38.9827,0.0000,-20.026333,32.4428,32.4428,1.0000,0,1,15,1847251,A168_HF9F_20260827_0900,2026-08-27 09:00:00,185
1227183|40|903,903,1227183,40,2026-05-03,1,-1,7,7,2,271.9361,0.0000,0.0000,0.0000,,38.8480,38.8480,1.0000,7,1,21,1847252,A168_HF9F_20260827_0900,2026-08-27 09:00:00,185
1227183|41|903,903,1227183,41,2026-05-03,1,-1,4,4,2,178.5315,178.5315,123.8412,0.0168,69.366550,44.6329,44.6329,1.0000,0,1,6,1847253,A168_HF9F_20260827_0900,2026-08-27 09:00:00,185
1227183|42|903,903,1227183,42,2026-05-03,1,-1,4,4,1,207.5658,207.5658,-197.1875,0.0000,-95.000000,51.8914,51.8914,1.0000,0,1,6,1847254,A168_HF9F_20260827_0900,2026-08-27 09:00:00,185
1227183|43|903,903,1227183,43,2026-05-03,1,-1,2,2,2,112.2902,0.0000,0.0000,0.0000,,56.1451,56.1451,1.0000,2,1,1,1847255,A168_HF9F_20260827_0900,2026-08-27 09:00:00,185
1227183|44|903,903,1227183,44,2026-05-03,1,-1,2,2,2,45.4050,45.4050,6.4864,0.0000,14.285714,22.7025,22.7025,1.0000,0,1,1,1847256,A168_HF9F_20260827_0900,2026-08-27 09:00:00,185
1227183|45|903,903,1227183,45,2026-05-03,1,-1,5,8,5,564.3417,564.3417,328.3945,0.6806,58.190725,70.5427,112.8683,1.6000,0,1,10,1847257,A168_HF9F_20260827_0900,2026-08-27 09:00:00,185
1227183|46|903,903,1227183,46,2026-05-03,1,-1,6,6,2,193.3935,193.3935,88.3625,0.4201,45.690528,32.2322,32.2322,1.0000,0,1,15,1847258,A168_HF9F_20260827_0900,2026-08-27 09:00:00,185
1227183|47|903,903,1227183,47,2026-05-03,1,-1,6,8,3,293.8107,293.8107,-269.0013,0.4201,-91.556003,36.7263,48.9685,1.3333,0,1,15,1847259,A168_HF9F_20260827_0900,2026-08-27 09:00:00,185
1227183|48|903,903,1227183,48,2026-05-03,1,-1,7,7,2,544.8019,544.8019,326.3374,0.5041,59.900202,77.8288,77.8288,1.0000,0,1,21,1847260,A168_HF9F_20260827_0900,2026-08-27 09:00:00,185
1227183|49|903,903,1227183,49,2026-05-03,1,-1,9,9,2,1339.9937,1253.8611,-1131.9834,0.2605,-90.279812,148.8882,148.8882,1.0000,0,1,36,1847261,A168_HF9F_20260827_0900,2026-08-27 09:00:00,185
1227183|5|903,903,1227183,5,2026-05-03,1,-1,16,18,2,2113.2399,21.0062,-168.0496,0.0000,-800.000000,117.4022,132.0775,1.1250,16,1,120,1847262,A168_HF9F_20260827_0900,2026-08-27 09:00:00,185
1227183|50|903,903,1227183,50,2026-05-03,1,-1,16,18,4,2050.3646,17.2265,17.2265,0.1378,100.000000,113.9091,128.1478,1.1250,16,1,120,1847263,A168_HF9F_20260827_0900,2026-08-27 09:00:00,185
1227183|6|903,903,1227183,6,2026-05-03,1,-1,11,11,1,1110.3778,1110.3778,1110.3778,0.0000,100.000000,100.9434,100.9434,1.0000,0,1,55,1847264,A168_HF9F_20260827_0900,2026-08-27 09:00:00,185
1227183|7|903,903,1227183,7,2026-05-03,1,-1,2,2,1,51.8914,51.8914,51.8914,0.0000,100.000000,25.9457,25.9457,1.0000,0,1,1,1847265,A168_HF9F_20260827_0900,2026-08-27 09:00:00,185
1227183|8|903,903,1227183,8,2026-05-03,1,-1,3,3,2,77.8372,77.8372,-25.9457,0.0000,-33.333333,25.9457,25.9457,1.0000,0,1,3,1847266,A168_HF9F_20260827_0900,2026-08-27 09:00:00,185
1227183|9|903,903,1227183,9,2026-05-03,1,-1,16,18,5,855.7934,855.7934,-580.3377,0.0000,-67.812827,47.5441,53.4871,1.1250,0,1,120,1847267,A168_HF9F_20260827_0900,2026-08-27 09:00:00,185
1227225|1|903,903,1227225,1,2026-05-03,1,-1,1,1,1,7.8927,7.8927,7.8927,0.0000,100.000000,7.8927,7.8927,1.0000,0,0,0,1847268,A168_HF9F_20260827_0900,2026-08-27 09:00:00,185
1227225|10|903,903,1227225,10,2026-05-03,1,-1,6,6,2,165.1193,165.1193,-9.4449,0.0000,-5.720075,27.5199,27.5199,1.0000,0,1,15,1847269,A168_HF9F_20260827_0900,2026-08-27 09:00:00,185
1227225|11|903,903,1227225,11,2026-05-03,1,-1,7,8,2,636.5702,636.5702,636.5702,0.6722,100.000000,79.5713,90.9386,1.1429,0,1,21,1847270,A168_HF9F_20260827_0900,2026-08-27 09:00:00,185
1227225|12|903,903,1227225,12,2026-05-03,1,-1,2,2,2,105.0310,105.0310,-58.8174,0.6722,-56.000000,52.5155,52.5155,1.0000,0,1,1,1847271,A168_HF9F_20260827_0900,2026-08-27 09:00:00,185
1227225|13|903,903,1227225,13,2026-05-03,1,-1,2,2,2,107.1388,107.1388,-65.1264,0.6891,-60.786963,53.5694,53.5694,1.0000,0,1,1,1847272,A168_HF9F_20260827_0900,2026-08-27 09:00:00,185
1227225|14|903,903,1227225,14,2026-05-03,1,-1,7,7,2,499.4410,499.4410,-323.0101,0.6891,-64.674328,71.3487,71.3487,1.0000,0,1,21,1847273,A168_HF9F_20260827_0900,2026-08-27 09:00:00,185
1227225|15|903,903,1227225,15,2026-05-03,1,-1,12,12,2,615.8558,615.8558,196.8018,0.7529,31.955822,51.3213,51.3213,1.0000,0,1,66,1847274,A168_HF9F_20260827_0900,2026-08-27 09:00:00,185
1227225|16|903,903,1227225,16,2026-05-03,1,-1,7,7,2,475.7975,475.7975,84.6301,0.6891,17.787000,67.9711,67.9711,1.0000,0,1,21,1847275,A168_HF9F_20260827_0900,2026-08-27 09:00:00,185
1227225|17|903,903,1227225,17,2026-05-03,1,-1,17,18,3,1634.0376,1634.0376,-586.9898,0.6891,-35.922661,90.7799,96.1199,1.0588,0,1,136,1847276,A168_HF9F_20260827_0900,2026-08-27 09:00:00,185
1227225|18|903,903,1227225,18,2026-05-03,1,-1,25,30,7,2787.1441,2787.1441,-1276.5231,0.3583,-45.800398,92.9048,111.4858,1.2000,0,1,300,1847277,A168_HF9F_20260827_0900,2026-08-27 09:00:00,185
1227225|2|903,903,1227225,2,2026-05-03,1,-1,4,4,2,104.4069,104.4069,-17.2624,0.0000,-16.533787,26.1017,26.1017,1.0000,0,1,6,1847278,A168_HF9F_20260827_0900,2026-08-27 09:00:00,185
1227225|3|903,903,1227225,3,2026-05-03,1,-1,3,3,1,857.3727,857.3727,-814.5041,0.1378,-95.000000,285.7909,285.7909,1.0000,0,1,3,1847279,A168_HF9F_20260827_0900,2026-08-27 09:00:00,185
1227225|4|903,903,1227225,4,2026-05-03,1,-1,2,2,1,112.2902,112.2902,112.2902,0.2756,100.000000,56.1451,56.1451,1.0000,0,1,1,1847280,A168_HF9F_20260827_0900,2026-08-27 09:00:00,185
1227225|5|903,903,1227225,5,2026-05-03,1,-1,1,1,1,21.0062,21.0062,-19.9559,0.0000,-95.000000,21.0062,21.0062,1.0000,0,0,0,1847281,A168_HF9F_20260827_0900,2026-08-27 09:00:00,185
1227225|6|903,903,1227225,6,2026-05-03,1,-1,3,4,3,99.0930,5.1891,-41.5132,0.0000,-800.000000,24.7732,33.0310,1.3333,3,1,3,1847282,A168_HF9F_20260827_0900,2026-08-27 09:00:00,185
1227225|7|903,903,1227225,7,2026-05-03,1,-1,4,4,1,78.4612,78.4612,78.4612,0.0000,100.000000,19.6153,19.6153,1.0000,0,1,6,1847283,A168_HF9F_20260827_0900,2026-08-27 09:00:00,185
1227225|8|903,903,1227225,8,2026-05-03,1,-1,4,5,2,172.4899,7.7837,-62.2697,0.0000,-800.000000,34.4980,43.1225,1.2500,4,1,6,1847284,A168_HF9F_20260827_0900,2026-08-27 09:00:00,185
1227225|9|903,903,1227225,9,2026-05-03,1,-1,2,2,1,105.0310,105.0310,-99.7794,0.6722,-95.000000,52.5155,52.5155,1.0000,0,1,1,1847285,A168_HF9F_20260827_0900,2026-08-27 09:00:00,185
1226514|13|905,905,1226514,13,2026-05-03,1,-1,9,11,4,292.3641,292.3641,41.5291,0.0000,14.204569,26.5786,32.4849,1.2222,0,1,36,1847286,A168_HF9F_20260827_0900,2026-08-27 09:00:00,185
1226514|14|905,905,1226514,14,2026-05-03,1,-1,11,15,6,792.9888,792.9888,21.0745,0.0336,2.657609,52.8659,72.0899,1.3636,0,1,55,1847287,A168_HF9F_20260827_0900,2026-08-27 09:00:00,185
1226514|15|905,905,1226514,15,2026-05-03,1,-1,13,22,8,518.8289,514.6277,-235.3549,0.1092,-45.733054,23.5831,39.9099,1.6923,1,1,78,1847288,A168_HF9F_20260827_0900,2026-08-27 09:00:00,185
1226514|16|905,905,1226514,16,2026-05-03,1,-1,17,25,8,2018.1298,2013.9286,-487.9878,0.0000,-24.230643,80.7252,118.7135,1.4706,1,1,136,1847289,A168_HF9F_20260827_0900,2026-08-27 09:00:00,185
1226514|17|905,905,1226514,17,2026-05-03,1,-1,11,14,3,1244.4927,1244.4927,-718.7329,0.0000,-57.753085,88.8923,113.1357,1.2727,0,1,55,1847290,A168_HF9F_20260827_0900,2026-08-27 09:00:00,185
1226514|18|905,905,1226514,18,2026-05-03,1,-1,24,37,9,3327.7506,3327.7506,-2721.0528,0.0000,-81.768530,89.9392,138.6563,1.5417,0,1,276,1847291,A168_HF9F_20260827_0900,2026-08-27 09:00:00,185
1226514|19|905,905,1226514,19,2026-05-03,1,-1,13,27,10,3087.2541,3087.2541,3048.2541,0.0000,98.736742,114.3427,237.4811,2.0769,0,1,78,1847292,A168_HF9F_20260827_0900,2026-08-27 09:00:00,185
1226514|20|905,905,1226514,20,2026-05-03,1,-1,10,22,8,659.6441,659.6441,-492.8649,0.0000,-74.716803,29.9838,65.9644,2.2000,0,1,45,1847293,A168_HF9F_20260827_0900,2026-08-27 09:00:00,185
1226514|21|905,905,1226514,21,2026-05-03,1,-1,13,24,6,427.0856,427.0856,145.0873,0.0000,33.971473,17.7952,32.8527,1.8462,0,1,78,1847294,A168_HF9F_20260827_0900,2026-08-27 09:00:00,185
1226514|22|905,905,1226514,22,2026-05-03,1,-1,9,16,8,1282.6774,1282.6774,953.8153,0.0000,74.361283,80.1673,142.5197,1.7778,0,1,36,1847295,A168_HF9F_20260827_0900,2026-08-27 09:00:00,185
1226514|23|905,905,1226514,23,2026-05-03,1,-1,10,17,8,731.2453,95.0000,-85.0000,0.0000,-89.473684,43.0144,73.1245,1.7000,9,1,45,1847296,A168_HF9F_20260827_0900,2026-08-27 09:00:00,185
1226514|24|905,905,1226514,24,2026-05-03,1,-1,6,7,3,632.4547,632.4547,451.3199,0.0000,71.360026,90.3507,105.4091,1.1667,0,1,15,1847297,A168_HF9F_20260827_0900,2026-08-27 09:00:00,185
1226514|25|905,905,1226514,25,2026-05-03,1,-1,6,7,3,134.9248,10.0000,10.0000,0.0000,100.000000,19.2750,22.4875,1.1667,6,1,15,1847298,A168_HF9F_20260827_0900,2026-08-27 09:00:00,185
1226514|26|905,905,1226514,26,2026-05-03,1,-1,4,5,4,58.9186,58.9186,7.0271,0.0000,11.926864,11.7837,14.7296,1.2500,0,1,6,1847299,A168_HF9F_20260827_0900,2026-08-27 09:00:00,185
1226514|27|905,905,1226514,27,2026-05-03,1,-1,9,12,5,1070.8322,1070.8322,191.9178,0.0000,17.922303,89.2360,118.9814,1.3333,0,1,36,1847300,A168_HF9F_20260827_0900,2026-08-27 09:00:00,185
1226514|28|905,905,1226514,28,2026-05-03,1,-1,5,7,4,223.0646,223.0646,-76.9354,0.0000,-34.490216,31.8664,44.6129,1.4000,0,1,10,1847301,A168_HF9F_20260827_0900,2026-08-27 09:00:00,185
1226514|29|905,905,1226514,29,2026-05-03,1,-1,15,19,6,1028.0369,1028.0369,-715.1942,0.0672,-69.568920,54.1072,68.5358,1.2667,0,1,105,1847302,A168_HF9F_20260827_0900,2026-08-27 09:00:00,185
1226514|30|905,905,1226514,30,2026-05-03,1,-1,27,38,7,3841.4755,42.1395,-54.2790,0.0723,-128.807856,101.0915,142.2769,1.4074,27,1,351,1847303,A168_HF9F_20260827_0900,2026-08-27 09:00:00,185
1226514|31|905,905,1226514,31,2026-05-03,1,-1,25,30,6,2860.4652,2860.4652,-430.5562,0.1512,-15.051964,95.3488,114.4186,1.2000,0,1,300,1847304,A168_HF9F_20260827_0900,2026-08-27 09:00:00,185
1226514|32|905,905,1226514,32,2026-05-03,1,-1,10,16,6,807.2018,807.2018,-212.0006,0.0000,-26.263644,50.4501,80.7202,1.6000,0,1,45,1847305,A168_HF9F_20260827_0900,2026-08-27 09:00:00,185
1226514|33|905,905,1226514,33,2026-05-03,1,-1,9,12,4,379.2376,379.2376,23.1201,0.0000,6.096470,31.6031,42.1375,1.3333,0,1,36,1847306,A168_HF9F_20260827_0900,2026-08-27 09:00:00,185
1226514|34|905,905,1226514,34,2026-05-03,1,-1,10,16,7,687.4090,687.4090,146.8542,0.3361,21.363433,42.9631,68.7409,1.6000,0,1,45,1847307,A168_HF9F_20260827_0900,2026-08-27 09:00:00,185
1226514|35|905,905,1226514,35,2026-05-03,1,-1,22,29,6,1263.6718,68.1933,-90.8192,0.0336,-133.179020,43.5749,57.4396,1.3182,22,1,231,1847308,A168_HF9F_20260827_0900,2026-08-27 09:00:00,185
1226514|36|905,905,1226514,36,2026-05-03,1,-1,17,27,7,1276.4836,1272.2824,168.7965,0.0000,13.267220,47.2772,75.0873,1.5882,1,1,136,1847309,A168_HF9F_20260827_0900,2026-08-27 09:00:00,185
1226514|37|905,905,1226514,37,2026-05-03,1,-1,23,31,8,1088.6965,1088.6965,-174.0643,0.3933,-15.988320,35.1192,47.3346,1.3478,0,1,253,1847310,A168_HF9F_20260827_0900,2026-08-27 09:00:00,185
1226514|38|905,905,1226514,38,2026-05-03,1,-1,19,28,7,1477.6749,1477.6749,518.1897,0.0000,35.067911,52.7741,77.7724,1.4737,0,1,171,1847311,A168_HF9F_20260827_0900,2026-08-27 09:00:00,185
1226514|39|905,905,1226514,39,2026-05-03,1,-1,13,19,6,689.3954,679.0171,-1063.9658,0.0000,-156.692045,36.2840,53.0304,1.4615,1,1,78,1847312,A168_HF9F_20260827_0900,2026-08-27 09:00:00,185
1226514|40|905,905,1226514,40,2026-05-03,1,-1,12,14,4,408.3618,408.3618,22.1843,0.0000,5.432517,29.1687,34.0301,1.1667,0,1,66,1847313,A168_HF9F_20260827_0900,2026-08-27 09:00:00,185
1226514|41|905,905,1226514,41,2026-05-03,1,-1,14,18,6,1304.6659,1304.6659,799.8327,0.2756,61.305555,72.4814,93.1904,1.2857,0,1,91,1847314,A168_HF9F_20260827_0900,2026-08-27 09:00:00,185
1226514|42|905,905,1226514,42,2026-05-03,1,-1,13,15,4,1696.0254,1696.0254,-49.1513,0.0000,-2.898027,113.0684,130.4635,1.1538,0,1,78,1847315,A168_HF9F_20260827_0900,2026-08-27 09:00:00,185
1226514|43|905,905,1226514,43,2026-05-03,1,-1,9,11,4,720.0830,720.0830,219.2009,0.0000,30.441055,65.4621,80.0092,1.2222,0,1,36,1847316,A168_HF9F_20260827_0900,2026-08-27 09:00:00,185
1226514|44|905,905,1226514,44,2026-05-03,1,-1,5,11,7,421.0862,421.0862,319.8979,0.0000,75.969693,38.2806,84.2172,2.2000,0,1,10,1847317,A168_HF9F_20260827_0900,2026-08-27 09:00:00,185
1226514|45|905,905,1226514,45,2026-05-03,1,-1,7,9,4,367.5918,367.5918,-160.0261,0.0840,-43.533627,40.8435,52.5131,1.2857,0,1,21,1847318,A168_HF9F_20260827_0900,2026-08-27 09:00:00,185
1226514|46|905,905,1226514,46,2026-05-03,1,-1,10,10,2,357.1081,357.1081,49.6262,0.0000,13.896690,35.7108,35.7108,1.0000,0,1,45,1847319,A168_HF9F_20260827_0900,2026-08-27 09:00:00,185
1226514|47|905,905,1226514,47,2026-05-03,1,-1,7,9,3,1853.7438,1853.7438,1824.3352,0.0000,98.413552,205.9715,264.8205,1.2857,0,1,21,1847320,A168_HF9F_20260827_0900,2026-08-27 09:00:00,185
1226514|48|905,905,1226514,48,2026-05-03,1,-1,6,7,3,278.0376,278.0376,69.6351,0.0000,25.045210,39.7197,46.3396,1.1667,0,1,15,1847321,A168_HF9F_20260827_0900,2026-08-27 09:00:00,185
1226514|49|905,905,1226514,49,2026-05-03,1,-1,5,5,2,87.5521,87.5521,-36.4727,0.0773,-41.658334,17.5104,17.5104,1.0000,0,1,10,1847322,A168_HF9F_20260827_0900,2026-08-27 09:00:00,185
1226555|1|905,905,1226555,1,2026-05-03,1,-1,2,2,2,85.9250,85.9250,-15.2633,0.0000,-17.763502,42.9625,42.9625,1.0000,0,1,1,1847323,A168_HF9F_20260827_0900,2026-08-27 09:00:00,185
1226555|10|905,905,1226555,10,2026-05-03,1,-1,22,25,3,1824.6278,1820.4266,-1434.6272,3.1448,-78.807201,72.9851,82.9376,1.1364,1,1,231,1847324,A168_HF9F_20260827_0900,2026-08-27 09:00:00,185
1226555|11|905,905,1226555,11,2026-05-03,1,-1,44,54,7,3608.5330,3604.3317,-3036.2096,1.6335,-84.237795,66.8247,82.0121,1.2273,2,1,946,1847325,A168_HF9F_20260827_0900,2026-08-27 09:00:00,185
1226555|12|905,905,1226555,12,2026-05-03,1,-1,41,59,9,4091.2448,4091.2448,-3362.1617,1.6067,-82.179431,69.3431,99.7865,1.4390,0,1,820,1847326,A168_HF9F_20260827_0900,2026-08-27 09:00:00,185
1226555|13|905,905,1226555,13,2026-05-03,1,-1,52,68,9,7720.3867,7694.4409,-6320.1648,1.1042,-82.139364,113.5351,148.4690,1.3077,1,1,1326,1847327,A168_HF9F_20260827_0900,2026-08-27 09:00:00,185
1226555|14|905,905,1226555,14,2026-05-03,1,-1,50,66,10,6156.4334,6104.7538,-8449.0195,1.4252,-138.400659,93.2793,123.1287,1.3200,0,1,1225,1847328,A168_HF9F_20260827_0900,2026-08-27 09:00:00,185
1226555|15|905,905,1226555,15,2026-05-03,1,-1,55,67,8,15968.3885,15968.3885,12097.0991,3.0940,75.756543,238.3342,290.3343,1.2182,0,1,1485,1847329,A168_HF9F_20260827_0900,2026-08-27 09:00:00,185
1226555|16|905,905,1226555,16,2026-05-03,1,-1,32,39,7,5007.1541,5007.1541,-1465.2593,1.5159,-29.263316,128.3886,156.4736,1.2188,0,1,496,1847330,A168_HF9F_20260827_0900,2026-08-27 09:00:00,185
1226555|17|905,905,1226555,17,2026-05-03,1,-1,28,41,10,1975.7663,1975.7663,-2983.5118,2.2655,-151.005300,48.1894,70.5631,1.4643,0,1,378,1847331,A168_HF9F_20260827_0900,2026-08-27 09:00:00,185
1226555|18|905,905,1226555,18,2026-05-03,1,-1,30,43,9,1884.5579,1867.7530,1328.8379,1.7916,71.146339,43.8269,62.8186,1.4333,1,1,435,1847332,A168_HF9F_20260827_0900,2026-08-27 09:00:00,185
1226555|19|905,905,1226555,19,2026-05-03,1,-1,38,58,9,3715.0943,3715.0943,2458.0111,1.9156,66.162819,64.0534,97.7656,1.5263,0,1,703,1847333,A168_HF9F_20260827_0900,2026-08-27 09:00:00,185
1226555|2|905,905,1226555,2,2026-05-03,1,-1,3,3,1,129.7286,0.0000,0.0000,0.0000,,43.2429,43.2429,1.0000,3,1,3,1847334,A168_HF9F_20260827_0900,2026-08-27 09:00:00,185
1226555|20|905,905,1226555,20,2026-05-03,1,-1,22,27,6,2445.9598,51.7358,-318.3672,0.1378,-615.370913,90.5911,111.1800,1.2273,21,1,231,1847335,A168_HF9F_20260827_0900,2026-08-27 09:00:00,185
1226555|21|905,905,1226555,21,2026-05-03,1,-1,15,22,8,541.9474,78.5661,-370.7630,0.2756,-471.912351,24.6340,36.1298,1.4667,14,1,105,1847336,A168_HF9F_20260827_0900,2026-08-27 09:00:00,185
1226555|22|905,905,1226555,22,2026-05-03,1,-1,15,22,8,2030.9409,2030.9409,1818.7573,0.6891,89.552448,92.3155,135.3961,1.4667,0,1,105,1847337,A168_HF9F_20260827_0900,2026-08-27 09:00:00,185
1226555|23|905,905,1226555,23,2026-05-03,1,-1,15,22,7,1208.6798,1208.6798,-251.6157,0.5512,-20.817399,54.9400,80.5787,1.4667,0,1,105,1847338,A168_HF9F_20260827_0900,2026-08-27 09:00:00,185
1226555|24|905,905,1226555,24,2026-05-03,1,-1,20,22,4,2112.8947,2112.8947,-1079.6691,0.6891,-51.099046,96.0407,105.6447,1.1000,0,1,190,1847339,A168_HF9F_20260827_0900,2026-08-27 09:00:00,185
1226555|25|905,905,1226555,25,2026-05-03,1,-1,24,33,8,1991.5555,1991.5555,-1725.5363,0.4134,-86.642639,60.3502,82.9815,1.3750,0,1,276,1847340,A168_HF9F_20260827_0900,2026-08-27 09:00:00,185
1226555|26|905,905,1226555,26,2026-05-03,1,-1,30,43,8,2285.4241,2285.4241,1642.1586,0.2756,71.853561,53.1494,76.1808,1.4333,0,1,435,1847341,A168_HF9F_20260827_0900,2026-08-27 09:00:00,185
1226555|27|905,905,1226555,27,2026-05-03,1,-1,14,20,5,1279.2830,1279.2830,292.7373,0.0000,22.882922,63.9641,91.3774,1.4286,0,1,91,1847342,A168_HF9F_20260827_0900,2026-08-27 09:00:00,185
1226555|28|905,905,1226555,28,2026-05-03,1,-1,8,11,4,376.1924,52.0477,14.2366,0.0000,27.352924,34.1993,47.0241,1.3750,8,1,28,1847343,A168_HF9F_20260827_0900,2026-08-27 09:00:00,185
1226555|29|905,905,1226555,29,2026-05-03,1,-1,11,18,8,807.6347,807.6347,694.8420,0.0000,86.034194,44.8686,73.4213,1.6364,0,1,55,1847344,A168_HF9F_20260827_0900,2026-08-27 09:00:00,185
1226555|3|905,905,1226555,3,2026-05-03,1,-1,5,6,2,161.2379,10.5031,-84.0248,0.0000,-800.000000,26.8730,32.2476,1.2000,5,1,10,1847345,A168_HF9F_20260827_0900,2026-08-27 09:00:00,185
1226555|30|905,905,1226555,30,2026-05-03,1,-1,2,2,1,12.5946,12.5946,-12.5946,0.0000,-100.000000,6.2973,6.2973,1.0000,0,1,1,1847346,A168_HF9F_20260827_0900,2026-08-27 09:00:00,185
1226555|31|905,905,1226555,31,2026-05-03,1,-1,9,13,6,2828.0277,2828.0277,-2512.3125,0.4873,-88.836203,217.5406,314.2253,1.4444,0,1,36,1847347,A168_HF9F_20260827_0900,2026-08-27 09:00:00,185
1226555|32|905,905,1226555,32,2026-05-03,1,-1,11,14,4,809.7258,809.7258,682.0773,0.0000,84.235580,57.8376,73.6114,1.2727,0,1,55,1847348,A168_HF9F_20260827_0900,2026-08-27 09:00:00,185
1226555|33|905,905,1226555,33,2026-05-03,1,-1,9,12,4,1378.5342,1378.5342,-311.6960,1.9326,-22.610682,114.8778,153.1705,1.3333,0,1,36,1847349,A168_HF9F_20260827_0900,2026-08-27 09:00:00,185
1226555|34|905,905,1226555,34,2026-05-03,1,-1,7,12,5,739.8562,739.8562,-483.0393,0.0000,-65.288270,61.6547,105.6937,1.7143,0,1,21,1847350,A168_HF9F_20260827_0900,2026-08-27 09:00:00,185
1226555|35|905,905,1226555,35,2026-05-03,1,-1,9,12,5,522.8787,522.8787,31.1053,0.0000,5.948846,43.5732,58.0976,1.3333,0,1,36,1847351,A168_HF9F_20260827_0900,2026-08-27 09:00:00,185
1226555|36|905,905,1226555,36,2026-05-03,1,-1,7,8,2,542.1756,542.1756,454.7898,0.0000,83.882385,67.7720,77.4537,1.1429,0,1,21,1847352,A168_HF9F_20260827_0900,2026-08-27 09:00:00,185
1226555|37|905,905,1226555,37,2026-05-03,1,-1,3,3,2,711.6616,711.6616,588.7754,0.0000,82.732489,237.2205,237.2205,1.0000,0,1,3,1847353,A168_HF9F_20260827_0900,2026-08-27 09:00:00,185
1226555|38|905,905,1226555,38,2026-05-03,1,-1,3,3,3,38.0463,38.0463,-12.5478,0.0000,-32.980348,12.6821,12.6821,1.0000,0,1,3,1847354,A168_HF9F_20260827_0900,2026-08-27 09:00:00,185
1226555|39|905,905,1226555,39,2026-05-03,1,-1,16,29,7,1466.0248,1466.0248,541.4697,0.1344,36.934554,50.5526,91.6266,1.8125,0,1,120,1847355,A168_HF9F_20260827_0900,2026-08-27 09:00:00,185
1226555|4|905,905,1226555,4,2026-05-03,1,-1,8,12,5,265.7497,265.7497,-186.9229,0.2756,-70.337946,22.1458,33.2187,1.5000,0,1,28,1847356,A168_HF9F_20260827_0900,2026-08-27 09:00:00,185
1226555|40|905,905,1226555,40,2026-05-03,1,-1,8,13,7,790.2967,790.2967,756.6867,4.8104,95.747177,60.7921,98.7871,1.6250,0,1,28,1847357,A168_HF9F_20260827_0900,2026-08-27 09:00:00,185
1226555|41|905,905,1226555,41,2026-05-03,1,-1,5,8,5,187.6943,187.6943,54.2197,0.0000,28.887233,23.4618,37.5389,1.6000,0,1,10,1847358,A168_HF9F_20260827_0900,2026-08-27 09:00:00,185
1226555|42|905,905,1226555,42,2026-05-03,1,-1,7,8,2,675.8396,675.8396,675.8396,0.0000,100.000000,84.4800,96.5485,1.1429,0,1,21,1847359,A168_HF9F_20260827_0900,2026-08-27 09:00:00,185
1226555|43|905,905,1226555,43,2026-05-03,1,-1,13,21,8,1600.7402,1600.7402,771.8067,0.0000,48.215612,76.2257,123.1339,1.6154,0,1,78,1847360,A168_HF9F_20260827_0900,2026-08-27 09:00:00,185
1226555|44|905,905,1226555,44,2026-05-03,1,-1,6,7,3,404.7167,404.7167,404.7167,0.0000,100.000000,57.8167,67.4528,1.1667,0,1,15,1847361,A168_HF9F_20260827_0900,2026-08-27 09:00:00,185
1226555|45|905,905,1226555,45,2026-05-03,1,-1,9,11,4,462.1526,462.1526,-247.8392,0.0000,-53.627126,42.0139,51.3503,1.2222,0,1,36,1847362,A168_HF9F_20260827_0900,2026-08-27 09:00:00,185
1226555|46|905,905,1226555,46,2026-05-03,1,-1,5,7,3,268.0438,268.0438,268.0438,0.0000,100.000000,38.2920,53.6088,1.4000,0,1,10,1847363,A168_HF9F_20260827_0900,2026-08-27 09:00:00,185
1226555|47|905,905,1226555,47,2026-05-03,1,-1,6,8,4,479.4822,479.4822,-331.0100,0.0000,-69.034900,59.9353,79.9137,1.3333,0,1,15,1847364,A168_HF9F_20260827_0900,2026-08-27 09:00:00,185
1226555|48|905,905,1226555,48,2026-05-03,1,-1,13,14,2,18362.6740,18357.4848,-17325.6878,2.8358,-94.379420,1311.6196,1412.5134,1.0769,2,1,78,1847365,A168_HF9F_20260827_0900,2026-08-27 09:00:00,185
1226555|49|905,905,1226555,49,2026-05-03,1,-1,4,5,3,84.3688,84.3688,23.3991,0.0000,27.734319,16.8738,21.0922,1.2500,0,1,6,1847366,A168_HF9F_20260827_0900,2026-08-27 09:00:00,185
1226555|5|905,905,1226555,5,2026-05-03,1,-1,10,13,5,543.9458,543.9458,-86.1766,0.1378,-15.842872,41.8420,54.3946,1.3000,0,1,45,1847367,A168_HF9F_20260827_0900,2026-08-27 09:00:00,185
1226555|50|905,905,1226555,50,2026-05-03,1,-1,12,12,2,3493.3542,3493.3542,1135.1438,0.0000,32.494379,291.1129,291.1129,1.0000,0,1,66,1847368,A168_HF9F_20260827_0900,2026-08-27 09:00:00,185
1226555|51|905,905,1226555,51,2026-05-03,1,-1,12,13,3,1714.6995,4.2012,-33.6099,0.0000,-800.000000,131.9000,142.8916,1.0833,12,1,66,1847369,A168_HF9F_20260827_0900,2026-08-27 09:00:00,185
1226555|52|905,905,1226555,52,2026-05-03,1,-1,12,18,6,1223.4596,1223.4596,886.6953,0.0000,72.474421,67.9700,101.9550,1.5000,0,1,66,1847370,A168_HF9F_20260827_0900,2026-08-27 09:00:00,185
1226555|53|905,905,1226555,53,2026-05-03,1,-1,11,12,3,1457.2679,1457.2679,-1252.6659,0.0000,-85.959887,121.4390,132.4789,1.0909,0,1,55,1847371,A168_HF9F_20260827_0900,2026-08-27 09:00:00,185
1226555|54|905,905,1226555,54,2026-05-03,1,-1,28,36,6,3179.7803,3179.7803,2312.8652,0.0000,72.736636,88.3272,113.5636,1.2857,0,1,378,1847372,A168_HF9F_20260827_0900,2026-08-27 09:00:00,185
1226555|6|905,905,1226555,6,2026-05-03,1,-1,5,8,5,399.1598,399.1598,175.2641,0.3025,43.908244,49.8950,79.8320,1.6000,0,1,10,1847373,A168_HF9F_20260827_0900,2026-08-27 09:00:00,185
1226555|7|905,905,1226555,7,2026-05-03,1,-1,8,11,5,359.1009,359.1009,-306.4497,0.2689,-85.338068,32.6455,44.8876,1.3750,0,1,28,1847374,A168_HF9F_20260827_0900,2026-08-27 09:00:00,185
1226555|8|905,905,1226555,8,2026-05-03,1,-1,11,17,6,520.5766,520.5766,-225.0427,0.3529,-43.229509,30.6222,47.3251,1.5455,0,1,55,1847375,A168_HF9F_20260827_0900,2026-08-27 09:00:00,185
1226555|9|905,905,1226555,9,2026-05-03,1,-1,9,12,5,510.8340,510.8340,192.2326,0.2017,37.631126,42.5695,56.7593,1.3333,0,1,36,1847376,A168_HF9F_20260827_0900,2026-08-27 09:00:00,185
1226599|1|905,905,1226599,1,2026-05-03,1,-1,1,1,1,400.0000,400.0000,400.0000,0.0000,100.000000,400.0000,400.0000,1.0000,0,0,0,1847377,A168_HF9F_20260827_0900,2026-08-27 09:00:00,185
1226599|10|905,905,1226599,10,2026-05-03,1,-1,8,8,2,1031.5284,0.0000,0.0000,0.0000,,128.9410,128.9410,1.0000,8,1,28,1847378,A168_HF9F_20260827_0900,2026-08-27 09:00:00,185
1226599|11|905,905,1226599,11,2026-05-03,1,-1,3,4,2,516.0720,460.5273,-319.4727,0.0000,-69.371065,129.0180,172.0240,1.3333,1,1,3,1847379,A168_HF9F_20260827_0900,2026-08-27 09:00:00,185
1226599|12|905,905,1226599,12,2026-05-03,1,-1,5,5,2,837.8362,837.8362,-527.1638,0.1361,-62.919665,167.5672,167.5672,1.0000,0,1,10,1847380,A168_HF9F_20260827_0900,2026-08-27 09:00:00,185
1226599|13|905,905,1226599,13,2026-05-03,1,-1,7,8,2,625.0758,588.0460,524.2974,0.0000,89.159243,78.1345,89.2965,1.1429,2,1,21,1847381,A168_HF9F_20260827_0900,2026-08-27 09:00:00,185
1226599|14|905,905,1226599,14,2026-05-03,1,-1,6,6,2,572.5112,572.5112,521.9170,0.0000,91.162766,95.4185,95.4185,1.0000,0,1,15,1847382,A168_HF9F_20260827_0900,2026-08-27 09:00:00,185
1226599|15|905,905,1226599,15,2026-05-03,1,-1,14,14,2,1284.8208,1284.8208,-1110.0411,0.4873,-86.396571,91.7729,91.7729,1.0000,0,1,91,1847383,A168_HF9F_20260827_0900,2026-08-27 09:00:00,185
1226599|16|905,905,1226599,16,2026-05-03,1,-1,23,27,5,1290.6714,1290.6714,-834.6442,0.3697,-64.667440,47.8026,56.1161,1.1739,0,1,253,1847384,A168_HF9F_20260827_0900,2026-08-27 09:00:00,185
1226599|17|905,905,1226599,17,2026-05-03,1,-1,31,40,7,2365.5303,2361.3291,-868.2502,0.0672,-36.769554,59.1383,76.3074,1.2903,1,1,465,1847385,A168_HF9F_20260827_0900,2026-08-27 09:00:00,185
1226599|18|905,905,1226599,18,2026-05-03,1,-1,34,41,5,3723.4283,3723.4283,2634.5734,2.4746,70.756659,90.8153,109.5126,1.2059,0,1,561,1847386,A168_HF9F_20260827_0900,2026-08-27 09:00:00,185
1226599|19|905,905,1226599,19,2026-05-03,1,-1,14,19,7,1148.7562,1148.7562,611.0007,1.4827,53.188025,60.4609,82.0540,1.3571,0,1,91,1847387,A168_HF9F_20260827_0900,2026-08-27 09:00:00,185
1226599|2|905,905,1226599,2,2026-05-03,1,-1,1,1,1,700.0000,700.0000,700.0000,0.0000,100.000000,700.0000,700.0000,1.0000,0,0,0,1847388,A168_HF9F_20260827_0900,2026-08-27 09:00:00,185
1226599|20|905,905,1226599,20,2026-05-03,1,-1,12,19,6,1043.4314,47.3211,-149.5026,0.0000,-315.932406,54.9174,86.9526,1.5833,11,1,66,1847389,A168_HF9F_20260827_0900,2026-08-27 09:00:00,185
1226599|21|905,905,1226599,21,2026-05-03,1,-1,17,25,8,794.8478,794.8478,-38.7374,1.8906,-4.873561,31.7939,46.7558,1.4706,0,1,136,1847390,A168_HF9F_20260827_0900,2026-08-27 09:00:00,185
1226599|22|905,905,1226599,22,2026-05-03,1,-1,13,14,3,1650.5181,1650.5181,1274.6610,1.8906,77.227936,117.8941,126.9629,1.0769,0,1,78,1847391,A168_HF9F_20260827_0900,2026-08-27 09:00:00,185
1226599|23|905,905,1226599,23,2026-05-03,1,-1,9,11,4,1274.0311,1274.0311,1049.6603,1.8906,82.388912,115.8210,141.5590,1.2222,0,1,36,1847392,A168_HF9F_20260827_0900,2026-08-27 09:00:00,185
1226599|24|905,905,1226599,24,2026-05-03,1,-1,9,13,5,1228.2363,1228.2363,964.2035,1.8906,78.503088,94.4797,136.4707,1.4444,0,1,36,1847393,A168_HF9F_20260827_0900,2026-08-27 09:00:00,185
1226599|25|905,905,1226599,25,2026-05-03,1,-1,8,13,5,1025.6013,1025.6013,-225.9738,0.9453,-22.033302,78.8924,128.2002,1.6250,0,1,28,1847394,A168_HF9F_20260827_0900,2026-08-27 09:00:00,185
1226599|26|905,905,1226599,26,2026-05-03,1,-1,7,8,3,695.4279,695.4279,-584.4695,1.0797,-84.044585,86.9285,99.3468,1.1429,0,1,21,1847395,A168_HF9F_20260827_0900,2026-08-27 09:00:00,185
1226599|27|905,905,1226599,27,2026-05-03,1,-1,6,10,4,1270.4874,1270.4874,1270.4874,0.9453,100.000000,127.0487,211.7479,1.6667,0,1,15,1847396,A168_HF9F_20260827_0900,2026-08-27 09:00:00,185
1226599|28|905,905,1226599,28,2026-05-03,1,-1,6,8,4,871.0836,871.0836,398.1242,0.9453,45.704471,108.8855,145.1806,1.3333,0,1,15,1847397,A168_HF9F_20260827_0900,2026-08-27 09:00:00,185
1226599|29|905,905,1226599,29,2026-05-03,1,-1,8,10,4,901.5388,15.5674,15.5674,0.0000,100.000000,90.1539,112.6924,1.2500,8,1,28,1847398,A168_HF9F_20260827_0900,2026-08-27 09:00:00,185
1226599|3|905,905,1226599,3,2026-05-03,1,-1,3,3,1,577.8372,577.8372,-577.8372,0.0000,-100.000000,192.6124,192.6124,1.0000,0,1,3,1847399,A168_HF9F_20260827_0900,2026-08-27 09:00:00,185
1226599|30|905,905,1226599,30,2026-05-03,1,-1,20,22,4,1358.0104,1358.0104,353.9766,0.9453,26.065824,61.7277,67.9005,1.1000,0,1,190,1847400,A168_HF9F_20260827_0900,2026-08-27 09:00:00,185
1226599|31|905,905,1226599,31,2026-05-03,1,-1,6,12,6,1096.5688,1096.5688,-369.6195,0.9453,-33.706912,91.3807,182.7615,2.0000,0,1,15,1847401,A168_HF9F_20260827_0900,2026-08-27 09:00:00,185
1226599|32|905,905,1226599,32,2026-05-03,1,-1,4,5,3,891.1968,891.1968,-728.9271,1.8906,-81.791931,178.2394,222.7992,1.2500,0,1,6,1847402,A168_HF9F_20260827_0900,2026-08-27 09:00:00,185
1226599|33|905,905,1226599,33,2026-05-03,1,-1,7,9,4,1270.3095,1270.3095,257.7058,1.8906,20.286853,141.1455,181.4728,1.2857,0,1,21,1847403,A168_HF9F_20260827_0900,2026-08-27 09:00:00,185
1226599|34|905,905,1226599,34,2026-05-03,1,-1,6,6,2,864.7079,864.7079,-444.5840,1.8906,-51.414352,144.1180,144.1180,1.0000,0,1,15,1847404,A168_HF9F_20260827_0900,2026-08-27 09:00:00,185
1226599|35|905,905,1226599,35,2026-05-03,1,-1,7,7,2,904.3349,904.3349,887.9501,0.9453,98.188190,129.1907,129.1907,1.0000,0,1,21,1847405,A168_HF9F_20260827_0900,2026-08-27 09:00:00,185
1226599|36|905,905,1226599,36,2026-05-03,1,-1,5,5,2,572.2508,572.2508,-479.8235,0.3781,-83.848469,114.4502,114.4502,1.0000,0,1,10,1847406,A168_HF9F_20260827_0900,2026-08-27 09:00:00,185
1226599|37|905,905,1226599,37,2026-05-03,1,-1,4,4,2,718.2544,718.2544,508.1924,0.9812,70.753820,179.5636,179.5636,1.0000,0,1,6,1847407,A168_HF9F_20260827_0900,2026-08-27 09:00:00,185
1226599|38|905,905,1226599,38,2026-05-03,1,-1,7,7,2,938.8413,938.8413,-896.8289,0.0000,-95.525080,134.1202,134.1202,1.0000,0,1,21,1847408,A168_HF9F_20260827_0900,2026-08-27 09:00:00,185
1226599|39|905,905,1226599,39,2026-05-03,1,-1,5,5,2,1091.0527,1091.0527,864.1858,0.0000,79.206602,218.2105,218.2105,1.0000,0,1,10,1847409,A168_HF9F_20260827_0900,2026-08-27 09:00:00,185
1226599|4|905,905,1226599,4,2026-05-03,1,-1,4,4,2,552.9142,552.9142,-447.0858,0.0000,-80.859888,138.2285,138.2285,1.0000,0,1,6,1847410,A168_HF9F_20260827_0900,2026-08-27 09:00:00,185
1226599|40|905,905,1226599,40,2026-05-03,1,-1,8,9,3,747.6526,747.6526,308.6230,0.9243,41.278939,83.0725,93.4566,1.1250,0,1,28,1847411,A168_HF9F_20260827_0900,2026-08-27 09:00:00,185
1226599|41|905,905,1226599,41,2026-05-03,1,-1,23,25,3,3390.3116,3390.3116,-3115.7650,0.0840,-91.902026,135.6125,147.4049,1.0870,0,1,253,1847412,A168_HF9F_20260827_0900,2026-08-27 09:00:00,185
1226599|42|905,905,1226599,42,2026-05-03,1,-1,25,28,3,1809.3078,1809.3078,-216.3404,0.0504,-11.957083,64.6181,72.3723,1.1200,0,1,300,1847413,A168_HF9F_20260827_0900,2026-08-27 09:00:00,185
1226599|43|905,905,1226599,43,2026-05-03,1,-1,22,24,3,680.5631,680.5631,336.1320,0.0840,49.390277,28.3568,30.9347,1.0909,0,1,231,1847414,A168_HF9F_20260827_0900,2026-08-27 09:00:00,185
1226599|44|905,905,1226599,44,2026-05-03,1,-1,6,9,5,522.8872,522.8872,47.1804,0.0000,9.023053,58.0986,87.1479,1.5000,0,1,15,1847415,A168_HF9F_20260827_0900,2026-08-27 09:00:00,185
1226599|45|905,905,1226599,45,2026-05-03,1,-1,9,15,5,650.6559,629.6497,-431.4637,0.5041,-68.524407,43.3771,72.2951,1.6667,1,1,36,1847416,A168_HF9F_20260827_0900,2026-08-27 09:00:00,185
1226599|46|905,905,1226599,46,2026-05-03,1,-1,9,12,3,325.0238,325.0238,192.5055,0.0000,59.228121,27.0853,36.1138,1.3333,0,1,36,1847417,A168_HF9F_20260827_0900,2026-08-27 09:00:00,185
1226599|47|905,905,1226599,47,2026-05-03,1,-1,10,12,3,302.5858,302.5858,-216.5852,0.0000,-71.578107,25.2155,30.2586,1.2000,0,1,45,1847418,A168_HF9F_20260827_0900,2026-08-27 09:00:00,185
1226599|48|905,905,1226599,48,2026-05-03,1,-1,9,11,4,307.0704,307.0704,-203.4246,0.0000,-66.246896,27.9155,34.1189,1.2222,0,1,36,1847419,A168_HF9F_20260827_0900,2026-08-27 09:00:00,185
1226599|49|905,905,1226599,49,2026-05-03,1,-1,16,22,6,573.1864,573.1864,-28.6733,0.0000,-5.002446,26.0539,35.8241,1.3750,0,1,120,1847420,A168_HF9F_20260827_0900,2026-08-27 09:00:00,185
1226599|5|905,905,1226599,5,2026-05-03,1,-1,4,9,6,3579.4698,3579.4698,3579.4698,0.0000,100.000000,397.7189,894.8675,2.2500,0,1,6,1847421,A168_HF9F_20260827_0900,2026-08-27 09:00:00,185
1226599|50|905,905,1226599,50,2026-05-03,1,-1,14,21,7,2951.8211,2951.8211,1224.5409,0.0000,41.484253,140.5629,210.8444,1.5000,0,1,91,1847422,A168_HF9F_20260827_0900,2026-08-27 09:00:00,185
1226599|51|905,905,1226599,51,2026-05-03,1,-1,11,16,5,476.2904,453.9916,132.1725,0.0000,29.113431,29.7681,43.2991,1.4545,1,1,55,1847423,A168_HF9F_20260827_0900,2026-08-27 09:00:00,185
1226599|52|905,905,1226599,52,2026-05-03,1,-1,8,9,3,334.6893,334.6893,-181.9681,0.0000,-54.369266,37.1877,41.8362,1.1250,0,1,28,1847424,A168_HF9F_20260827_0900,2026-08-27 09:00:00,185
1226599|6|905,905,1226599,6,2026-05-03,1,-1,2,2,1,525.9457,525.9457,525.9457,0.0000,100.000000,262.9729,262.9729,1.0000,0,1,1,1847425,A168_HF9F_20260827_0900,2026-08-27 09:00:00,185
1226599|7|905,905,1226599,7,2026-05-03,1,-1,4,4,3,886.0231,21.5349,21.5349,0.0000,100.000000,221.5058,221.5058,1.0000,3,1,6,1847426,A168_HF9F_20260827_0900,2026-08-27 09:00:00,185
1226599|8|905,905,1226599,8,2026-05-03,1,-1,1,1,1,600.0000,600.0000,600.0000,0.0000,100.000000,600.0000,600.0000,1.0000,0,0,0,1847427,A168_HF9F_20260827_0900,2026-08-27 09:00:00,185
1226599|9|905,905,1226599,9,2026-05-03,1,-1,9,9,2,1348.3893,1348.3893,18.1304,0.0000,1.344596,149.8210,149.8210,1.0000,0,1,36,1847428,A168_HF9F_20260827_0900,2026-08-27 09:00:00,185
1226638|1|905,905,1226638,1,2026-05-03,1,-1,2,2,2,62.3945,62.3945,41.3883,0.0000,66.333278,31.1973,31.1973,1.0000,0,1,1,1847429,A168_HF9F_20260827_0900,2026-08-27 09:00:00,185
1226638|10|905,905,1226638,10,2026-05-03,1,-1,9,10,2,1038.2210,1033.0318,205.4272,0.0000,19.885855,103.8221,115.3579,1.1111,1,1,36,1847430,A168_HF9F_20260827_0900,2026-08-27 09:00:00,185
1226638|11|905,905,1226638,11,2026-05-03,1,-1,16,21,5,1021.2349,974.7021,971.7962,0.0000,99.701866,48.6302,63.8272,1.3125,2,1,120,1847431,A168_HF9F_20260827_0900,2026-08-27 09:00:00,185
1226638|12|905,905,1226638,12,2026-05-03,1,-1,8,9,2,202.8082,197.6191,-173.4994,0.0000,-87.794861,22.5342,25.3510,1.1250,1,1,28,1847432,A168_HF9F_20260827_0900,2026-08-27 09:00:00,185
1226638|13|905,905,1226638,13,2026-05-03,1,-1,9,10,2,341.9707,341.9707,341.9707,0.0000,100.000000,34.1971,37.9967,1.1111,0,1,36,1847433,A168_HF9F_20260827_0900,2026-08-27 09:00:00,185
1226638|14|905,905,1226638,14,2026-05-03,1,-1,11,15,5,572.2952,567.1061,-477.9081,0.0000,-84.271370,38.1530,52.0268,1.3636,1,1,55,1847434,A168_HF9F_20260827_0900,2026-08-27 09:00:00,185
1226638|15|905,905,1226638,15,2026-05-03,1,-1,8,10,2,431.4658,0.0000,0.0000,0.0000,,43.1466,53.9332,1.2500,10,1,28,1847435,A168_HF9F_20260827_0900,2026-08-27 09:00:00,185
1226638|16|905,905,1226638,16,2026-05-03,1,-1,6,9,3,220.7305,195.5414,-64.4463,0.0000,-32.957869,24.5256,36.7884,1.5000,2,1,15,1847436,A168_HF9F_20260827_0900,2026-08-27 09:00:00,185
1226638|17|905,905,1226638,17,2026-05-03,1,-1,13,15,4,742.4482,742.4482,496.6757,0.2736,66.897015,49.4965,57.1114,1.1538,0,1,78,1847437,A168_HF9F_20260827_0900,2026-08-27 09:00:00,185
1226638|18|905,905,1226638,18,2026-05-03,1,-1,10,15,6,349.7813,349.7813,-35.3079,0.2736,-10.094288,23.3188,34.9781,1.5000,0,1,45,1847438,A168_HF9F_20260827_0900,2026-08-27 09:00:00,185
1226638|19|905,905,1226638,19,2026-05-03,1,-1,20,28,7,1135.8358,1135.8358,-673.2168,0.1361,-59.270607,40.5656,56.7918,1.4000,0,1,190,1847439,A168_HF9F_20260827_0900,2026-08-27 09:00:00,185
1226638|2|905,905,1226638,2,2026-05-03,1,-1,3,3,2,103.7829,0.0000,0.0000,0.0000,,34.5943,34.5943,1.0000,3,1,3,1847440,A168_HF9F_20260827_0900,2026-08-27 09:00:00,185
1226638|20|905,905,1226638,20,2026-05-03,1,-1,6,16,8,202.7737,106.2753,-398.0992,0.0000,-374.592330,12.6734,33.7956,2.6667,4,1,15,1847441,A168_HF9F_20260827_0900,2026-08-27 09:00:00,185
1226638|21|905,905,1226638,21,2026-05-03,1,-1,7,15,5,284.8191,284.8191,82.4044,0.0000,28.932185,18.9879,40.6884,2.1429,0,1,21,1847442,A168_HF9F_20260827_0900,2026-08-27 09:00:00,185
1226638|22|905,905,1226638,22,2026-05-03,1,-1,10,20,7,491.3209,491.3209,-56.1330,0.0000,-11.424914,24.5660,49.1321,2.0000,0,1,45,1847443,A168_HF9F_20260827_0900,2026-08-27 09:00:00,185
1226638|23|905,905,1226638,23,2026-05-03,1,-1,12,19,6,764.9145,764.9145,691.7672,0.0000,90.437198,40.2587,63.7429,1.5833,0,1,66,1847444,A168_HF9F_20260827_0900,2026-08-27 09:00:00,185
1226638|24|905,905,1226638,24,2026-05-03,1,-1,9,17,8,807.8988,807.8988,71.0905,0.0000,8.799435,47.5235,89.7665,1.8889,0,1,36,1847445,A168_HF9F_20260827_0900,2026-08-27 09:00:00,185
1226638|25|905,905,1226638,25,2026-05-03,1,-1,7,12,7,679.3732,679.3732,85.8561,0.0000,12.637550,56.6144,97.0533,1.7143,0,1,21,1847446,A168_HF9F_20260827_0900,2026-08-27 09:00:00,185
1226638|26|905,905,1226638,26,2026-05-03,1,-1,27,34,6,2733.4311,2733.4311,1622.8929,0.0840,59.372006,80.3950,101.2382,1.2593,0,1,351,1847447,A168_HF9F_20260827_0900,2026-08-27 09:00:00,185
1226638|27|905,905,1226638,27,2026-05-03,1,-1,10,16,7,390.7224,390.7224,-357.8848,0.0000,-91.595681,24.4201,39.0722,1.6000,0,1,45,1847448,A168_HF9F_20260827_0900,2026-08-27 09:00:00,185
1226638|28|905,905,1226638,28,2026-05-03,1,-1,13,18,7,291.6890,291.6890,-64.2698,0.0000,-22.033670,16.2049,22.4376,1.3846,0,1,78,1847449,A168_HF9F_20260827_0900,2026-08-27 09:00:00,185
1226638|29|905,905,1226638,29,2026-05-03,1,-1,8,9,3,248.1772,248.1772,-7.6333,0.0000,-3.075738,27.5752,31.0222,1.1250,0,1,28,1847450,A168_HF9F_20260827_0900,2026-08-27 09:00:00,185
1226638|3|905,905,1226638,3,2026-05-03,1,-1,3,4,3,131.3905,131.3905,2.8813,0.0000,2.192949,32.8476,43.7968,1.3333,0,1,3,1847451,A168_HF9F_20260827_0900,2026-08-27 09:00:00,185
1226638|30|905,905,1226638,30,2026-05-03,1,-1,8,17,8,1144.1693,1144.1693,985.2917,0.0000,86.114153,67.3041,143.0212,2.1250,0,1,28,1847452,A168_HF9F_20260827_0900,2026-08-27 09:00:00,185
1226638|31|905,905,1226638,31,2026-05-03,1,-1,7,11,7,341.2339,341.2339,307.8341,0.0000,90.212036,31.0213,48.7477,1.5714,0,1,21,1847453,A168_HF9F_20260827_0900,2026-08-27 09:00:00,185
1226638|32|905,905,1226638,32,2026-05-03,1,-1,4,5,3,76.8159,76.8159,76.8159,0.0000,100.000000,15.3632,19.2040,1.2500,0,1,6,1847454,A168_HF9F_20260827_0900,2026-08-27 09:00:00,185
1226638|33|905,905,1226638,33,2026-05-03,1,-1,6,6,2,231.7670,231.7670,79.5816,0.0000,34.336917,38.6278,38.6278,1.0000,0,1,15,1847455,A168_HF9F_20260827_0900,2026-08-27 09:00:00,185
1226638|34|905,905,1226638,34,2026-05-03,1,-1,4,5,3,533.9068,533.9068,-456.0697,0.0000,-85.421208,106.7814,133.4767,1.2500,0,1,6,1847456,A168_HF9F_20260827_0900,2026-08-27 09:00:00,185
1226638|35|905,905,1226638,35,2026-05-03,1,-1,9,11,3,1469.4339,1469.4339,1240.4330,0.0000,84.415706,133.5849,163.2704,1.2222,0,1,36,1847457,A168_HF9F_20260827_0900,2026-08-27 09:00:00,185
1226638|36|905,905,1226638,36,2026-05-03,1,-1,7,7,2,342.6235,0.0000,0.0000,0.0000,,48.9462,48.9462,1.0000,7,1,21,1847458,A168_HF9F_20260827_0900,2026-08-27 09:00:00,185
1226638|37|905,905,1226638,37,2026-05-03,1,-1,11,11,2,368.6502,0.0000,0.0000,0.0000,,33.5137,33.5137,1.0000,11,1,55,1847459,A168_HF9F_20260827_0900,2026-08-27 09:00:00,185
1226638|38|905,905,1226638,38,2026-05-03,1,-1,10,10,2,2476.9136,2476.9136,-2137.5847,0.0672,-86.300334,247.6914,247.6914,1.0000,0,1,45,1847460,A168_HF9F_20260827_0900,2026-08-27 09:00:00,185
1226638|39|905,905,1226638,39,2026-05-03,1,-1,12,12,2,2795.3289,2795.3289,2605.9607,0.0000,93.225549,232.9441,232.9441,1.0000,0,1,66,1847461,A168_HF9F_20260827_0900,2026-08-27 09:00:00,185
1226638|4|905,905,1226638,4,2026-05-03,1,-1,2,2,1,77.1639,77.1639,-77.1639,0.0000,-100.000000,38.5820,38.5820,1.0000,0,1,1,1847462,A168_HF9F_20260827_0900,2026-08-27 09:00:00,185
1226638|40|905,905,1226638,40,2026-05-03,1,-1,9,10,3,860.6095,860.6095,-436.0377,0.0672,-50.666147,86.0610,95.6233,1.1111,0,1,36,1847463,A168_HF9F_20260827_0900,2026-08-27 09:00:00,185
1226638|41|905,905,1226638,41,2026-05-03,1,-1,9,10,3,1699.4843,1699.4843,1556.7366,0.3408,91.600531,169.9484,188.8316,1.1111,0,1,36,1847464,A168_HF9F_20260827_0900,2026-08-27 09:00:00,185
1226638|42|905,905,1226638,42,2026-05-03,1,-1,10,13,4,305.8188,300.6296,9.0969,0.2736,3.025965,23.5245,30.5819,1.3000,2,1,45,1847465,A168_HF9F_20260827_0900,2026-08-27 09:00:00,185
1226638|43|905,905,1226638,43,2026-05-03,1,-1,4,5,3,196.7816,196.7816,-141.4078,0.5472,-71.860263,39.3563,49.1954,1.2500,0,1,6,1847466,A168_HF9F_20260827_0900,2026-08-27 09:00:00,185
1226638|44|905,905,1226638,44,2026-05-03,1,-1,7,7,2,370.7713,370.7713,88.3615,0.1642,23.831798,52.9673,52.9673,1.0000,0,1,21,1847467,A168_HF9F_20260827_0900,2026-08-27 09:00:00,185
1226638|45|905,905,1226638,45,2026-05-03,1,-1,11,11,2,810.0908,810.0908,201.2339,0.5472,24.840904,73.6446,73.6446,1.0000,0,1,55,1847468,A168_HF9F_20260827_0900,2026-08-27 09:00:00,185
1226638|46|905,905,1226638,46,2026-05-03,1,-1,9,9,2,1129.7364,1129.7364,352.0175,5.6717,31.159262,125.5263,125.5263,1.0000,0,1,36,1847469,A168_HF9F_20260827_0900,2026-08-27 09:00:00,185
1226638|47|905,905,1226638,47,2026-05-03,1,-1,10,10,2,473.9468,473.9468,367.6991,0.0000,77.582353,47.3947,47.3947,1.0000,0,1,45,1847470,A168_HF9F_20260827_0900,2026-08-27 09:00:00,185
1226638|48|905,905,1226638,48,2026-05-03,1,-1,6,6,2,214.1434,214.1434,198.5760,0.2736,92.730370,35.6906,35.6906,1.0000,0,1,15,1847471,A168_HF9F_20260827_0900,2026-08-27 09:00:00,185
1226638|49|905,905,1226638,49,2026-05-03,1,-1,3,3,2,47.2974,47.2974,-39.8731,0.2736,-84.302972,15.7658,15.7658,1.0000,0,1,3,1847472,A168_HF9F_20260827_0900,2026-08-27 09:00:00,185
1226638|5|905,905,1226638,5,2026-05-03,1,-1,4,5,3,231.3281,231.3281,-106.7887,0.0000,-46.163283,46.2656,57.8320,1.2500,0,1,6,1847473,A168_HF9F_20260827_0900,2026-08-27 09:00:00,185
1226638|50|905,905,1226638,50,2026-05-03,1,-1,12,12,2,436.1727,436.1727,237.6318,0.2736,54.481127,36.3477,36.3477,1.0000,0,1,66,1847474,A168_HF9F_20260827_0900,2026-08-27 09:00:00,185
1226638|6|905,905,1226638,6,2026-05-03,1,-1,4,4,2,142.5964,142.5964,136.0192,0.0000,95.387513,35.6491,35.6491,1.0000,0,1,6,1847475,A168_HF9F_20260827_0900,2026-08-27 09:00:00,185
1226638|7|905,905,1226638,7,2026-05-03,1,-1,3,3,2,65.8726,65.8726,-44.8664,0.0000,-68.110883,21.9575,21.9575,1.0000,0,1,3,1847476,A168_HF9F_20260827_0900,2026-08-27 09:00:00,185
1226638|8|905,905,1226638,8,2026-05-03,1,-1,4,4,2,107.6865,107.6865,4.1992,0.0000,3.899478,26.9216,26.9216,1.0000,0,1,6,1847477,A168_HF9F_20260827_0900,2026-08-27 09:00:00,185
1226638|9|905,905,1226638,9,2026-05-03,1,-1,3,3,1,312.6933,312.6933,-312.6933,0.0000,-100.000000,104.2311,104.2311,1.0000,0,1,3,1847478,A168_HF9F_20260827_0900,2026-08-27 09:00:00,185
1226677|1|905,905,1226677,1,2026-05-03,1,-1,2,2,2,18.8690,18.8690,8.7502,0.1094,46.373349,9.4345,9.4345,1.0000,0,1,1,1847479,A168_HF9F_20260827_0900,2026-08-27 09:00:00,185
1226677|10|905,905,1226677,10,2026-05-03,1,-1,7,9,3,504.9428,504.9428,504.9428,0.2736,100.000000,56.1048,72.1347,1.2857,0,1,21,1847480,A168_HF9F_20260827_0900,2026-08-27 09:00:00,185
1226677|11|905,905,1226677,11,2026-05-03,1,-1,7,7,2,636.4479,636.4479,552.4231,0.5472,86.797854,90.9211,90.9211,1.0000,0,1,21,1847481,A168_HF9F_20260827_0900,2026-08-27 09:00:00,185
1226677|12|905,905,1226677,12,2026-05-03,1,-1,4,4,2,530.9616,530.9616,285.3674,0.0000,53.745399,132.7404,132.7404,1.0000,0,1,6,1847482,A168_HF9F_20260827_0900,2026-08-27 09:00:00,185
1226677|13|905,905,1226677,13,2026-05-03,1,-1,2,2,2,225.9457,225.9457,175.3516,0.0000,77.607827,112.9729,112.9729,1.0000,0,1,1,1847483,A168_HF9F_20260827_0900,2026-08-27 09:00:00,185
1226677|14|905,905,1226677,14,2026-05-03,1,-1,3,3,1,263.4644,263.4644,263.4644,1.6805,100.000000,87.8215,87.8215,1.0000,0,1,3,1847484,A168_HF9F_20260827_0900,2026-08-27 09:00:00,185
1226677|15|905,905,1226677,15,2026-05-03,1,-1,4,5,3,321.2509,321.2509,-107.8280,0.8066,-33.565033,64.2502,80.3127,1.2500,0,1,6,1847485,A168_HF9F_20260827_0900,2026-08-27 09:00:00,185
1226677|16|905,905,1226677,16,2026-05-03,1,-1,8,9,3,624.6821,624.6821,297.2471,0.0000,47.583739,69.4091,78.0853,1.1250,0,1,28,1847486,A168_HF9F_20260827_0900,2026-08-27 09:00:00,185
1226677|17|905,905,1226677,17,2026-05-03,1,-1,8,10,4,1543.2309,1543.2309,1416.3412,0.0000,91.777659,154.3231,192.9039,1.2500,0,1,28,1847487,A168_HF9F_20260827_0900,2026-08-27 09:00:00,185
1226677|18|905,905,1226677,18,2026-05-03,1,-1,9,10,3,1189.2378,1189.2378,-428.5323,1.2221,-36.034200,118.9238,132.1375,1.1111,0,1,36,1847488,A168_HF9F_20260827_0900,2026-08-27 09:00:00,185
1226677|19|905,905,1226677,19,2026-05-03,1,-1,3,8,7,4806.0062,4806.0062,1951.9768,0.0000,40.615362,600.7508,1602.0021,2.6667,0,1,3,1847489,A168_HF9F_20260827_0900,2026-08-27 09:00:00,185
1226677|2|905,905,1226677,2,2026-05-03,1,-1,3,3,2,1111.4175,1111.4175,-922.4677,0.5472,-82.999205,370.4725,370.4725,1.0000,0,1,3,1847490,A168_HF9F_20260827_0900,2026-08-27 09:00:00,185
1226677|20|905,905,1226677,20,2026-05-03,1,-1,3,5,4,22.0055,22.0055,4.3918,0.0000,19.957848,4.4011,7.3352,1.6667,0,1,3,1847491,A168_HF9F_20260827_0900,2026-08-27 09:00:00,185
1226677|21|905,905,1226677,21,2026-05-03,1,-1,6,9,5,487.3858,487.3858,-215.3328,0.0000,-44.181185,54.1540,81.2310,1.5000,0,1,15,1847492,A168_HF9F_20260827_0900,2026-08-27 09:00:00,185
1226677|22|905,905,1226677,22,2026-05-03,1,-1,17,19,4,1755.6197,1755.6197,380.9443,0.0000,21.698563,92.4010,103.2717,1.1176,0,1,136,1847493,A168_HF9F_20260827_0900,2026-08-27 09:00:00,185
1226677|23|905,905,1226677,23,2026-05-03,1,-1,9,13,6,2409.3474,2409.3474,260.9148,0.0000,10.829272,185.3344,267.7053,1.4444,0,1,36,1847494,A168_HF9F_20260827_0900,2026-08-27 09:00:00,185
1226677|24|905,905,1226677,24,2026-05-03,1,-1,9,11,4,1543.9269,1543.9269,881.4023,0.4201,57.088342,140.3570,171.5474,1.2222,0,1,36,1847495,A168_HF9F_20260827_0900,2026-08-27 09:00:00,185
1226677|25|905,905,1226677,25,2026-05-03,1,-1,7,9,4,552.5455,552.5455,106.4758,0.8402,19.270058,61.3939,78.9351,1.2857,0,1,21,1847496,A168_HF9F_20260827_0900,2026-08-27 09:00:00,185
1226677|26|905,905,1226677,26,2026-05-03,1,-1,5,10,7,487.4316,487.4316,-294.6844,0.0000,-60.456562,48.7432,97.4863,2.0000,0,1,10,1847497,A168_HF9F_20260827_0900,2026-08-27 09:00:00,185
1226677|27|905,905,1226677,27,2026-05-03,1,-1,6,10,6,598.0893,64.8643,64.8643,0.0000,100.000000,59.8089,99.6816,1.6667,6,1,15,1847498,A168_HF9F_20260827_0900,2026-08-27 09:00:00,185
1226677|28|905,905,1226677,28,2026-05-03,1,-1,8,16,7,795.4154,795.4154,469.0186,0.0672,58.965243,49.7135,99.4269,2.0000,0,1,28,1847499,A168_HF9F_20260827_0900,2026-08-27 09:00:00,185
1226677|29|905,905,1226677,29,2026-05-03,1,-1,3,7,6,659.0213,659.0213,648.9025,0.0000,98.464567,94.1459,219.6738,2.3333,0,1,3,1847500,A168_HF9F_20260827_0900,2026-08-27 09:00:00,185
1226677|3|905,905,1226677,3,2026-05-03,1,-1,3,3,2,83.0263,83.0263,-28.2808,0.0000,-34.062500,27.6754,27.6754,1.0000,0,1,3,1847501,A168_HF9F_20260827_0900,2026-08-27 09:00:00,185
1226677|30|905,905,1226677,30,2026-05-03,1,-1,4,4,2,441.0902,441.0902,329.7831,0.0000,74.765448,110.2726,110.2726,1.0000,0,1,6,1847502,A168_HF9F_20260827_0900,2026-08-27 09:00:00,185
1226677|31|905,905,1226677,31,2026-05-03,1,-1,3,3,2,652.7032,652.7032,46.8267,0.0000,7.174265,217.5677,217.5677,1.0000,0,1,3,1847503,A168_HF9F_20260827_0900,2026-08-27 09:00:00,185
1226677|32|905,905,1226677,32,2026-05-03,1,-1,9,10,3,654.3020,654.3020,-477.3288,1.9541,-72.952372,65.4302,72.7002,1.1111,0,1,36,1847504,A168_HF9F_20260827_0900,2026-08-27 09:00:00,185
1226677|33|905,905,1226677,33,2026-05-03,1,-1,9,10,3,734.7357,708.4779,-807.0379,1.6805,-113.911513,73.4736,81.6373,1.1111,0,1,36,1847505,A168_HF9F_20260827_0900,2026-08-27 09:00:00,185
1226677|34|905,905,1226677,34,2026-05-03,1,-1,9,11,4,757.1552,757.1552,-267.3841,0.0000,-35.314309,68.8323,84.1284,1.2222,0,1,36,1847506,A168_HF9F_20260827_0900,2026-08-27 09:00:00,185
1226677|35|905,905,1226677,35,2026-05-03,1,-1,10,13,4,607.1698,607.1698,-312.8622,0.0000,-51.527969,46.7054,60.7170,1.3000,0,1,45,1847507,A168_HF9F_20260827_0900,2026-08-27 09:00:00,185
1226677|36|905,905,1226677,36,2026-05-03,1,-1,17,21,4,3003.1762,3003.1762,-558.2092,0.1680,-18.587296,143.0084,176.6574,1.2353,0,1,136,1847508,A168_HF9F_20260827_0900,2026-08-27 09:00:00,185
1226677|37|905,905,1226677,37,2026-05-03,1,-1,24,32,6,5870.4890,68.1386,45.4520,0.0000,66.705104,183.4528,244.6037,1.3333,24,1,276,1847509,A168_HF9F_20260827_0900,2026-08-27 09:00:00,185
1226677|38|905,905,1226677,38,2026-05-03,1,-1,25,34,7,4084.3620,4084.3620,-2584.1428,4.9575,-63.269193,120.1283,163.3745,1.3600,0,1,300,1847510,A168_HF9F_20260827_0900,2026-08-27 09:00:00,185
1226677|39|905,905,1226677,39,2026-05-03,1,-1,8,9,3,347.1931,347.1931,100.4124,0.7562,28.921194,38.5770,43.3991,1.1250,0,1,28,1847511,A168_HF9F_20260827_0900,2026-08-27 09:00:00,185
1226677|4|905,905,1226677,4,2026-05-03,1,-1,3,3,1,816.8666,0.0000,0.0000,0.0000,,272.2889,272.2889,1.0000,3,1,3,1847512,A168_HF9F_20260827_0900,2026-08-27 09:00:00,185
1226677|40|905,905,1226677,40,2026-05-03,1,-1,7,8,3,642.8445,642.8445,-351.7802,0.7562,-54.722437,80.3556,91.8349,1.1429,0,1,21,1847513,A168_HF9F_20260827_0900,2026-08-27 09:00:00,185
1226677|41|905,905,1226677,41,2026-05-03,1,-1,5,6,3,580.4611,38.4078,38.4078,0.0000,100.000000,96.7435,116.0922,1.2000,5,1,10,1847514,A168_HF9F_20260827_0900,2026-08-27 09:00:00,185
1226677|42|905,905,1226677,42,2026-05-03,1,-1,7,9,4,829.4834,829.4834,-142.4807,0.4369,-17.177041,92.1648,118.4976,1.2857,0,1,21,1847515,A168_HF9F_20260827_0900,2026-08-27 09:00:00,185
1226677|43|905,905,1226677,43,2026-05-03,1,-1,8,9,3,2207.2717,2207.2717,-1615.0544,4.2012,-73.169713,245.2524,275.9090,1.1250,0,1,28,1847516,A168_HF9F_20260827_0900,2026-08-27 09:00:00,185
1226677|44|905,905,1226677,44,2026-05-03,1,-1,16,19,4,4769.5850,4769.5850,-4294.3386,1.6805,-90.035897,251.0308,298.0991,1.1875,0,1,120,1847517,A168_HF9F_20260827_0900,2026-08-27 09:00:00,185
1226677|45|905,905,1226677,45,2026-05-03,1,-1,32,42,7,11432.0287,72.3343,-39.2429,0.0000,-54.252134,272.1912,357.2509,1.3125,33,1,496,1847518,A168_HF9F_20260827_0900,2026-08-27 09:00:00,185
1226677|46|905,905,1226677,46,2026-05-03,1,-1,40,62,8,3790.1279,3790.1279,865.3325,1.6805,22.831222,61.1311,94.7532,1.5500,0,1,780,1847519,A168_HF9F_20260827_0900,2026-08-27 09:00:00,185
1226677|47|905,905,1226677,47,2026-05-03,1,-1,11,24,8,800.1815,791.7790,-373.4448,0.0000,-47.165273,33.3409,72.7438,2.1818,1,1,55,1847520,A168_HF9F_20260827_0900,2026-08-27 09:00:00,185
1226677|48|905,905,1226677,48,2026-05-03,1,-1,13,19,6,1330.6456,1330.6456,-508.8112,0.0555,-38.237920,70.0340,102.3574,1.4615,0,1,78,1847521,A168_HF9F_20260827_0900,2026-08-27 09:00:00,185
1226677|49|905,905,1226677,49,2026-05-03,1,-1,12,20,5,2990.9451,2990.9451,-2696.1862,0.1092,-90.144959,149.5473,249.2454,1.6667,0,1,66,1847522,A168_HF9F_20260827_0900,2026-08-27 09:00:00,185
1226677|5|905,905,1226677,5,2026-05-03,1,-1,5,5,2,196.0959,196.0959,73.2097,0.0000,37.333600,39.2192,39.2192,1.0000,0,1,10,1847523,A168_HF9F_20260827_0900,2026-08-27 09:00:00,185
1226677|50|905,905,1226677,50,2026-05-03,1,-1,14,19,5,987.4285,987.4285,-782.2041,0.2117,-79.216269,51.9699,70.5306,1.3571,0,1,91,1847524,A168_HF9F_20260827_0900,2026-08-27 09:00:00,185
1226677|6|905,905,1226677,6,2026-05-03,1,-1,7,9,4,400.3789,400.3789,15.1077,0.5472,3.773363,44.4865,57.1970,1.2857,0,1,21,1847525,A168_HF9F_20260827_0900,2026-08-27 09:00:00,185
1226677|7|905,905,1226677,7,2026-05-03,1,-1,20,22,4,1306.8000,1306.8000,-320.6123,1.1138,-24.534151,59.4000,65.3400,1.1000,0,1,190,1847526,A168_HF9F_20260827_0900,2026-08-27 09:00:00,185
1226677|8|905,905,1226677,8,2026-05-03,1,-1,26,32,5,1508.6503,1508.6503,1005.5779,2.1683,66.654141,47.1453,58.0250,1.2308,0,1,325,1847527,A168_HF9F_20260827_0900,2026-08-27 09:00:00,185
1226677|9|905,905,1226677,9,2026-05-03,1,-1,7,9,4,2050.5055,2050.5055,-252.2887,8.6214,-12.303732,227.8339,292.9294,1.2857,0,1,21,1847528,A168_HF9F_20260827_0900,2026-08-27 09:00:00,185
1226716|1|905,905,1226716,1,2026-05-03,1,-1,3,4,2,260.4768,260.4768,260.4768,0.0000,100.000000,65.1192,86.8256,1.3333,0,1,3,1847529,A168_HF9F_20260827_0900,2026-08-27 09:00:00,185
1226716|10|905,905,1226716,10,2026-05-03,1,-1,42,64,12,5435.3795,5352.3532,-3219.6080,0.3361,-60.153130,84.9278,129.4138,1.5238,1,1,861,1847530,A168_HF9F_20260827_0900,2026-08-27 09:00:00,185
1226716|11|905,905,1226716,11,2026-05-03,1,-1,58,75,8,9430.6915,9384.4779,-239.4449,0.8722,-2.551500,125.7426,162.5981,1.2931,1,1,1653,1847531,A168_HF9F_20260827_0900,2026-08-27 09:00:00,185
1226716|12|905,905,1226716,12,2026-05-03,1,-1,19,27,8,1090.2928,1014.5975,-489.8706,0.1176,-48.282259,40.3812,57.3838,1.4211,0,1,171,1847532,A168_HF9F_20260827_0900,2026-08-27 09:00:00,185
1226716|13|905,905,1226716,13,2026-05-03,1,-1,13,25,10,2740.2457,2740.2457,-2192.6371,0.2521,-80.016074,109.6098,210.7881,1.9231,0,1,78,1847533,A168_HF9F_20260827_0900,2026-08-27 09:00:00,185
1226716|14|905,905,1226716,14,2026-05-03,1,-1,16,32,9,940.5692,940.5692,-35.2939,0.1008,-3.752400,29.3928,58.7856,2.0000,0,1,120,1847534,A168_HF9F_20260827_0900,2026-08-27 09:00:00,185
1226716|15|905,905,1226716,15,2026-05-03,1,-1,31,41,7,3506.7765,3506.7765,2547.8993,0.9327,72.656449,85.5311,113.1218,1.3226,0,1,465,1847535,A168_HF9F_20260827_0900,2026-08-27 09:00:00,185
1226716|16|905,905,1226716,16,2026-05-03,1,-1,21,25,6,1942.8551,1942.8551,1715.6874,0.2227,88.307532,77.7142,92.5169,1.1905,0,1,210,1847536,A168_HF9F_20260827_0900,2026-08-27 09:00:00,185
1226716|17|905,905,1226716,17,2026-05-03,1,-1,8,13,4,1355.2292,1355.2292,-1098.4309,0.9411,-81.051297,104.2484,169.4037,1.6250,0,1,28,1847537,A168_HF9F_20260827_0900,2026-08-27 09:00:00,185
1226716|18|905,905,1226716,18,2026-05-03,1,-1,10,15,5,3687.3678,3687.3678,3351.2686,1.6805,90.885120,245.8245,368.7368,1.5000,0,1,45,1847538,A168_HF9F_20260827_0900,2026-08-27 09:00:00,185
1226716|19|905,905,1226716,19,2026-05-03,1,-1,7,12,8,429.1421,429.1421,40.4240,2.5128,9.419723,35.7618,61.3060,1.7143,0,1,21,1847539,A168_HF9F_20260827_0900,2026-08-27 09:00:00,185
1226716|2|905,905,1226716,2,2026-05-03,1,-1,6,8,4,1327.9798,1327.9798,799.8611,0.0000,60.231425,165.9975,221.3300,1.3333,0,1,15,1847540,A168_HF9F_20260827_0900,2026-08-27 09:00:00,185
1226716|20|905,905,1226716,20,2026-05-03,1,-1,12,17,8,1180.6717,1180.6717,-791.5931,1.0461,-67.045995,69.4513,98.3893,1.4167,0,1,66,1847541,A168_HF9F_20260827_0900,2026-08-27 09:00:00,185
1226716|21|905,905,1226716,21,2026-05-03,1,-1,14,25,7,1588.9158,1588.9158,-773.7067,1.9410,-48.694005,63.5566,113.4940,1.7857,0,1,91,1847542,A168_HF9F_20260827_0900,2026-08-27 09:00:00,185
1226716|22|905,905,1226716,22,2026-05-03,1,-1,16,27,6,2881.5462,2881.5462,2127.3021,2.4498,73.825024,106.7239,180.0966,1.6875,0,1,120,1847543,A168_HF9F_20260827_0900,2026-08-27 09:00:00,185
1226716|23|905,905,1226716,23,2026-05-03,1,-1,11,12,3,701.8053,701.8053,98.3335,1.1805,14.011504,58.4838,63.8005,1.0909,0,1,55,1847544,A168_HF9F_20260827_0900,2026-08-27 09:00:00,185
1226716|24|905,905,1226716,24,2026-05-03,1,-1,15,19,5,834.9236,834.9236,-198.9117,2.1620,-23.823937,43.9433,55.6616,1.2667,0,1,105,1847545,A168_HF9F_20260827_0900,2026-08-27 09:00:00,185
1226716|25|905,905,1226716,25,2026-05-03,1,-1,15,21,6,891.5814,891.5814,427.4824,2.3704,47.946532,42.4563,59.4388,1.4000,0,1,105,1847546,A168_HF9F_20260827_0900,2026-08-27 09:00:00,185
1226716|26|905,905,1226716,26,2026-05-03,1,-1,9,10,3,632.5110,632.5110,354.7196,2.8694,56.081184,63.2511,70.2790,1.1111,0,1,36,1847547,A168_HF9F_20260827_0900,2026-08-27 09:00:00,185
1226716|27|905,905,1226716,27,2026-05-03,1,-1,9,12,5,482.3831,482.3831,-8.1884,2.3275,-1.697483,40.1986,53.5981,1.3333,0,1,36,1847548,A168_HF9F_20260827_0900,2026-08-27 09:00:00,185
1226716|28|905,905,1226716,28,2026-05-03,1,-1,7,9,3,526.4897,522.2885,-173.8692,2.5796,-33.289877,58.4989,75.2128,1.2857,1,1,21,1847549,A168_HF9F_20260827_0900,2026-08-27 09:00:00,185
1226716|29|905,905,1226716,29,2026-05-03,1,-1,9,12,5,386.8771,386.8771,229.5293,1.7687,59.328731,32.2398,42.9863,1.3333,0,1,36,1847550,A168_HF9F_20260827_0900,2026-08-27 09:00:00,185
1226716|3|905,905,1226716,3,2026-05-03,1,-1,7,7,3,326.0506,326.0506,-126.4457,0.0000,-38.781010,46.5787,46.5787,1.0000,0,1,21,1847551,A168_HF9F_20260827_0900,2026-08-27 09:00:00,185
1226716|30|905,905,1226716,30,2026-05-03,1,-1,9,15,5,455.6685,455.6685,-20.3363,2.2166,-4.462955,30.3779,50.6298,1.6667,0,1,36,1847552,A168_HF9F_20260827_0900,2026-08-27 09:00:00,185
1226716|31|905,905,1226716,31,2026-05-03,1,-1,8,11,5,415.5218,415.5218,100.4288,1.2310,24.169333,37.7747,51.9402,1.3750,0,1,28,1847553,A168_HF9F_20260827_0900,2026-08-27 09:00:00,185
1226716|32|905,905,1226716,32,2026-05-03,1,-1,6,6,2,369.2174,0.0000,0.0000,0.0000,,61.5362,61.5362,1.0000,6,1,15,1847554,A168_HF9F_20260827_0900,2026-08-27 09:00:00,185
1226716|33|905,905,1226716,33,2026-05-03,1,-1,5,8,5,372.7976,372.7976,299.4007,3.1047,80.311869,46.5997,74.5595,1.6000,0,1,10,1847555,A168_HF9F_20260827_0900,2026-08-27 09:00:00,185
1226716|34|905,905,1226716,34,2026-05-03,1,-1,7,9,4,471.5451,4.2012,4.2012,0.0336,100.000000,52.3939,67.3636,1.2857,7,1,21,1847556,A168_HF9F_20260827_0900,2026-08-27 09:00:00,185
1226716|35|905,905,1226716,35,2026-05-03,1,-1,7,7,2,308.4167,308.4167,251.8247,2.1090,81.650822,44.0595,44.0595,1.0000,0,1,21,1847557,A168_HF9F_20260827_0900,2026-08-27 09:00:00,185
1226716|36|905,905,1226716,36,2026-05-03,1,-1,14,18,6,1276.2564,1276.2564,-186.5021,0.4705,-14.613216,70.9031,91.1612,1.2857,0,1,91,1847558,A168_HF9F_20260827_0900,2026-08-27 09:00:00,185
1226716|37|905,905,1226716,37,2026-05-03,1,-1,11,15,6,1190.7462,1190.7462,-993.9413,0.0840,-83.472142,79.3831,108.2497,1.3636,0,1,55,1847559,A168_HF9F_20260827_0900,2026-08-27 09:00:00,185
1226716|38|905,905,1226716,38,2026-05-03,1,-1,6,6,2,290.6238,290.6238,-174.5584,1.7981,-60.063362,48.4373,48.4373,1.0000,0,1,15,1847560,A168_HF9F_20260827_0900,2026-08-27 09:00:00,185
1226716|39|905,905,1226716,39,2026-05-03,1,-1,6,12,8,386.0897,386.0897,-286.8469,2.4367,-74.295413,32.1741,64.3483,2.0000,0,1,15,1847561,A168_HF9F_20260827_0900,2026-08-27 09:00:00,185
1226716|4|905,905,1226716,4,2026-05-03,1,-1,6,6,2,881.9265,881.9265,-835.7129,0.0000,-94.759922,146.9878,146.9878,1.0000,0,1,15,1847562,A168_HF9F_20260827_0900,2026-08-27 09:00:00,185
1226716|40|905,905,1226716,40,2026-05-03,1,-1,6,14,8,349.5000,349.5000,329.0189,0.1176,94.139902,24.9643,58.2500,2.3333,0,1,15,1847563,A168_HF9F_20260827_0900,2026-08-27 09:00:00,185
1226716|41|905,905,1226716,41,2026-05-03,1,-1,4,7,5,826.8051,6.3019,-12.6037,0.0504,-200.000000,118.1150,206.7013,1.7500,4,1,6,1847564,A168_HF9F_20260827_0900,2026-08-27 09:00:00,185
1226716|42|905,905,1226716,42,2026-05-03,1,-1,6,7,2,809.5372,801.1347,767.5248,0.4201,95.804711,115.6482,134.9229,1.1667,1,1,15,1847565,A168_HF9F_20260827_0900,2026-08-27 09:00:00,185
1226716|43|905,905,1226716,43,2026-05-03,1,-1,4,7,5,185.5928,185.5928,48.9783,0.7562,26.390183,26.5133,46.3982,1.7500,0,1,6,1847566,A168_HF9F_20260827_0900,2026-08-27 09:00:00,185
1226716|44|905,905,1226716,44,2026-05-03,1,-1,4,8,5,247.8731,247.8731,79.8235,1.1091,32.203390,30.9841,61.9683,2.0000,0,1,6,1847567,A168_HF9F_20260827_0900,2026-08-27 09:00:00,185
1226716|45|905,905,1226716,45,2026-05-03,1,-1,10,17,8,4880.6967,4880.6967,4765.2874,0.2353,97.635393,287.0998,488.0697,1.7000,0,1,45,1847568,A168_HF9F_20260827_0900,2026-08-27 09:00:00,185
1226716|46|905,905,1226716,46,2026-05-03,1,-1,6,6,3,108.1983,108.1983,-52.1056,0.0168,-48.157522,18.0331,18.0331,1.0000,0,1,15,1847569,A168_HF9F_20260827_0900,2026-08-27 09:00:00,185
1226716|47|905,905,1226716,47,2026-05-03,1,-1,4,6,4,150.1319,150.1319,-75.1596,0.0000,-50.062350,25.0220,37.5330,1.5000,0,1,6,1847570,A168_HF9F_20260827_0900,2026-08-27 09:00:00,185
1226716|48|905,905,1226716,48,2026-05-03,1,-1,5,7,4,672.2417,672.2417,483.1860,0.0000,71.876817,96.0345,134.4483,1.4000,0,1,10,1847571,A168_HF9F_20260827_0900,2026-08-27 09:00:00,185
1226716|49|905,905,1226716,49,2026-05-03,1,-1,4,6,4,186.6410,186.6410,96.5244,0.0000,51.716623,31.1068,46.6603,1.5000,0,1,6,1847572,A168_HF9F_20260827_0900,2026-08-27 09:00:00,185
1226716|5|905,905,1226716,5,2026-05-03,1,-1,10,11,3,921.6414,921.6414,-913.2390,0.0000,-99.088314,83.7856,92.1641,1.1000,0,1,45,1847573,A168_HF9F_20260827_0900,2026-08-27 09:00:00,185
1226716|50|905,905,1226716,50,2026-05-03,1,-1,5,8,5,172.8862,172.8862,148.3090,0.0000,85.784149,21.6108,34.5772,1.6000,0,1,10,1847574,A168_HF9F_20260827_0900,2026-08-27 09:00:00,185
1226716|51|905,905,1226716,51,2026-05-03,1,-1,7,9,4,3117.3634,3117.3634,-2353.9718,0.0000,-75.511625,346.3737,445.3376,1.2857,0,1,21,1847575,A168_HF9F_20260827_0900,2026-08-27 09:00:00,185
1226716|52|905,905,1226716,52,2026-05-03,1,-1,5,8,4,675.8369,8.4025,8.4025,0.0000,100.000000,84.4796,135.1674,1.6000,6,1,10,1847576,A168_HF9F_20260827_0900,2026-08-27 09:00:00,185
1226716|6|905,905,1226716,6,2026-05-03,1,-1,15,19,5,2065.4559,2063.3553,-1950.8428,0.0672,-94.547111,108.7082,137.6971,1.2667,1,1,105,1847577,A168_HF9F_20260827_0900,2026-08-27 09:00:00,185
1226716|7|905,905,1226716,7,2026-05-03,1,-1,20,24,6,2698.1816,2698.1816,-2569.1807,0.0000,-95.218969,112.4242,134.9091,1.2000,0,1,190,1847578,A168_HF9F_20260827_0900,2026-08-27 09:00:00,185
1226716|8|905,905,1226716,8,2026-05-03,1,-1,38,55,8,4451.1858,4451.1858,-4052.9756,0.5848,-91.053840,80.9307,117.1365,1.4474,0,1,703,1847579,A168_HF9F_20260827_0900,2026-08-27 09:00:00,185
1226716|9|905,905,1226716,9,2026-05-03,1,-1,38,52,6,4946.9927,4921.0470,-4845.7894,0.4033,-98.470699,95.1345,130.1840,1.3684,1,1,703,1847580,A168_HF9F_20260827_0900,2026-08-27 09:00:00,185
1226751|10|905,905,1226751,10,2026-05-03,1,-1,8,10,3,1895.7621,1895.7621,-1687.1088,0.0000,-88.993698,189.5762,236.9703,1.2500,0,1,28,1847581,A168_HF9F_20260827_0900,2026-08-27 09:00:00,185
1226751|11|905,905,1226751,11,2026-05-03,1,-1,15,16,3,4886.5491,4886.5491,212.0795,0.0000,4.340067,305.4093,325.7699,1.0667,0,1,105,1847582,A168_HF9F_20260827_0900,2026-08-27 09:00:00,185
1226751|12|905,905,1226751,12,2026-05-03,1,-1,5,5,2,955.0702,955.0702,-56.8129,0.0000,-5.948560,191.0140,191.0140,1.0000,0,1,10,1847583,A168_HF9F_20260827_0900,2026-08-27 09:00:00,185
1226751|14|905,905,1226751,14,2026-05-03,1,-1,2,2,2,52.1411,52.1411,-8.5719,0.0000,-16.439875,26.0705,26.0705,1.0000,0,1,1,1847584,A168_HF9F_20260827_0900,2026-08-27 09:00:00,185
1226751|15|905,905,1226751,15,2026-05-03,1,-1,6,10,6,129.1166,8.4025,-10.5031,0.0000,-125.000000,12.9117,21.5194,1.6667,6,1,15,1847585,A168_HF9F_20260827_0900,2026-08-27 09:00:00,185
1226751|16|905,905,1226751,16,2026-05-03,1,-1,3,4,2,441.1301,441.1301,-435.9836,3.4555,-98.833333,110.2825,147.0434,1.3333,0,1,3,1847586,A168_HF9F_20260827_0900,2026-08-27 09:00:00,185
1226751|17|905,905,1226751,17,2026-05-03,1,-1,10,11,3,287.8469,287.8469,-217.5165,0.0000,-75.566735,26.1679,28.7847,1.1000,0,1,45,1847587,A168_HF9F_20260827_0900,2026-08-27 09:00:00,185
1226751|18|905,905,1226751,18,2026-05-03,1,-1,14,19,6,526.3747,515.8716,-41.6677,0.0000,-8.077145,27.7039,37.5982,1.3571,0,1,91,1847588,A168_HF9F_20260827_0900,2026-08-27 09:00:00,185
1226751|19|905,905,1226751,19,2026-05-03,1,-1,22,33,7,7438.6652,7438.6652,6259.9515,0.0000,84.154231,225.4141,338.1211,1.5000,0,1,231,1847589,A168_HF9F_20260827_0900,2026-08-27 09:00:00,185
1226751|20|905,905,1226751,20,2026-05-03,1,-1,5,6,3,572.6977,572.6977,152.5737,3.3610,26.641236,95.4496,114.5395,1.2000,0,1,10,1847590,A168_HF9F_20260827_0900,2026-08-27 09:00:00,185
1226751|21|905,905,1226751,21,2026-05-03,1,-1,3,7,5,114.2517,114.2517,-54.4465,0.0000,-47.654828,16.3217,38.0839,2.3333,0,1,3,1847591,A168_HF9F_20260827_0900,2026-08-27 09:00:00,185
1226751|22|905,905,1226751,22,2026-05-03,1,-1,5,5,3,112.1221,112.1221,-51.7262,0.0000,-46.133832,22.4244,22.4244,1.0000,0,1,10,1847592,A168_HF9F_20260827_0900,2026-08-27 09:00:00,185
1226751|23|905,905,1226751,23,2026-05-03,1,-1,7,8,3,686.6860,686.6860,77.8622,3.3610,11.338833,85.8357,98.0980,1.1429,0,1,21,1847593,A168_HF9F_20260827_0900,2026-08-27 09:00:00,185
1226751|24|905,905,1226751,24,2026-05-03,1,-1,6,6,2,280.9627,280.9627,-187.0588,0.0000,-66.577822,46.8271,46.8271,1.0000,0,1,15,1847594,A168_HF9F_20260827_0900,2026-08-27 09:00:00,185
1226751|25|905,905,1226751,25,2026-05-03,1,-1,5,5,2,95.9473,95.9473,11.9226,0.0000,12.426140,19.1895,19.1895,1.0000,0,1,10,1847595,A168_HF9F_20260827_0900,2026-08-27 09:00:00,185
1226751|26|905,905,1226751,26,2026-05-03,1,-1,6,7,3,223.4780,223.4780,-90.2057,0.0000,-40.364469,31.9254,37.2463,1.1667,0,1,15,1847596,A168_HF9F_20260827_0900,2026-08-27 09:00:00,185
1226751|27|905,905,1226751,27,2026-05-03,1,-1,3,3,1,322.4758,322.4758,-322.4758,0.0000,-100.000000,107.4919,107.4919,1.0000,0,1,3,1847597,A168_HF9F_20260827_0900,2026-08-27 09:00:00,185
1226751|28|905,905,1226751,28,2026-05-03,1,-1,7,7,2,705.7305,705.7305,29.6921,0.0000,4.207285,100.8186,100.8186,1.0000,0,1,21,1847598,A168_HF9F_20260827_0900,2026-08-27 09:00:00,185
1226751|29|905,905,1226751,29,2026-05-03,1,-1,3,3,1,370.8112,0.0000,0.0000,0.0000,,123.6037,123.6037,1.0000,3,1,3,1847599,A168_HF9F_20260827_0900,2026-08-27 09:00:00,185
1226751|3|905,905,1226751,3,2026-05-03,1,-1,2,2,1,1737.3572,1737.3572,-1650.4894,0.0000,-95.000000,868.6786,868.6786,1.0000,0,1,1,1847600,A168_HF9F_20260827_0900,2026-08-27 09:00:00,185
1226751|30|905,905,1226751,30,2026-05-03,1,-1,2,2,2,303.7354,303.7354,121.0722,0.0000,39.861075,151.8677,151.8677,1.0000,0,1,1,1847601,A168_HF9F_20260827_0900,2026-08-27 09:00:00,185
1226751|31|905,905,1226751,31,2026-05-03,1,-1,4,4,1,506.7771,506.7771,506.7771,0.0000,100.000000,126.6943,126.6943,1.0000,0,1,6,1847602,A168_HF9F_20260827_0900,2026-08-27 09:00:00,185
1226751|32|905,905,1226751,32,2026-05-03,1,-1,5,5,2,283.5527,283.5527,59.2423,0.0000,20.892857,56.7105,56.7105,1.0000,0,1,10,1847603,A168_HF9F_20260827_0900,2026-08-27 09:00:00,185
1226751|33|905,905,1226751,33,2026-05-03,1,-1,1,1,1,10.0000,10.0000,10.0000,0.0000,100.000000,10.0000,10.0000,1.0000,0,0,0,1847604,A168_HF9F_20260827_0900,2026-08-27 09:00:00,185
1226751|34|905,905,1226751,34,2026-05-03,1,-1,4,4,2,150.1069,150.1069,129.3503,0.0000,86.172136,37.5267,37.5267,1.0000,0,1,6,1847605,A168_HF9F_20260827_0900,2026-08-27 09:00:00,185
1226751|35|905,905,1226751,35,2026-05-03,1,-1,4,4,2,184.9582,184.9582,-136.7688,0.0000,-73.945765,46.2395,46.2395,1.0000,0,1,6,1847606,A168_HF9F_20260827_0900,2026-08-27 09:00:00,185
1226751|36|905,905,1226751,36,2026-05-03,1,-1,3,3,2,56.1953,56.1953,46.0765,0.0000,81.993469,18.7318,18.7318,1.0000,0,1,3,1847607,A168_HF9F_20260827_0900,2026-08-27 09:00:00,185
1226751|37|905,905,1226751,37,2026-05-03,1,-1,5,5,2,285.6660,285.6660,97.2761,1.1763,34.052381,57.1332,57.1332,1.0000,0,1,10,1847608,A168_HF9F_20260827_0900,2026-08-27 09:00:00,185
1226751|38|905,905,1226751,38,2026-05-03,1,-1,14,14,2,1176.5630,1176.5630,462.1555,1.0083,39.280135,84.0402,84.0402,1.0000,0,1,91,1847609,A168_HF9F_20260827_0900,2026-08-27 09:00:00,185
1226751|39|905,905,1226751,39,2026-05-03,1,-1,3,3,2,206.4689,206.4689,50.7946,1.0083,24.601567,68.8230,68.8230,1.0000,0,1,3,1847610,A168_HF9F_20260827_0900,2026-08-27 09:00:00,185
1226751|4|905,905,1226751,4,2026-05-03,1,-1,2,2,1,542.7416,542.7416,-515.6045,0.0000,-95.000000,271.3708,271.3708,1.0000,0,1,1,1847611,A168_HF9F_20260827_0900,2026-08-27 09:00:00,185
1226751|40|905,905,1226751,40,2026-05-03,1,-1,4,5,2,168.8476,168.8476,168.8476,1.0083,100.000000,33.7695,42.2119,1.2500,0,1,6,1847612,A168_HF9F_20260827_0900,2026-08-27 09:00:00,185
1226751|41|905,905,1226751,41,2026-05-03,1,-1,16,16,2,793.5924,793.5924,261.4946,0.3361,32.950742,49.5995,49.5995,1.0000,0,1,120,1847613,A168_HF9F_20260827_0900,2026-08-27 09:00:00,185
1226751|42|905,905,1226751,42,2026-05-03,1,-1,23,29,6,1414.7495,1414.7495,-345.7869,0.1680,-24.441564,48.7845,61.5108,1.2609,0,1,253,1847614,A168_HF9F_20260827_0900,2026-08-27 09:00:00,185
1226751|43|905,905,1226751,43,2026-05-03,1,-1,21,29,8,6517.3144,6517.3144,6338.2157,0.0000,97.251956,224.7350,310.3483,1.3810,0,1,210,1847615,A168_HF9F_20260827_0900,2026-08-27 09:00:00,185
1226751|44|905,905,1226751,44,2026-05-03,1,-1,9,10,3,329.2937,329.2937,27.4329,0.2521,8.330819,32.9294,36.5882,1.1111,0,1,36,1847616,A168_HF9F_20260827_0900,2026-08-27 09:00:00,185
1226751|45|905,905,1226751,45,2026-05-03,1,-1,9,18,8,1672.0902,1672.0902,1392.1084,0.1008,83.255579,92.8939,185.7878,2.0000,0,1,36,1847617,A168_HF9F_20260827_0900,2026-08-27 09:00:00,185
1226751|46|905,905,1226751,46,2026-05-03,1,-1,5,12,7,382.6608,50.6592,-43.8687,0.0000,-86.595674,31.8884,76.5322,2.4000,5,1,10,1847618,A168_HF9F_20260827_0900,2026-08-27 09:00:00,185
1226751|47|905,905,1226751,47,2026-05-03,1,-1,11,21,9,879.7169,879.7169,633.9444,0.0000,72.062319,41.8913,79.9743,1.9091,0,1,55,1847619,A168_HF9F_20260827_0900,2026-08-27 09:00:00,185
1226751|48|905,905,1226751,48,2026-05-03,1,-1,13,23,8,804.9470,69.0708,-101.0794,0.0000,-146.341610,34.9977,61.9190,1.7692,11,1,78,1847620,A168_HF9F_20260827_0900,2026-08-27 09:00:00,185
1226751|49|905,905,1226751,49,2026-05-03,1,-1,14,27,8,606.3041,72.8628,-131.4154,0.0000,-180.360039,22.4557,43.3074,1.9286,14,1,91,1847621,A168_HF9F_20260827_0900,2026-08-27 09:00:00,185
1226751|5|905,905,1226751,5,2026-05-03,1,-1,10,16,7,1767.4806,1767.4806,1767.4806,0.0000,100.000000,110.4675,176.7481,1.6000,0,1,45,1847622,A168_HF9F_20260827_0900,2026-08-27 09:00:00,185
1226751|50|905,905,1226751,50,2026-05-03,1,-1,18,25,6,743.2923,743.2923,70.1484,0.0000,9.437530,29.7317,41.2940,1.3889,0,1,153,1847623,A168_HF9F_20260827_0900,2026-08-27 09:00:00,185
1226751|6|905,905,1226751,6,2026-05-03,1,-1,3,4,3,62.9074,62.9074,8.3191,0.0000,13.224339,15.7269,20.9691,1.3333,0,1,3,1847624,A168_HF9F_20260827_0900,2026-08-27 09:00:00,185
1226751|7|905,905,1226751,7,2026-05-03,1,-1,5,7,3,1179.0886,1179.0886,-1106.8072,8.4025,-93.869724,168.4412,235.8177,1.4000,0,1,10,1847625,A168_HF9F_20260827_0900,2026-08-27 09:00:00,185
1226751|8|905,905,1226751,8,2026-05-03,1,-1,6,7,3,287.5897,287.5897,-131.7222,0.0000,-45.802144,41.0842,47.9316,1.1667,0,1,15,1847626,A168_HF9F_20260827_0900,2026-08-27 09:00:00,185
1226751|9|905,905,1226751,9,2026-05-03,1,-1,5,6,3,419.1127,419.1127,-299.8677,0.0000,-71.548226,69.8521,83.8225,1.2000,0,1,10,1847627,A168_HF9F_20260827_0900,2026-08-27 09:00:00,185
1226793|10|905,905,1226793,10,2026-05-03,1,-1,6,6,2,219.8162,219.8162,5.3737,0.0000,2.444640,36.6360,36.6360,1.0000,0,1,15,1847628,A168_HF9F_20260827_0900,2026-08-27 09:00:00,185
1226793|11|905,905,1226793,11,2026-05-03,1,-1,7,7,2,509.5654,509.5654,348.8524,0.0000,68.460774,72.7951,72.7951,1.0000,0,1,21,1847629,A168_HF9F_20260827_0900,2026-08-27 09:00:00,185
1226793|12|905,905,1226793,12,2026-05-03,1,-1,22,27,8,1942.3176,1942.3176,-1398.9823,0.0000,-72.026444,71.9377,88.2872,1.2273,0,1,231,1847630,A168_HF9F_20260827_0900,2026-08-27 09:00:00,185
1226793|13|905,905,1226793,13,2026-05-03,1,-1,16,26,7,1814.7593,1814.7593,-1050.2808,0.0000,-57.874386,69.7984,113.4225,1.6250,0,1,120,1847631,A168_HF9F_20260827_0900,2026-08-27 09:00:00,185
1226793|14|905,905,1226793,14,2026-05-03,1,-1,18,23,6,901.2588,901.2588,310.5139,0.0000,34.453355,39.1852,50.0699,1.2778,0,1,153,1847632,A168_HF9F_20260827_0900,2026-08-27 09:00:00,185
1226793|15|905,905,1226793,15,2026-05-03,1,-1,17,24,6,1254.7998,1254.7998,-834.4387,0.0672,-66.499746,52.2833,73.8118,1.4118,0,1,136,1847633,A168_HF9F_20260827_0900,2026-08-27 09:00:00,185
1226793|16|905,905,1226793,16,2026-05-03,1,-1,8,17,8,251.6341,251.6341,-76.4107,0.0000,-30.365788,14.8020,31.4543,2.1250,0,1,28,1847634,A168_HF9F_20260827_0900,2026-08-27 09:00:00,185
1226793|17|905,905,1226793,17,2026-05-03,1,-1,9,14,7,178.8664,178.8664,1.4798,0.1767,0.827312,12.7762,19.8740,1.5556,0,1,36,1847635,A168_HF9F_20260827_0900,2026-08-27 09:00:00,185
1226793|18|905,905,1226793,18,2026-05-03,1,-1,5,5,2,140.5265,0.0000,0.0000,0.0000,,28.1053,28.1053,1.0000,5,1,10,1847636,A168_HF9F_20260827_0900,2026-08-27 09:00:00,185
1226793|19|905,905,1226793,19,2026-05-03,1,-1,9,10,3,256.4783,256.4783,33.3572,0.0000,13.005873,25.6478,28.4976,1.1111,0,1,36,1847637,A168_HF9F_20260827_0900,2026-08-27 09:00:00,185
1226793|2|905,905,1226793,2,2026-05-03,1,-1,3,4,2,346.2347,346.2347,-314.2347,0.0000,-90.757716,86.5587,115.4116,1.3333,0,1,3,1847638,A168_HF9F_20260827_0900,2026-08-27 09:00:00,185
1226793|20|905,905,1226793,20,2026-05-03,1,-1,16,17,3,576.1453,576.1453,-301.8399,0.0000,-52.389542,33.8909,36.0091,1.0625,0,1,120,1847639,A168_HF9F_20260827_0900,2026-08-27 09:00:00,185
1226793|21|905,905,1226793,21,2026-05-03,1,-1,17,22,6,2066.5453,2066.5453,363.5987,0.0000,17.594518,93.9339,121.5615,1.2941,0,1,136,1847640,A168_HF9F_20260827_0900,2026-08-27 09:00:00,185
1226793|22|905,905,1226793,22,2026-05-03,1,-1,9,11,4,1004.8678,1004.8678,-895.6465,0.0000,-89.130775,91.3516,111.6520,1.2222,0,1,36,1847641,A168_HF9F_20260827_0900,2026-08-27 09:00:00,185
1226793|23|905,905,1226793,23,2026-05-03,1,-1,9,14,7,858.4395,858.4395,676.5593,0.0000,78.812690,61.3171,95.3822,1.5556,0,1,36,1847642,A168_HF9F_20260827_0900,2026-08-27 09:00:00,185
1226793|24|905,905,1226793,24,2026-05-03,1,-1,6,12,8,334.2272,334.2272,217.1694,0.0000,64.976582,27.8523,55.7045,2.0000,0,1,15,1847643,A168_HF9F_20260827_0900,2026-08-27 09:00:00,185
1226793|25|905,905,1226793,25,2026-05-03,1,-1,6,12,8,103.7258,22.0565,-15.7546,0.0000,-71.428571,8.6438,17.2876,2.0000,6,1,15,1847644,A168_HF9F_20260827_0900,2026-08-27 09:00:00,185
1226793|26|905,905,1226793,26,2026-05-03,1,-1,11,18,8,862.3605,862.3605,444.7201,0.8739,51.570099,47.9089,78.3964,1.6364,0,1,55,1847645,A168_HF9F_20260827_0900,2026-08-27 09:00:00,185
1226793|27|905,905,1226793,27,2026-05-03,1,-1,12,21,8,497.9285,497.9285,4.0773,0.3059,0.818848,23.7109,41.4940,1.7500,0,1,66,1847646,A168_HF9F_20260827_0900,2026-08-27 09:00:00,185
1226793|28|905,905,1226793,28,2026-05-03,1,-1,10,15,8,417.2982,417.2982,-80.8563,0.3596,-19.376145,27.8199,41.7298,1.5000,0,1,45,1847647,A168_HF9F_20260827_0900,2026-08-27 09:00:00,185
1226793|29|905,905,1226793,29,2026-05-03,1,-1,13,18,8,2208.7786,2208.7786,1974.2356,13.8271,89.381326,122.7099,169.9060,1.3846,0,1,78,1847648,A168_HF9F_20260827_0900,2026-08-27 09:00:00,185
1226793|3|905,905,1226793,3,2026-05-03,1,-1,5,7,4,509.7386,509.7386,-375.4689,0.0000,-73.659100,72.8198,101.9477,1.4000,0,1,10,1847649,A168_HF9F_20260827_0900,2026-08-27 09:00:00,185
1226793|30|905,905,1226793,30,2026-05-03,1,-1,13,20,8,470.7830,470.7830,-50.0333,0.5041,-10.627683,23.5391,36.2141,1.5385,0,1,78,1847650,A168_HF9F_20260827_0900,2026-08-27 09:00:00,185
1226793|31|905,905,1226793,31,2026-05-03,1,-1,14,22,8,551.3291,551.3291,308.4669,0.3109,55.949676,25.0604,39.3807,1.5714,0,1,91,1847651,A168_HF9F_20260827_0900,2026-08-27 09:00:00,185
1226793|32|905,905,1226793,32,2026-05-03,1,-1,19,27,8,2806.6612,2801.4720,-841.4654,0.4235,-30.036545,103.9504,147.7190,1.4211,1,1,171,1847652,A168_HF9F_20260827_0900,2026-08-27 09:00:00,185
1226793|33|905,905,1226793,33,2026-05-03,1,-1,16,18,4,2794.8420,14.6885,-94.1567,0.0336,-641.024089,155.2690,174.6776,1.1250,15,1,120,1847653,A168_HF9F_20260827_0900,2026-08-27 09:00:00,185
1226793|34|905,905,1226793,34,2026-05-03,1,-1,18,19,3,2156.1591,2156.1591,-1136.2885,0.2521,-52.699662,113.4821,119.7866,1.0556,0,1,153,1847654,A168_HF9F_20260827_0900,2026-08-27 09:00:00,185
1226793|35|905,905,1226793,35,2026-05-03,1,-1,23,26,4,4440.5097,4440.5097,409.5531,0.9865,9.223110,170.7888,193.0656,1.1304,0,1,253,1847655,A168_HF9F_20260827_0900,2026-08-27 09:00:00,185
1226793|36|905,905,1226793,36,2026-05-03,1,-1,14,19,7,407.8951,407.8951,-75.1544,1.1007,-18.424924,21.4682,29.1354,1.3571,0,1,91,1847656,A168_HF9F_20260827_0900,2026-08-27 09:00:00,185
1226793|37|905,905,1226793,37,2026-05-03,1,-1,11,15,6,475.3772,475.3772,88.8373,0.7394,18.687739,31.6918,43.2161,1.3636,0,1,55,1847657,A168_HF9F_20260827_0900,2026-08-27 09:00:00,185
1226793|38|905,905,1226793,38,2026-05-03,1,-1,8,14,7,253.6198,222.4849,-13.7415,0.0000,-6.176395,18.1157,31.7025,1.7500,1,1,28,1847658,A168_HF9F_20260827_0900,2026-08-27 09:00:00,185
1226793|39|905,905,1226793,39,2026-05-03,1,-1,9,15,8,312.7919,312.7919,-155.9433,0.0000,-49.855288,20.8528,34.7547,1.6667,0,1,36,1847659,A168_HF9F_20260827_0900,2026-08-27 09:00:00,185
1226793|4|905,905,1226793,4,2026-05-03,1,-1,4,6,4,115.1539,115.1539,105.0350,0.0672,91.212772,19.1923,28.7885,1.5000,0,1,6,1847660,A168_HF9F_20260827_0900,2026-08-27 09:00:00,185
1226793|40|905,905,1226793,40,2026-05-03,1,-1,19,20,3,884.0670,884.0670,771.2862,0.6722,87.242962,44.2034,46.5298,1.0526,0,1,171,1847661,A168_HF9F_20260827_0900,2026-08-27 09:00:00,185
1226793|41|905,905,1226793,41,2026-05-03,1,-1,15,15,2,393.2918,393.2918,-95.3934,0.7508,-24.255126,26.2195,26.2195,1.0000,0,1,105,1847662,A168_HF9F_20260827_0900,2026-08-27 09:00:00,185
1226793|42|905,905,1226793,42,2026-05-03,1,-1,17,20,5,1495.8389,1495.8389,967.2382,0.0000,64.661923,74.7919,87.9905,1.1765,0,1,136,1847663,A168_HF9F_20260827_0900,2026-08-27 09:00:00,185
1226793|43|905,905,1226793,43,2026-05-03,1,-1,22,26,4,1705.6514,1705.6514,302.1261,0.8352,17.713241,65.6020,77.5296,1.1818,0,1,231,1847664,A168_HF9F_20260827_0900,2026-08-27 09:00:00,185
1226793|44|905,905,1226793,44,2026-05-03,1,-1,17,17,3,801.4257,714.1352,-208.8572,0.7562,-29.246174,47.1427,47.1427,1.0000,0,1,136,1847665,A168_HF9F_20260827_0900,2026-08-27 09:00:00,185
1226793|45|905,905,1226793,45,2026-05-03,1,-1,17,19,4,525.7515,525.7515,521.5503,0.0000,99.200908,27.6711,30.9266,1.1176,0,1,136,1847666,A168_HF9F_20260827_0900,2026-08-27 09:00:00,185
1226793|46|905,905,1226793,46,2026-05-03,1,-1,8,12,5,193.1306,193.1306,27.8057,0.0000,14.397365,16.0942,24.1413,1.5000,0,1,28,1847667,A168_HF9F_20260827_0900,2026-08-27 09:00:00,185
1226793|47|905,905,1226793,47,2026-05-03,1,-1,11,15,6,195.9860,195.9860,133.4623,0.0000,68.097875,13.0657,17.8169,1.3636,0,1,55,1847668,A168_HF9F_20260827_0900,2026-08-27 09:00:00,185
1226793|48|905,905,1226793,48,2026-05-03,1,-1,7,7,2,242.0219,0.0000,0.0000,0.0000,,34.5746,34.5746,1.0000,7,1,21,1847669,A168_HF9F_20260827_0900,2026-08-27 09:00:00,185
1226793|49|905,905,1226793,49,2026-05-03,1,-1,11,11,2,1024.1516,1024.1516,463.7396,0.6722,45.280370,93.1047,93.1047,1.0000,0,1,55,1847670,A168_HF9F_20260827_0900,2026-08-27 09:00:00,185
1226793|5|905,905,1226793,5,2026-05-03,1,-1,4,4,2,123.9366,123.9366,115.5341,0.0000,93.220339,30.9841,30.9841,1.0000,0,1,6,1847671,A168_HF9F_20260827_0900,2026-08-27 09:00:00,185
1226793|6|905,905,1226793,6,2026-05-03,1,-1,1,1,1,87.2905,87.2905,87.2905,0.0000,100.000000,87.2905,87.2905,1.0000,0,0,0,1847672,A168_HF9F_20260827_0900,2026-08-27 09:00:00,185
1226793|7|905,905,1226793,7,2026-05-03,1,-1,5,5,2,991.9386,991.9386,865.4532,0.5041,87.248667,198.3877,198.3877,1.0000,0,1,10,1847673,A168_HF9F_20260827_0900,2026-08-27 09:00:00,185
1226793|8|905,905,1226793,8,2026-05-03,1,-1,5,6,3,347.0659,347.0659,76.2396,0.6554,21.966907,57.8443,69.4132,1.2000,0,1,10,1847674,A168_HF9F_20260827_0900,2026-08-27 09:00:00,185
1226793|9|905,905,1226793,9,2026-05-03,1,-1,4,7,4,211.0340,200.6557,-29.4140,0.0000,-14.658920,30.1477,52.7585,1.7500,1,1,6,1847675,A168_HF9F_20260827_0900,2026-08-27 09:00:00,185
1226831|1|905,905,1226831,1,2026-05-03,1,-1,3,3,2,62.2697,62.2697,41.5132,0.0000,66.666667,20.7566,20.7566,1.0000,0,1,3,1847676,A168_HF9F_20260827_0900,2026-08-27 09:00:00,185
1226831|10|905,905,1226831,10,2026-05-03,1,-1,8,11,3,278.1520,278.1520,-261.2964,0.0504,-93.940155,25.2865,34.7690,1.3750,0,1,28,1847677,A168_HF9F_20260827_0900,2026-08-27 09:00:00,185
1226831|11|905,905,1226831,11,2026-05-03,1,-1,20,24,3,1728.7831,1724.5819,-728.2133,0.0786,-42.225498,72.0326,86.4392,1.2000,1,1,190,1847678,A168_HF9F_20260827_0900,2026-08-27 09:00:00,185
1226831|12|905,905,1226831,12,2026-05-03,1,-1,18,23,4,1301.0867,1301.0867,1028.1309,0.7508,79.020940,56.5690,72.2826,1.2778,0,1,153,1847679,A168_HF9F_20260827_0900,2026-08-27 09:00:00,185
1226831|13|905,905,1226831,13,2026-05-03,1,-1,12,13,3,1057.7360,1057.7360,-994.3111,0.7508,-94.003710,81.3643,88.1447,1.0833,0,1,66,1847680,A168_HF9F_20260827_0900,2026-08-27 09:00:00,185
1226831|14|905,905,1226831,14,2026-05-03,1,-1,15,25,8,2641.3533,218.3185,-645.6740,0.0000,-295.748673,105.6541,176.0902,1.6667,14,1,105,1847681,A168_HF9F_20260827_0900,2026-08-27 09:00:00,185
1226831|15|905,905,1226831,15,2026-05-03,1,-1,12,16,6,599.9550,599.9550,521.1376,0.6722,86.862789,37.4972,49.9962,1.3333,0,1,66,1847682,A168_HF9F_20260827_0900,2026-08-27 09:00:00,185
1226831|16|905,905,1226831,16,2026-05-03,1,-1,12,13,3,346.1732,346.1732,131.0129,0.7508,37.846040,26.6287,28.8478,1.0833,0,1,66,1847683,A168_HF9F_20260827_0900,2026-08-27 09:00:00,185
1226831|17|905,905,1226831,17,2026-05-03,1,-1,13,17,6,2249.9293,2249.9293,-1711.2534,0.5882,-76.058096,132.3488,173.0715,1.3077,0,1,78,1847684,A168_HF9F_20260827_0900,2026-08-27 09:00:00,185
1226831|18|905,905,1226831,18,2026-05-03,1,-1,10,15,5,622.1170,622.1170,472.8609,0.0000,76.008354,41.4745,62.2117,1.5000,0,1,45,1847685,A168_HF9F_20260827_0900,2026-08-27 09:00:00,185
1226831|19|905,905,1226831,19,2026-05-03,1,-1,11,13,3,2661.8340,2661.8340,-2053.1376,0.0000,-77.132443,204.7565,241.9849,1.1818,0,1,55,1847686,A168_HF9F_20260827_0900,2026-08-27 09:00:00,185
1226831|2|905,905,1226831,2,2026-05-03,1,-1,4,4,2,91.8428,91.8428,-13.1882,0.0000,-14.359550,22.9607,22.9607,1.0000,0,1,6,1847687,A168_HF9F_20260827_0900,2026-08-27 09:00:00,185
1226831|20|905,905,1226831,20,2026-05-03,1,-1,4,6,5,81.8218,81.8218,23.3218,0.0000,28.503200,13.6370,20.4555,1.5000,0,1,6,1847688,A168_HF9F_20260827_0900,2026-08-27 09:00:00,185
1226831|21|905,905,1226831,21,2026-05-03,1,-1,7,9,4,1068.4837,1068.4837,1037.3489,0.0000,97.086070,118.7204,152.6405,1.2857,0,1,21,1847689,A168_HF9F_20260827_0900,2026-08-27 09:00:00,185
1226831|22|905,905,1226831,22,2026-05-03,1,-1,5,5,2,571.5196,571.5196,312.0624,0.0000,54.602217,114.3039,114.3039,1.0000,0,1,10,1847690,A168_HF9F_20260827_0900,2026-08-27 09:00:00,185
1226831|23|905,905,1226831,23,2026-05-03,1,-1,11,12,3,1309.3349,1309.3349,972.0405,0.0786,74.239258,109.1112,119.0304,1.0909,0,1,55,1847691,A168_HF9F_20260827_0900,2026-08-27 09:00:00,185
1226831|24|905,905,1226831,24,2026-05-03,1,-1,4,4,2,53.2112,53.2112,9.8074,0.0786,18.431050,13.3028,13.3028,1.0000,0,1,6,1847692,A168_HF9F_20260827_0900,2026-08-27 09:00:00,185
1226831|25|905,905,1226831,25,2026-05-03,1,-1,10,10,2,1638.4279,1638.4279,1284.2688,0.0786,78.384213,163.8428,163.8428,1.0000,0,1,45,1847693,A168_HF9F_20260827_0900,2026-08-27 09:00:00,185
1226831|26|905,905,1226831,26,2026-05-03,1,-1,5,6,3,18619.3115,18619.3115,18449.2178,0.0000,99.086466,3103.2186,3723.8623,1.2000,0,1,10,1847694,A168_HF9F_20260827_0900,2026-08-27 09:00:00,185
1226831|27|905,905,1226831,27,2026-05-03,1,-1,9,10,3,2202.4331,2202.4331,-387.9861,0.0000,-17.616250,220.2433,244.7148,1.1111,0,1,36,1847695,A168_HF9F_20260827_0900,2026-08-27 09:00:00,185
1226831|28|905,905,1226831,28,2026-05-03,1,-1,10,12,3,2258.1469,2258.1469,-1484.0066,0.0000,-65.717894,188.1789,225.8147,1.2000,0,1,45,1847696,A168_HF9F_20260827_0900,2026-08-27 09:00:00,185
1226831|29|905,905,1226831,29,2026-05-03,1,-1,7,9,3,1525.6182,13.0977,-104.7814,0.0000,-800.000000,169.5131,217.9455,1.2857,7,1,21,1847697,A168_HF9F_20260827_0900,2026-08-27 09:00:00,185
1226831|3|905,905,1226831,3,2026-05-03,1,-1,5,5,2,64.3704,64.3704,-15.6171,0.0000,-24.261313,12.8741,12.8741,1.0000,0,1,10,1847698,A168_HF9F_20260827_0900,2026-08-27 09:00:00,185
1226831|30|905,905,1226831,30,2026-05-03,1,-1,12,16,5,1992.3282,1992.3282,-587.9722,0.0000,-29.511814,124.5205,166.0273,1.3333,0,1,66,1847699,A168_HF9F_20260827_0900,2026-08-27 09:00:00,185
1226831|31|905,905,1226831,31,2026-05-03,1,-1,9,11,4,1486.9240,1486.9240,-1320.7448,0.0000,-88.823966,135.1749,165.2138,1.2222,0,1,36,1847700,A168_HF9F_20260827_0900,2026-08-27 09:00:00,185
1226831|32|905,905,1226831,32,2026-05-03,1,-1,21,26,6,4189.2309,4189.2309,-4018.5288,15.1917,-95.925217,161.1243,199.4872,1.2381,0,1,210,1847701,A168_HF9F_20260827_0900,2026-08-27 09:00:00,185
1226831|33|905,905,1226831,33,2026-05-03,1,-1,25,38,9,5049.5183,5049.5183,-3814.4861,15.1917,-75.541585,132.8821,201.9807,1.5200,0,1,300,1847702,A168_HF9F_20260827_0900,2026-08-27 09:00:00,185
1226831|34|905,905,1226831,34,2026-05-03,1,-1,46,68,10,7608.6301,7324.9517,-3657.4269,15.1917,-49.931071,111.8916,165.4050,1.4783,0,1,1035,1847703,A168_HF9F_20260827_0900,2026-08-27 09:00:00,185
1226831|35|905,905,1226831,35,2026-05-03,1,-1,55,86,10,6966.6905,6966.6905,-3610.0422,16.8050,-51.818610,81.0080,126.6671,1.5636,0,1,1485,1847704,A168_HF9F_20260827_0900,2026-08-27 09:00:00,185
1226831|36|905,905,1226831,36,2026-05-03,1,-1,59,85,10,6850.2738,501.6903,332.6634,0.0000,66.308518,80.5915,116.1063,1.4407,59,1,1711,1847705,A168_HF9F_20260827_0900,2026-08-27 09:00:00,185
1226831|37|905,905,1226831,37,2026-05-03,1,-1,48,75,10,6906.5312,6880.5855,92.7618,7.5622,1.348168,92.0871,143.8861,1.5625,1,1,1128,1847706,A168_HF9F_20260827_0900,2026-08-27 09:00:00,185
1226831|38|905,905,1226831,38,2026-05-03,1,-1,54,80,10,8222.6284,8217.4392,3840.6158,17.9645,46.737379,102.7829,152.2709,1.4815,1,1,1431,1847707,A168_HF9F_20260827_0900,2026-08-27 09:00:00,185
1226831|39|905,905,1226831,39,2026-05-03,1,-1,56,74,10,12571.9425,12566.7533,2555.5310,26.6191,20.335650,169.8911,224.4990,1.3214,1,1,1540,1847708,A168_HF9F_20260827_0900,2026-08-27 09:00:00,185
1226831|4|905,905,1226831,4,2026-05-03,1,-1,4,6,4,85.1269,85.1269,-56.5367,0.0000,-66.414602,14.1878,21.2817,1.5000,0,1,6,1847709,A168_HF9F_20260827_0900,2026-08-27 09:00:00,185
1226831|40|905,905,1226831,40,2026-05-03,1,-1,68,97,10,19273.4455,19194.5189,11059.3346,35.4417,57.617149,198.6953,283.4330,1.4265,1,1,2278,1847710,A168_HF9F_20260827_0900,2026-08-27 09:00:00,185
1226831|41|905,905,1226831,41,2026-05-03,1,-1,77,118,10,23949.1754,23943.9863,7952.8788,27.2345,33.214515,202.9591,311.0283,1.5325,1,1,2926,1847711,A168_HF9F_20260827_0900,2026-08-27 09:00:00,185
1226831|42|905,905,1226831,42,2026-05-03,1,-1,94,140,10,36819.9801,36765.5729,-18370.1041,0.1008,-49.965505,262.9999,391.7019,1.4894,3,1,4371,1847712,A168_HF9F_20260827_0900,2026-08-27 09:00:00,185
1226831|43|905,905,1226831,43,2026-05-03,1,-1,39,67,10,2368.9242,2317.0328,1628.3120,0.0000,70.275743,35.3571,60.7416,1.7179,1,1,741,1847713,A168_HF9F_20260827_0900,2026-08-27 09:00:00,185
1226831|44|905,905,1226831,44,2026-05-03,1,-1,30,49,10,2086.8245,2074.4297,131.2740,2.9476,6.328197,42.5883,69.5608,1.6333,2,1,435,1847714,A168_HF9F_20260827_0900,2026-08-27 09:00:00,185
1226831|45|905,905,1226831,45,2026-05-03,1,-1,33,53,10,3693.7740,3677.9215,915.7337,0.0000,24.898130,69.6938,111.9325,1.6061,1,1,528,1847715,A168_HF9F_20260827_0900,2026-08-27 09:00:00,185
1226831|46|905,905,1226831,46,2026-05-03,1,-1,30,40,8,3368.4600,3368.4600,-689.4918,0.0000,-20.469050,84.2115,112.2820,1.3333,0,1,435,1847716,A168_HF9F_20260827_0900,2026-08-27 09:00:00,185
1226831|47|905,905,1226831,47,2026-05-03,1,-1,26,35,9,2255.6275,2255.6275,-143.8162,0.0000,-6.375885,64.4465,86.7549,1.3462,0,1,325,1847717,A168_HF9F_20260827_0900,2026-08-27 09:00:00,185
1226831|48|905,905,1226831,48,2026-05-03,1,-1,28,39,10,1442.5996,1442.5996,-322.2177,0.0000,-22.335906,36.9897,51.5214,1.3929,0,1,378,1847718,A168_HF9F_20260827_0900,2026-08-27 09:00:00,185
1226831|49|905,905,1226831,49,2026-05-03,1,-1,31,43,9,3319.2514,3319.2514,-2111.4916,0.0000,-63.613489,77.1919,107.0726,1.3871,0,1,465,1847719,A168_HF9F_20260827_0900,2026-08-27 09:00:00,185
1226831|5|905,905,1226831,5,2026-05-03,1,-1,4,5,3,198.8100,198.8100,151.8581,0.0000,76.383524,39.7620,49.7025,1.2500,0,1,6,1847720,A168_HF9F_20260827_0900,2026-08-27 09:00:00,185
1226831|50|905,905,1226831,50,2026-05-03,1,-1,34,48,9,9642.2534,9637.0643,-7127.8449,0.0000,-73.962824,200.8803,283.5957,1.4118,1,1,561,1847721,A168_HF9F_20260827_0900,2026-08-27 09:00:00,185
1226831|51|905,905,1226831,51,2026-05-03,1,-1,30,46,8,7622.0103,334.1549,116.5286,0.0000,34.872633,165.6959,254.0670,1.5333,31,1,435,1847722,A168_HF9F_20260827_0900,2026-08-27 09:00:00,185
1226831|52|905,905,1226831,52,2026-05-03,1,-1,36,51,9,5717.6613,5717.6613,-3669.2049,0.0000,-64.173177,112.1110,158.8239,1.4167,0,1,630,1847723,A168_HF9F_20260827_0900,2026-08-27 09:00:00,185
1226831|53|905,905,1226831,53,2026-05-03,1,-1,47,62,8,7160.3136,6900.8563,-4674.1070,0.7562,-67.732275,115.4889,152.3471,1.3191,2,1,1081,1847724,A168_HF9F_20260827_0900,2026-08-27 09:00:00,185
1226831|54|905,905,1226831,54,2026-05-03,1,-1,54,69,8,11589.2503,11589.2503,10125.2062,0.0000,87.367223,167.9601,214.6157,1.2778,0,1,1431,1847725,A168_HF9F_20260827_0900,2026-08-27 09:00:00,185
1226831|55|905,905,1226831,55,2026-05-03,1,-1,25,36,9,2389.4070,1351.5782,1102.7327,0.0000,81.588525,66.3724,95.5763,1.4400,2,1,300,1847726,A168_HF9F_20260827_0900,2026-08-27 09:00:00,185
1226831|6|905,905,1226831,6,2026-05-03,1,-1,4,6,3,357.9526,357.9526,357.9526,0.0000,100.000000,59.6588,89.4881,1.5000,0,1,6,1847727,A168_HF9F_20260827_0900,2026-08-27 09:00:00,185
1226831|7|905,905,1226831,7,2026-05-03,1,-1,7,11,6,187.6776,187.6776,27.7027,0.0000,14.760788,17.0616,26.8111,1.5714,0,1,21,1847728,A168_HF9F_20260827_0900,2026-08-27 09:00:00,185
1226831|8|905,905,1226831,8,2026-05-03,1,-1,4,7,6,154.8112,154.8112,-63.1328,0.0000,-40.780520,22.1159,38.7028,1.7500,0,1,6,1847729,A168_HF9F_20260827_0900,2026-08-27 09:00:00,185
1226831|9|905,905,1226831,9,2026-05-03,1,-1,9,12,5,505.6828,505.6828,-497.3185,0.0000,-98.345936,42.1402,56.1870,1.3333,0,1,36,1847730,A168_HF9F_20260827_0900,2026-08-27 09:00:00,185
1226874|1|905,905,1226874,1,2026-05-03,1,-1,3,5,5,34.7797,8.8340,-0.6188,0.0000,-7.004306,6.9559,11.5932,1.6667,1,1,3,1847731,A168_HF9F_20260827_0900,2026-08-27 09:00:00,185
1226874|10|905,905,1226874,10,2026-05-03,1,-1,8,14,7,284.9522,284.9522,56.0133,0.0168,19.657086,20.3537,35.6190,1.7500,0,1,28,1847732,A168_HF9F_20260827_0900,2026-08-27 09:00:00,185
1226874|11|905,905,1226874,11,2026-05-03,1,-1,14,21,7,1692.2273,1692.2273,1619.3297,0.0336,95.692208,80.5823,120.8734,1.5000,0,1,91,1847733,A168_HF9F_20260827_0900,2026-08-27 09:00:00,185
1226874|12|905,905,1226874,12,2026-05-03,1,-1,13,20,7,1116.2979,1116.2979,-1022.6486,0.4033,-91.610725,55.8149,85.8691,1.5385,0,1,78,1847734,A168_HF9F_20260827_0900,2026-08-27 09:00:00,185
1226874|13|905,905,1226874,13,2026-05-03,1,-1,17,24,7,2152.6629,2142.2847,-1553.6724,0.2857,-72.524088,89.6943,126.6272,1.4118,1,1,136,1847735,A168_HF9F_20260827_0900,2026-08-27 09:00:00,185
1226874|14|905,905,1226874,14,2026-05-03,1,-1,22,33,8,6646.9138,6646.9138,2993.7562,0.2353,45.039793,201.4216,302.1324,1.5000,0,1,231,1847736,A168_HF9F_20260827_0900,2026-08-27 09:00:00,185
1226874|15|905,905,1226874,15,2026-05-03,1,-1,8,10,4,186.0709,186.0709,-35.0865,0.0000,-18.856513,18.6071,23.2589,1.2500,0,1,28,1847737,A168_HF9F_20260827_0900,2026-08-27 09:00:00,185
1226874|16|905,905,1226874,16,2026-05-03,1,-1,9,10,3,280.0377,280.0377,222.9571,0.0000,79.616820,28.0038,31.1153,1.1111,0,1,36,1847738,A168_HF9F_20260827_0900,2026-08-27 09:00:00,185
1226874|17|905,905,1226874,17,2026-05-03,1,-1,6,6,2,404.6566,404.6566,196.2545,0.0000,48.499024,67.4428,67.4428,1.0000,0,1,15,1847739,A168_HF9F_20260827_0900,2026-08-27 09:00:00,185
1226874|18|905,905,1226874,18,2026-05-03,1,-1,9,12,4,326.1956,326.1956,71.8197,0.0000,22.017382,27.1830,36.2440,1.3333,0,1,36,1847740,A168_HF9F_20260827_0900,2026-08-27 09:00:00,185
1226874|19|905,905,1226874,19,2026-05-03,1,-1,8,10,4,749.9122,749.9122,208.2702,0.0000,27.772603,74.9912,93.7390,1.2500,0,1,28,1847741,A168_HF9F_20260827_0900,2026-08-27 09:00:00,185
1226874|2|905,905,1226874,2,2026-05-03,1,-1,4,5,4,87.9764,87.9764,52.5605,0.0000,59.743855,17.5953,21.9941,1.2500,0,1,6,1847742,A168_HF9F_20260827_0900,2026-08-27 09:00:00,185
1226874|20|905,905,1226874,20,2026-05-03,1,-1,14,17,5,1315.7581,1315.7581,-882.6024,0.0000,-67.079379,77.3975,93.9827,1.2143,0,1,91,1847743,A168_HF9F_20260827_0900,2026-08-27 09:00:00,185
1226874|21|905,905,1226874,21,2026-05-03,1,-1,7,12,6,575.9009,575.9009,-419.4300,0.0000,-72.830228,47.9917,82.2716,1.7143,0,1,21,1847744,A168_HF9F_20260827_0900,2026-08-27 09:00:00,185
1226874|22|905,905,1226874,22,2026-05-03,1,-1,16,27,7,3972.6133,3972.6133,3418.8079,1.0398,86.059418,147.1338,248.2883,1.6875,0,1,120,1847745,A168_HF9F_20260827_0900,2026-08-27 09:00:00,185
1226874|23|905,905,1226874,23,2026-05-03,1,-1,20,23,5,4964.5398,4964.5398,3072.5652,0.3781,61.890233,215.8496,248.2270,1.1500,0,1,190,1847746,A168_HF9F_20260827_0900,2026-08-27 09:00:00,185
1226874|24|905,905,1226874,24,2026-05-03,1,-1,10,13,5,582.2368,582.2368,455.9091,0.0000,78.303026,44.7874,58.2237,1.3000,0,1,45,1847747,A168_HF9F_20260827_0900,2026-08-27 09:00:00,185
1226874|25|905,905,1226874,25,2026-05-03,1,-1,6,6,2,259.2180,259.2180,247.6941,0.0000,95.554347,43.2030,43.2030,1.0000,0,1,15,1847748,A168_HF9F_20260827_0900,2026-08-27 09:00:00,185
1226874|26|905,905,1226874,26,2026-05-03,1,-1,6,6,1,150.0589,150.0589,150.0589,0.2521,100.000000,25.0098,25.0098,1.0000,0,1,15,1847749,A168_HF9F_20260827_0900,2026-08-27 09:00:00,185
1226874|27|905,905,1226874,27,2026-05-03,1,-1,9,15,7,2710.7625,74.1077,-249.4038,0.0000,-336.542192,180.7175,301.1958,1.6667,9,1,36,1847750,A168_HF9F_20260827_0900,2026-08-27 09:00:00,185
1226874|28|905,905,1226874,28,2026-05-03,1,-1,13,24,7,3753.4239,3753.4239,-1883.5469,0.0000,-50.182100,156.3927,288.7249,1.8462,0,1,78,1847751,A168_HF9F_20260827_0900,2026-08-27 09:00:00,185
1226874|29|905,905,1226874,29,2026-05-03,1,-1,19,24,4,3266.4294,3266.4294,1880.2639,0.0000,57.563278,136.1012,171.9173,1.2632,0,1,171,1847752,A168_HF9F_20260827_0900,2026-08-27 09:00:00,185
1226874|3|905,905,1226874,3,2026-05-03,1,-1,5,6,2,79.4438,79.4438,-119.7091,0.0000,-150.683939,13.2406,15.8888,1.2000,0,1,10,1847753,A168_HF9F_20260827_0900,2026-08-27 09:00:00,185
1226874|30|905,905,1226874,30,2026-05-03,1,-1,19,28,8,3311.6106,3311.6106,872.6549,0.0000,26.351374,118.2718,174.2953,1.4737,0,1,171,1847754,A168_HF9F_20260827_0900,2026-08-27 09:00:00,185
1226874|31|905,905,1226874,31,2026-05-03,1,-1,12,16,5,1488.1019,1488.1019,1248.4990,0.0000,83.898752,93.0064,124.0085,1.3333,0,1,66,1847755,A168_HF9F_20260827_0900,2026-08-27 09:00:00,185
1226874|32|905,905,1226874,32,2026-05-03,1,-1,8,13,6,172.5983,172.5983,-74.0217,0.0000,-42.886691,13.2768,21.5748,1.6250,0,1,28,1847756,A168_HF9F_20260827_0900,2026-08-27 09:00:00,185
1226874|33|905,905,1226874,33,2026-05-03,1,-1,10,13,6,1013.7444,1013.7444,961.7320,0.0000,94.869279,77.9803,101.3744,1.3000,0,1,45,1847757,A168_HF9F_20260827_0900,2026-08-27 09:00:00,185
1226874|34|905,905,1226874,34,2026-05-03,1,-1,6,8,5,71.5132,71.5132,51.5132,0.0000,72.033117,8.9391,11.9189,1.3333,0,1,15,1847758,A168_HF9F_20260827_0900,2026-08-27 09:00:00,185
1226874|35|905,905,1226874,35,2026-05-03,1,-1,8,10,5,168.0965,168.0965,-163.4642,0.0000,-97.244283,16.8096,21.0121,1.2500,0,1,28,1847759,A168_HF9F_20260827_0900,2026-08-27 09:00:00,185
1226874|36|905,905,1226874,36,2026-05-03,1,-1,7,10,6,1435.3391,1435.3391,-1094.3687,0.0000,-76.244612,143.5339,205.0484,1.4286,0,1,21,1847760,A168_HF9F_20260827_0900,2026-08-27 09:00:00,185
1226874|37|905,905,1226874,37,2026-05-03,1,-1,4,5,3,199.4030,199.4030,-47.8355,0.0000,-23.989379,39.8806,49.8507,1.2500,0,1,6,1847761,A168_HF9F_20260827_0900,2026-08-27 09:00:00,185
1226874|38|905,905,1226874,38,2026-05-03,1,-1,10,11,3,1844.3046,1844.3046,-1625.0021,0.0000,-88.109203,167.6641,184.4305,1.1000,0,1,45,1847762,A168_HF9F_20260827_0900,2026-08-27 09:00:00,185
1226874|39|905,905,1226874,39,2026-05-03,1,-1,17,20,5,4737.9599,4737.9599,2273.1593,0.2836,47.977597,236.8980,278.7035,1.1765,0,1,136,1847763,A168_HF9F_20260827_0900,2026-08-27 09:00:00,185
1226874|4|905,905,1226874,4,2026-05-03,1,-1,11,13,3,495.1520,495.1520,495.1520,0.7125,100.000000,38.0886,45.0138,1.1818,0,1,55,1847764,A168_HF9F_20260827_0900,2026-08-27 09:00:00,185
1226874|40|905,905,1226874,40,2026-05-03,1,-1,6,7,3,127.1210,127.1210,30.2798,0.0000,23.819688,18.1601,21.1868,1.1667,0,1,15,1847765,A168_HF9F_20260827_0900,2026-08-27 09:00:00,185
1226874|41|905,905,1226874,41,2026-05-03,1,-1,7,7,2,69.9563,0.0000,0.0000,0.0000,,9.9938,9.9938,1.0000,7,1,21,1847766,A168_HF9F_20260827_0900,2026-08-27 09:00:00,185
1226874|42|905,905,1226874,42,2026-05-03,1,-1,9,10,3,110.4718,110.4718,48.2021,0.0000,43.632916,11.0472,12.2746,1.1111,0,1,36,1847767,A168_HF9F_20260827_0900,2026-08-27 09:00:00,185
1226874|43|905,905,1226874,43,2026-05-03,1,-1,6,6,2,208.9104,208.9104,-138.2732,0.0000,-66.187801,34.8184,34.8184,1.0000,0,1,15,1847768,A168_HF9F_20260827_0900,2026-08-27 09:00:00,185
1226874|44|905,905,1226874,44,2026-05-03,1,-1,4,4,2,34.5978,0.0000,0.0000,0.0000,,8.6495,8.6495,1.0000,4,1,6,1847769,A168_HF9F_20260827_0900,2026-08-27 09:00:00,185
1226874|45|905,905,1226874,45,2026-05-03,1,-1,2,2,1,35.7105,35.7105,35.7105,0.0000,100.000000,17.8553,17.8553,1.0000,0,1,1,1847770,A168_HF9F_20260827_0900,2026-08-27 09:00:00,185
1226874|46|905,905,1226874,46,2026-05-03,1,-1,2,2,1,65.1192,65.1192,65.1192,0.0000,100.000000,32.5596,32.5596,1.0000,0,1,1,1847771,A168_HF9F_20260827_0900,2026-08-27 09:00:00,185
1226874|47|905,905,1226874,47,2026-05-03,1,-1,6,7,3,1002.8353,1002.8353,-218.9486,1.9326,-21.832954,143.2622,167.1392,1.1667,0,1,15,1847772,A168_HF9F_20260827_0900,2026-08-27 09:00:00,185
1226874|48|905,905,1226874,48,2026-05-03,1,-1,2,2,1,19.2633,19.2633,19.2633,0.0000,100.000000,9.6316,9.6316,1.0000,0,1,1,1847773,A168_HF9F_20260827_0900,2026-08-27 09:00:00,185
1226874|49|905,905,1226874,49,2026-05-03,1,-1,5,5,2,1325.8290,1325.8290,1290.4063,0.0000,97.328261,265.1658,265.1658,1.0000,0,1,10,1847774,A168_HF9F_20260827_0900,2026-08-27 09:00:00,185
1226874|5|905,905,1226874,5,2026-05-03,1,-1,2,5,4,85.8295,85.8295,85.8295,0.0000,100.000000,17.1659,42.9147,2.5000,0,1,1,1847775,A168_HF9F_20260827_0900,2026-08-27 09:00:00,185
1226874|50|905,905,1226874,50,2026-05-03,1,-1,12,15,3,1727.5878,1727.5878,1643.8127,0.0000,95.150743,115.1725,143.9657,1.2500,0,1,66,1847776,A168_HF9F_20260827_0900,2026-08-27 09:00:00,185
1226874|51|905,905,1226874,51,2026-05-03,1,-1,2,3,3,18.0143,18.0143,-7.9314,0.0000,-44.028091,6.0048,9.0072,1.5000,0,1,1,1847777,A168_HF9F_20260827_0900,2026-08-27 09:00:00,185
1226874|52|905,905,1226874,52,2026-05-03,1,-1,12,13,3,2459.1228,2459.1228,-1726.1213,0.0000,-70.192561,189.1633,204.9269,1.0833,0,1,66,1847778,A168_HF9F_20260827_0900,2026-08-27 09:00:00,185
1226874|6|905,905,1226874,6,2026-05-03,1,-1,5,6,4,50.4720,50.4720,-10.2410,0.0000,-20.290458,8.4120,10.0944,1.2000,0,1,10,1847779,A168_HF9F_20260827_0900,2026-08-27 09:00:00,185
1226874|7|905,905,1226874,7,2026-05-03,1,-1,8,9,4,205.1283,205.1283,85.4647,0.0000,41.664049,22.7920,25.6410,1.1250,0,1,28,1847780,A168_HF9F_20260827_0900,2026-08-27 09:00:00,185
1226874|8|905,905,1226874,8,2026-05-03,1,-1,7,11,6,771.0317,771.0317,44.9121,0.0000,5.824930,70.0938,110.1474,1.5714,0,1,21,1847781,A168_HF9F_20260827_0900,2026-08-27 09:00:00,185
1226874|9|905,905,1226874,9,2026-05-03,1,-1,18,21,4,2636.5769,2636.5769,-161.7764,0.1344,-6.135850,125.5513,146.4765,1.1667,0,1,153,1847782,A168_HF9F_20260827_0900,2026-08-27 09:00:00,185
1226909|10|905,905,1226909,10,2026-05-03,1,-1,6,15,8,267.0092,267.0092,83.3177,0.0000,31.204044,17.8006,44.5015,2.5000,0,1,15,1847783,A168_HF9F_20260827_0900,2026-08-27 09:00:00,185
1226909|11|905,905,1226909,11,2026-05-03,1,-1,6,7,3,98.7200,98.7200,9.5060,0.2521,9.629305,14.1029,16.4533,1.1667,0,1,15,1847784,A168_HF9F_20260827_0900,2026-08-27 09:00:00,185
1226909|12|905,905,1226909,12,2026-05-03,1,-1,2,2,1,277.7991,277.7991,-277.7991,0.0000,-100.000000,138.8995,138.8995,1.0000,0,1,1,1847785,A168_HF9F_20260827_0900,2026-08-27 09:00:00,185
1226909|13|905,905,1226909,13,2026-05-03,1,-1,2,2,1,24.2012,24.2012,24.2012,0.0000,100.000000,12.1006,12.1006,1.0000,0,1,1,1847786,A168_HF9F_20260827_0900,2026-08-27 09:00:00,185
1226909|14|905,905,1226909,14,2026-05-03,1,-1,6,7,4,719.4952,719.4952,-120.7527,0.0000,-16.782979,102.7850,119.9159,1.1667,0,1,15,1847787,A168_HF9F_20260827_0900,2026-08-27 09:00:00,185
1226909|15|905,905,1226909,15,2026-05-03,1,-1,6,6,2,280.9838,280.9838,-187.4236,0.0000,-66.702641,46.8306,46.8306,1.0000,0,1,15,1847788,A168_HF9F_20260827_0900,2026-08-27 09:00:00,185
1226909|16|905,905,1226909,16,2026-05-03,1,-1,11,13,4,1300.2709,1300.2709,-890.8150,0.0000,-68.509952,100.0208,118.2064,1.1818,0,1,55,1847789,A168_HF9F_20260827_0900,2026-08-27 09:00:00,185
1226909|17|905,905,1226909,17,2026-05-03,1,-1,10,10,2,606.7067,606.7067,586.7067,0.0000,96.703514,60.6707,60.6707,1.0000,0,1,45,1847790,A168_HF9F_20260827_0900,2026-08-27 09:00:00,185
1226909|18|905,905,1226909,18,2026-05-03,1,-1,3,3,2,77.9581,77.9581,57.9581,0.3361,74.345198,25.9860,25.9860,1.0000,0,1,3,1847791,A168_HF9F_20260827_0900,2026-08-27 09:00:00,185
1226909|19|905,905,1226909,19,2026-05-03,1,-1,5,6,3,787.0290,787.0290,-578.3738,0.2521,-73.488244,131.1715,157.4058,1.2000,0,1,10,1847792,A168_HF9F_20260827_0900,2026-08-27 09:00:00,185
1226909|2|905,905,1226909,2,2026-05-03,1,-1,2,2,1,57.0046,57.0046,-57.0046,0.3170,-100.000000,28.5023,28.5023,1.0000,0,1,1,1847793,A168_HF9F_20260827_0900,2026-08-27 09:00:00,185
1226909|20|905,905,1226909,20,2026-05-03,1,-1,11,16,5,1237.5195,1237.5195,542.4958,0.2017,43.837355,77.3450,112.5018,1.4545,0,1,55,1847794,A168_HF9F_20260827_0900,2026-08-27 09:00:00,185
1226909|21|905,905,1226909,21,2026-05-03,1,-1,8,8,2,1674.9087,0.0000,0.0000,0.0000,,209.3636,209.3636,1.0000,8,1,28,1847795,A168_HF9F_20260827_0900,2026-08-27 09:00:00,185
1226909|22|905,905,1226909,22,2026-05-03,1,-1,8,8,2,1153.9370,1153.9370,876.9155,0.0000,75.993363,144.2421,144.2421,1.0000,0,1,28,1847796,A168_HF9F_20260827_0900,2026-08-27 09:00:00,185
1226909|23|905,905,1226909,23,2026-05-03,1,-1,8,8,2,348.9922,348.9922,-292.3417,0.0000,-83.767406,43.6240,43.6240,1.0000,0,1,28,1847797,A168_HF9F_20260827_0900,2026-08-27 09:00:00,185
1226909|24|905,905,1226909,24,2026-05-03,1,-1,4,4,3,396.7059,396.7059,-310.7938,0.0000,-78.343616,99.1765,99.1765,1.0000,0,1,6,1847798,A168_HF9F_20260827_0900,2026-08-27 09:00:00,185
1226909|25|905,905,1226909,25,2026-05-03,1,-1,3,3,1,805.6183,805.6183,-805.6183,0.0000,-100.000000,268.5394,268.5394,1.0000,0,1,3,1847799,A168_HF9F_20260827_0900,2026-08-27 09:00:00,185
1226909|26|905,905,1226909,26,2026-05-03,1,-1,6,6,2,1779.9512,1779.9512,1729.3570,0.0000,97.157554,296.6585,296.6585,1.0000,0,1,15,1847800,A168_HF9F_20260827_0900,2026-08-27 09:00:00,185
1226909|27|905,905,1226909,27,2026-05-03,1,-1,5,5,2,324.5711,324.5711,-282.5587,0.0000,-87.056029,64.9142,64.9142,1.0000,0,1,10,1847801,A168_HF9F_20260827_0900,2026-08-27 09:00:00,185
1226909|28|905,905,1226909,28,2026-05-03,1,-1,2,2,1,269.9603,269.9603,-269.9603,0.0000,-100.000000,134.9802,134.9802,1.0000,0,1,1,1847802,A168_HF9F_20260827_0900,2026-08-27 09:00:00,185
1226909|29|905,905,1226909,29,2026-05-03,1,-1,3,3,2,452.7287,452.7287,-53.2129,0.0000,-11.753810,150.9096,150.9096,1.0000,0,1,3,1847803,A168_HF9F_20260827_0900,2026-08-27 09:00:00,185
1226909|3|905,905,1226909,3,2026-05-03,1,-1,4,4,1,84.8579,84.8579,-84.8579,0.2205,-100.000000,21.2145,21.2145,1.0000,0,1,6,1847804,A168_HF9F_20260827_0900,2026-08-27 09:00:00,185
1226909|30|905,905,1226909,30,2026-05-03,1,-1,6,7,4,1005.1103,1005.1103,560.3443,0.3697,55.749533,143.5872,167.5184,1.1667,0,1,15,1847805,A168_HF9F_20260827_0900,2026-08-27 09:00:00,185
1226909|31|905,905,1226909,31,2026-05-03,1,-1,6,7,3,1522.4731,1522.4731,-1459.4545,0.5882,-95.860775,217.4962,253.7455,1.1667,0,1,15,1847806,A168_HF9F_20260827_0900,2026-08-27 09:00:00,185
1226909|32|905,905,1226909,32,2026-05-03,1,-1,5,5,2,1186.2984,1186.2984,-1082.5156,0.3361,-91.251537,237.2597,237.2597,1.0000,0,1,10,1847807,A168_HF9F_20260827_0900,2026-08-27 09:00:00,185
1226909|33|905,905,1226909,33,2026-05-03,1,-1,12,14,5,3407.3546,3407.3546,-2933.7258,0.2235,-86.099809,243.3825,283.9462,1.1667,0,1,66,1847808,A168_HF9F_20260827_0900,2026-08-27 09:00:00,185
1226909|34|905,905,1226909,34,2026-05-03,1,-1,9,9,2,1808.4557,1808.4557,1576.6493,0.4369,87.182078,200.9395,200.9395,1.0000,0,1,36,1847809,A168_HF9F_20260827_0900,2026-08-27 09:00:00,185
1226909|35|905,905,1226909,35,2026-05-03,1,-1,9,9,3,985.7968,985.7968,725.9325,0.0000,73.639160,109.5330,109.5330,1.0000,0,1,36,1847810,A168_HF9F_20260827_0900,2026-08-27 09:00:00,185
1226909|36|905,905,1226909,36,2026-05-03,1,-1,7,11,6,575.0188,575.0188,372.0645,0.0000,64.704743,52.2744,82.1455,1.5714,0,1,21,1847811,A168_HF9F_20260827_0900,2026-08-27 09:00:00,185
1226909|37|905,905,1226909,37,2026-05-03,1,-1,12,14,5,679.1555,679.1555,-580.3874,0.0000,-85.457216,48.5111,56.5963,1.1667,0,1,66,1847812,A168_HF9F_20260827_0900,2026-08-27 09:00:00,185
1226909|38|905,905,1226909,38,2026-05-03,1,-1,15,18,6,3454.5793,3454.5793,-2398.2281,0.0000,-69.421712,191.9211,230.3053,1.2000,0,1,105,1847813,A168_HF9F_20260827_0900,2026-08-27 09:00:00,185
1226909|39|905,905,1226909,39,2026-05-03,1,-1,20,24,7,2692.9237,2692.9237,-2422.7547,0.0000,-89.967446,112.2052,134.6462,1.2000,0,1,190,1847814,A168_HF9F_20260827_0900,2026-08-27 09:00:00,185
1226909|4|905,905,1226909,4,2026-05-03,1,-1,3,3,2,59.5904,59.5904,-33.6447,0.1654,-56.459909,19.8635,19.8635,1.0000,0,1,3,1847815,A168_HF9F_20260827_0900,2026-08-27 09:00:00,185
1226909|40|905,905,1226909,40,2026-05-03,1,-1,16,22,5,2440.3368,2440.3368,2399.2486,0.0000,98.316289,110.9244,152.5210,1.3750,0,1,120,1847816,A168_HF9F_20260827_0900,2026-08-27 09:00:00,185
1226909|41|905,905,1226909,41,2026-05-03,1,-1,8,15,9,1006.5404,1006.5404,-75.0526,0.8402,-7.456489,67.1027,125.8176,1.8750,0,1,28,1847817,A168_HF9F_20260827_0900,2026-08-27 09:00:00,185
1226909|42|905,905,1226909,42,2026-05-03,1,-1,5,5,2,302.4112,302.4112,290.6477,0.0000,96.110107,60.4822,60.4822,1.0000,0,1,10,1847818,A168_HF9F_20260827_0900,2026-08-27 09:00:00,185
1226909|43|905,905,1226909,43,2026-05-03,1,-1,3,3,2,687.0141,687.0141,-2.0471,0.0000,-0.297964,229.0047,229.0047,1.0000,0,1,3,1847819,A168_HF9F_20260827_0900,2026-08-27 09:00:00,185
1226909|44|905,905,1226909,44,2026-05-03,1,-1,3,3,2,82.9168,82.9168,-3.9902,0.0000,-4.812322,27.6389,27.6389,1.0000,0,1,3,1847820,A168_HF9F_20260827_0900,2026-08-27 09:00:00,185
1226909|45|905,905,1226909,45,2026-05-03,1,-1,12,12,2,650.0864,650.0864,-249.9863,0.0000,-38.454323,54.1739,54.1739,1.0000,0,1,66,1847821,A168_HF9F_20260827_0900,2026-08-27 09:00:00,185
1226909|46|905,905,1226909,46,2026-05-03,1,-1,12,12,2,2663.0444,0.0000,0.0000,0.0000,,221.9204,221.9204,1.0000,12,1,66,1847822,A168_HF9F_20260827_0900,2026-08-27 09:00:00,185
1226909|47|905,905,1226909,47,2026-05-03,1,-1,18,22,6,3127.5648,3127.5648,787.3096,0.0000,25.173247,142.1620,173.7536,1.2222,0,1,153,1847823,A168_HF9F_20260827_0900,2026-08-27 09:00:00,185
1226909|48|905,905,1226909,48,2026-05-03,1,-1,4,7,5,139.7891,25.8398,-51.6796,0.0000,-200.000000,19.9699,34.9473,1.7500,4,1,6,1847824,A168_HF9F_20260827_0900,2026-08-27 09:00:00,185
1226909|49|905,905,1226909,49,2026-05-03,1,-1,5,8,6,283.0066,283.0066,-150.2387,0.0000,-53.086653,35.3758,56.6013,1.6000,0,1,10,1847825,A168_HF9F_20260827_0900,2026-08-27 09:00:00,185
1226909|5|905,905,1226909,5,2026-05-03,1,-1,16,30,9,2637.3963,2637.3963,1832.6543,0.4686,69.487254,87.9132,164.8373,1.8750,0,1,120,1847826,A168_HF9F_20260827_0900,2026-08-27 09:00:00,185
1226909|50|905,905,1226909,50,2026-05-03,1,-1,5,12,6,210.5979,210.5979,2.6155,0.1642,1.241953,17.5498,42.1196,2.4000,0,1,10,1847827,A168_HF9F_20260827_0900,2026-08-27 09:00:00,185
1226909|51|905,905,1226909,51,2026-05-03,1,-1,4,10,5,386.7760,386.7760,386.7760,0.1094,100.000000,38.6776,96.6940,2.5000,0,1,6,1847828,A168_HF9F_20260827_0900,2026-08-27 09:00:00,185
1226909|52|905,905,1226909,52,2026-05-03,1,-1,8,10,5,936.2081,34.4531,-120.5857,0.0000,-350.000000,93.6208,117.0260,1.2500,7,1,28,1847829,A168_HF9F_20260827_0900,2026-08-27 09:00:00,185
1226909|6|905,905,1226909,6,2026-05-03,1,-1,4,7,4,250.1115,198.4320,-89.0658,0.0000,-44.884802,35.7302,62.5279,1.7500,1,1,6,1847830,A168_HF9F_20260827_0900,2026-08-27 09:00:00,185
1226909|7|905,905,1226909,7,2026-05-03,1,-1,5,8,5,769.3607,769.3607,-555.0831,0.0000,-72.148607,96.1701,153.8721,1.6000,0,1,10,1847831,A168_HF9F_20260827_0900,2026-08-27 09:00:00,185
1226909|8|905,905,1226909,8,2026-05-03,1,-1,7,10,4,294.4815,242.8019,-66.7569,0.0000,-27.494404,29.4481,42.0688,1.4286,1,1,21,1847832,A168_HF9F_20260827_0900,2026-08-27 09:00:00,185
1226909|9|905,905,1226909,9,2026-05-03,1,-1,7,8,3,298.5243,298.5243,-193.6911,0.0000,-64.882869,37.3155,42.6463,1.1429,0,1,21,1847833,A168_HF9F_20260827_0900,2026-08-27 09:00:00,185
1226948|10|905,905,1226948,10,2026-05-03,1,-1,14,22,8,2031.7858,2031.7858,-1333.5113,0.2736,-65.632475,92.3539,145.1276,1.5714,0,1,91,1847834,A168_HF9F_20260827_0900,2026-08-27 09:00:00,185
1226948|11|905,905,1226948,11,2026-05-03,1,-1,8,11,4,660.5991,660.5991,-597.2126,0.8402,-90.404702,60.0545,82.5749,1.3750,0,1,28,1847835,A168_HF9F_20260827_0900,2026-08-27 09:00:00,185
1226948|12|905,905,1226948,12,2026-05-03,1,-1,8,8,2,730.8591,730.8591,-411.3834,0.0000,-56.287650,91.3574,91.3574,1.0000,0,1,28,1847836,A168_HF9F_20260827_0900,2026-08-27 09:00:00,185
1226948|13|905,905,1226948,13,2026-05-03,1,-1,3,3,1,295.5218,295.5218,295.5218,0.0000,100.000000,98.5073,98.5073,1.0000,0,1,3,1847837,A168_HF9F_20260827_0900,2026-08-27 09:00:00,185
1226948|14|905,905,1226948,14,2026-05-03,1,-1,4,5,3,142.5510,142.5510,90.6595,0.0000,63.597976,28.5102,35.6377,1.2500,0,1,6,1847838,A168_HF9F_20260827_0900,2026-08-27 09:00:00,185
1226948|15|905,905,1226948,15,2026-05-03,1,-1,9,11,4,490.3827,490.3827,0.0725,0.0000,0.014776,44.5802,54.4870,1.2222,0,1,36,1847839,A168_HF9F_20260827_0900,2026-08-27 09:00:00,185
1226948|16|905,905,1226948,16,2026-05-03,1,-1,13,13,2,2221.2269,2221.2269,1806.8913,0.0000,81.346541,170.8636,170.8636,1.0000,0,1,78,1847840,A168_HF9F_20260827_0900,2026-08-27 09:00:00,185
1226948|17|905,905,1226948,17,2026-05-03,1,-1,1,1,1,259.4572,259.4572,-246.4844,0.0000,-95.000000,259.4572,259.4572,1.0000,0,0,0,1847841,A168_HF9F_20260827_0900,2026-08-27 09:00:00,185
1226948|18|905,905,1226948,18,2026-05-03,1,-1,1,1,1,12.6037,12.6037,-11.9735,0.0000,-95.000000,12.6037,12.6037,1.0000,0,0,0,1847842,A168_HF9F_20260827_0900,2026-08-27 09:00:00,185
1226948|19|905,905,1226948,19,2026-05-03,1,-1,3,8,6,66.4736,66.4736,66.4736,0.0000,100.000000,8.3092,22.1579,2.6667,0,1,3,1847843,A168_HF9F_20260827_0900,2026-08-27 09:00:00,185
1226948|2|905,905,1226948,2,2026-05-03,1,-1,2,2,2,100.9704,100.9704,74.2946,0.1094,73.580586,50.4852,50.4852,1.0000,0,1,1,1847844,A168_HF9F_20260827_0900,2026-08-27 09:00:00,185
1226948|20|905,905,1226948,20,2026-05-03,1,-1,3,3,1,408.0951,408.0951,408.0951,0.0000,100.000000,136.0317,136.0317,1.0000,0,1,3,1847845,A168_HF9F_20260827_0900,2026-08-27 09:00:00,185
1226948|21|905,905,1226948,21,2026-05-03,1,-1,1,1,1,205.1984,205.1984,205.1984,0.0000,100.000000,205.1984,205.1984,1.0000,0,0,0,1847846,A168_HF9F_20260827_0900,2026-08-27 09:00:00,185
1226948|22|905,905,1226948,22,2026-05-03,1,-1,1,1,1,259.4572,259.4572,259.4572,0.0000,100.000000,259.4572,259.4572,1.0000,0,0,0,1847847,A168_HF9F_20260827_0900,2026-08-27 09:00:00,185
1226948|23|905,905,1226948,23,2026-05-03,1,-1,14,16,3,353.3801,353.3801,37.2332,0.0000,10.536306,22.0863,25.2414,1.1429,0,1,91,1847848,A168_HF9F_20260827_0900,2026-08-27 09:00:00,185
1226948|24|905,905,1226948,24,2026-05-03,1,-1,7,13,8,481.6389,481.6389,109.0486,0.0000,22.641143,37.0491,68.8056,1.8571,0,1,21,1847849,A168_HF9F_20260827_0900,2026-08-27 09:00:00,185
1226948|25|905,905,1226948,25,2026-05-03,1,-1,17,25,8,2993.2189,2993.2189,2400.6528,0.6722,80.203048,119.7288,176.0717,1.4706,0,1,136,1847850,A168_HF9F_20260827_0900,2026-08-27 09:00:00,185
1226948|26|905,905,1226948,26,2026-05-03,1,-1,14,16,4,1362.4734,1362.4734,169.7416,0.0168,12.458341,85.1546,97.3195,1.1429,0,1,91,1847851,A168_HF9F_20260827_0900,2026-08-27 09:00:00,185
1226948|27|905,905,1226948,27,2026-05-03,1,-1,7,7,2,499.7877,499.7877,-446.6249,0.1193,-89.362915,71.3982,71.3982,1.0000,0,1,21,1847852,A168_HF9F_20260827_0900,2026-08-27 09:00:00,185
1226948|28|905,905,1226948,28,2026-05-03,1,-1,6,6,2,49.9809,49.9809,42.2856,0.1143,84.603443,8.3302,8.3302,1.0000,0,1,15,1847853,A168_HF9F_20260827_0900,2026-08-27 09:00:00,185
1226948|29|905,905,1226948,29,2026-05-03,1,-1,5,5,2,134.7559,134.7559,126.8633,0.0336,94.142996,26.9512,26.9512,1.0000,0,1,10,1847854,A168_HF9F_20260827_0900,2026-08-27 09:00:00,185
1226948|3|905,905,1226948,3,2026-05-03,1,-1,2,2,1,24.1830,24.1830,-24.1830,0.1094,-100.000000,12.0915,12.0915,1.0000,0,1,1,1847855,A168_HF9F_20260827_0900,2026-08-27 09:00:00,185
1226948|30|905,905,1226948,30,2026-05-03,1,-1,3,3,2,32.2229,32.2229,-20.4930,0.1563,-63.597424,10.7410,10.7410,1.0000,0,1,3,1847856,A168_HF9F_20260827_0900,2026-08-27 09:00:00,185
1226948|31|905,905,1226948,31,2026-05-03,1,-1,6,6,2,243.0240,243.0240,-229.6065,0.1143,-94.478932,40.5040,40.5040,1.0000,0,1,15,1847857,A168_HF9F_20260827_0900,2026-08-27 09:00:00,185
1226948|32|905,905,1226948,32,2026-05-03,1,-1,6,6,2,935.0553,935.0553,646.0666,0.1109,69.093946,155.8425,155.8425,1.0000,0,1,15,1847858,A168_HF9F_20260827_0900,2026-08-27 09:00:00,185
1226948|33|905,905,1226948,33,2026-05-03,1,-1,4,5,3,901.7070,901.7070,-64.6413,0.1849,-7.168774,180.3414,225.4268,1.2500,0,1,6,1847859,A168_HF9F_20260827_0900,2026-08-27 09:00:00,185
1226948|34|905,905,1226948,34,2026-05-03,1,-1,4,6,4,1363.2683,1363.2683,358.7939,0.0000,26.318652,227.2114,340.8171,1.5000,0,1,6,1847860,A168_HF9F_20260827_0900,2026-08-27 09:00:00,185
1226948|35|905,905,1226948,35,2026-05-03,1,-1,3,6,5,2371.5364,2371.5364,-1943.4655,0.0000,-81.949636,395.2561,790.5121,2.0000,0,1,3,1847861,A168_HF9F_20260827_0900,2026-08-27 09:00:00,185
1226948|36|905,905,1226948,36,2026-05-03,1,-1,2,3,3,542.7875,542.7875,332.7255,0.0000,61.299408,180.9292,271.3937,1.5000,0,1,1,1847862,A168_HF9F_20260827_0900,2026-08-27 09:00:00,185
1226948|37|905,905,1226948,37,2026-05-03,1,-1,19,24,6,3914.5951,121.6626,-348.9509,0.0000,-286.818664,163.1081,206.0313,1.2632,19,1,171,1847863,A168_HF9F_20260827_0900,2026-08-27 09:00:00,185
1226948|38|905,905,1226948,38,2026-05-03,1,-1,16,20,4,2707.4460,2707.4460,-627.8950,0.1891,-23.191412,135.3723,169.2154,1.2500,0,1,120,1847864,A168_HF9F_20260827_0900,2026-08-27 09:00:00,185
1226948|39|905,905,1226948,39,2026-05-03,1,-1,7,10,4,2879.8105,2879.8105,2690.7547,0.0000,93.435132,287.9811,411.4015,1.4286,0,1,21,1847865,A168_HF9F_20260827_0900,2026-08-27 09:00:00,185
1226948|4|905,905,1226948,4,2026-05-03,1,-1,2,2,2,26.6528,26.6528,-0.0230,0.1094,-0.086427,13.3264,13.3264,1.0000,0,1,1,1847866,A168_HF9F_20260827_0900,2026-08-27 09:00:00,185
1226948|40|905,905,1226948,40,2026-05-03,1,-1,8,16,8,2642.8594,2642.8594,2302.6220,0.0000,87.126161,165.1787,330.3574,2.0000,0,1,28,1847867,A168_HF9F_20260827_0900,2026-08-27 09:00:00,185
1226948|41|905,905,1226948,41,2026-05-03,1,-1,7,12,6,1041.3838,1041.3838,-152.3835,0.0000,-14.632786,86.7820,148.7691,1.7143,0,1,21,1847868,A168_HF9F_20260827_0900,2026-08-27 09:00:00,185
1226948|42|905,905,1226948,42,2026-05-03,1,-1,14,16,5,2742.1654,2742.1654,701.8913,0.0000,25.596243,171.3853,195.8690,1.1429,0,1,91,1847869,A168_HF9F_20260827_0900,2026-08-27 09:00:00,185
1226948|43|905,905,1226948,43,2026-05-03,1,-1,6,8,4,1456.5778,1456.5778,1392.5737,0.0000,95.605859,182.0722,242.7630,1.3333,0,1,15,1847870,A168_HF9F_20260827_0900,2026-08-27 09:00:00,185
1226948|44|905,905,1226948,44,2026-05-03,1,-1,6,7,3,1168.1269,1168.1269,-1092.7725,0.0000,-93.549126,166.8753,194.6878,1.1667,0,1,15,1847871,A168_HF9F_20260827_0900,2026-08-27 09:00:00,185
1226948|45|905,905,1226948,45,2026-05-03,1,-1,4,6,4,118.3730,118.3730,64.4025,0.5882,54.406374,19.7288,29.5932,1.5000,0,1,6,1847872,A168_HF9F_20260827_0900,2026-08-27 09:00:00,185
1226948|46|905,905,1226948,46,2026-05-03,1,-1,5,6,3,75.1031,75.1031,33.5900,0.0000,44.725124,12.5172,15.0206,1.2000,0,1,10,1847873,A168_HF9F_20260827_0900,2026-08-27 09:00:00,185
1226948|47|905,905,1226948,47,2026-05-03,1,-1,3,5,4,206.7383,206.7383,122.5009,0.0000,59.254096,41.3477,68.9128,1.6667,0,1,3,1847874,A168_HF9F_20260827_0900,2026-08-27 09:00:00,185
1226948|48|905,905,1226948,48,2026-05-03,1,-1,6,7,3,509.1100,2.1006,2.1006,0.0000,100.000000,72.7300,84.8517,1.1667,6,1,15,1847875,A168_HF9F_20260827_0900,2026-08-27 09:00:00,185
1226948|49|905,905,1226948,49,2026-05-03,1,-1,5,8,5,2036.1591,2036.1591,1414.5056,0.0000,69.469303,254.5199,407.2318,1.6000,0,1,10,1847876,A168_HF9F_20260827_0900,2026-08-27 09:00:00,185
1226948|5|905,905,1226948,5,2026-05-03,1,-1,18,19,3,3471.7578,3471.7578,3323.0833,0.0547,95.717601,182.7241,192.8754,1.0556,0,1,153,1847877,A168_HF9F_20260827_0900,2026-08-27 09:00:00,185
1226948|50|905,905,1226948,50,2026-05-03,1,-1,9,13,6,1862.6838,1862.6838,1714.9022,0.0000,92.066197,143.2834,206.9649,1.4444,0,1,36,1847878,A168_HF9F_20260827_0900,2026-08-27 09:00:00,185
1226948|6|905,905,1226948,6,2026-05-03,1,-1,3,3,1,75.1735,75.1735,-75.1735,0.1094,-100.000000,25.0578,25.0578,1.0000,0,1,3,1847879,A168_HF9F_20260827_0900,2026-08-27 09:00:00,185
1226948|7|905,905,1226948,7,2026-05-03,1,-1,4,4,2,35.3802,35.3802,-20.2733,0.0547,-57.301291,8.8451,8.8451,1.0000,0,1,6,1847880,A168_HF9F_20260827_0900,2026-08-27 09:00:00,185
1226948|8|905,905,1226948,8,2026-05-03,1,-1,3,7,5,186.1150,186.1150,-318.3432,0.0547,-171.046465,26.5879,62.0383,2.3333,0,1,3,1847881,A168_HF9F_20260827_0900,2026-08-27 09:00:00,185
1226948|9|905,905,1226948,9,2026-05-03,1,-1,18,19,3,3658.3772,4.2012,-33.6099,0.0000,-800.000000,192.5462,203.2432,1.0556,18,1,153,1847882,A168_HF9F_20260827_0900,2026-08-27 09:00:00,185
1226984|10|905,905,1226984,10,2026-05-03,1,-1,13,20,7,2405.8654,2405.8654,-2258.7840,0.0000,-93.886552,120.2933,185.0666,1.5385,0,1,78,1847883,A168_HF9F_20260827_0900,2026-08-27 09:00:00,185
1226984|11|905,905,1226984,11,2026-05-03,1,-1,13,23,10,5325.2488,5325.2488,-4906.9641,0.0000,-92.145256,231.5326,409.6345,1.7692,0,1,78,1847884,A168_HF9F_20260827_0900,2026-08-27 09:00:00,185
1226984|12|905,905,1226984,12,2026-05-03,1,-1,18,29,10,6924.7813,6924.7813,-5584.9436,0.0000,-80.651552,238.7856,384.7101,1.6111,0,1,153,1847885,A168_HF9F_20260827_0900,2026-08-27 09:00:00,185
1226984|13|905,905,1226984,13,2026-05-03,1,-1,19,33,10,4165.4079,4096.5018,2798.0660,0.0000,68.303789,126.2245,219.2320,1.7368,1,1,171,1847886,A168_HF9F_20260827_0900,2026-08-27 09:00:00,185
1226984|14|905,905,1226984,14,2026-05-03,1,-1,8,13,6,6078.9327,6078.9327,-4080.8554,0.0000,-67.131117,467.6102,759.8666,1.6250,0,1,28,1847887,A168_HF9F_20260827_0900,2026-08-27 09:00:00,185
1226984|15|905,905,1226984,15,2026-05-03,1,-1,7,11,5,8831.1476,8831.1476,7492.3484,0.0000,84.840031,802.8316,1261.5925,1.5714,0,1,21,1847888,A168_HF9F_20260827_0900,2026-08-27 09:00:00,185
1226984|16|905,905,1226984,16,2026-05-03,1,-1,6,17,7,1563.4302,1563.4302,1135.1745,0.0000,72.607945,91.9665,260.5717,2.8333,0,1,15,1847889,A168_HF9F_20260827_0900,2026-08-27 09:00:00,185
1226984|17|905,905,1226984,17,2026-05-03,1,-1,5,13,7,1669.3575,1669.3575,999.4718,0.0000,59.871641,128.4121,333.8715,2.6000,0,1,10,1847890,A168_HF9F_20260827_0900,2026-08-27 09:00:00,185
1226984|18|905,905,1226984,18,2026-05-03,1,-1,2,10,6,121.9449,121.9449,-55.1347,0.0000,-45.212766,12.1945,60.9724,5.0000,0,1,1,1847891,A168_HF9F_20260827_0900,2026-08-27 09:00:00,185
1226984|19|905,905,1226984,19,2026-05-03,1,-1,12,21,8,2234.7952,2234.7952,-1477.7307,0.0000,-66.123763,106.4188,186.2329,1.7500,0,1,66,1847892,A168_HF9F_20260827_0900,2026-08-27 09:00:00,185
1226984|20|905,905,1226984,20,2026-05-03,1,-1,5,14,7,311.6081,311.6081,7.5372,0.0000,2.418818,22.2577,62.3216,2.8000,0,1,10,1847893,A168_HF9F_20260827_0900,2026-08-27 09:00:00,185
1226984|21|905,905,1226984,21,2026-05-03,1,-1,4,5,3,78.4711,78.4711,-2.9855,0.0000,-3.804641,15.6942,19.6178,1.2500,0,1,6,1847894,A168_HF9F_20260827_0900,2026-08-27 09:00:00,185
1226984|22|905,905,1226984,22,2026-05-03,1,-1,6,6,2,104.0227,104.0227,-46.4232,0.1891,-44.627933,17.3371,17.3371,1.0000,0,1,15,1847895,A168_HF9F_20260827_0900,2026-08-27 09:00:00,185
1226984|23|905,905,1226984,23,2026-05-03,1,-1,6,6,2,651.4464,651.4464,557.1711,0.0000,85.528317,108.5744,108.5744,1.0000,0,1,15,1847896,A168_HF9F_20260827_0900,2026-08-27 09:00:00,185
1226984|24|905,905,1226984,24,2026-05-03,1,-1,8,8,2,1634.6726,1634.6726,-1537.5077,0.0000,-94.056003,204.3341,204.3341,1.0000,0,1,28,1847897,A168_HF9F_20260827_0900,2026-08-27 09:00:00,185
1226984|25|905,905,1226984,25,2026-05-03,1,-1,7,7,2,252.3166,252.3166,241.9383,0.0000,95.886798,36.0452,36.0452,1.0000,0,1,21,1847898,A168_HF9F_20260827_0900,2026-08-27 09:00:00,185
1226984|26|905,905,1226984,26,2026-05-03,1,-1,1,1,1,36.3240,36.3240,-34.5078,0.0000,-95.000000,36.3240,36.3240,1.0000,0,0,0,1847899,A168_HF9F_20260827_0900,2026-08-27 09:00:00,185
1226984|27|905,905,1226984,27,2026-05-03,1,-1,5,5,2,253.7757,253.7757,-170.7494,0.0000,-67.283583,50.7551,50.7551,1.0000,0,1,10,1847900,A168_HF9F_20260827_0900,2026-08-27 09:00:00,185
1226984|28|905,905,1226984,28,2026-05-03,1,-1,18,28,10,1230.2598,1230.2598,-770.7812,0.0000,-62.651900,43.9379,68.3478,1.5556,0,1,153,1847901,A168_HF9F_20260827_0900,2026-08-27 09:00:00,185
1226984|29|905,905,1226984,29,2026-05-03,1,-1,14,23,10,2965.8693,2965.8693,-2215.9128,0.0000,-74.713771,128.9508,211.8478,1.6429,0,1,91,1847902,A168_HF9F_20260827_0900,2026-08-27 09:00:00,185
1226984|30|905,905,1226984,30,2026-05-03,1,-1,16,25,10,6500.8371,6500.8371,-5369.7354,0.1891,-82.600676,260.0335,406.3023,1.5625,0,1,120,1847903,A168_HF9F_20260827_0900,2026-08-27 09:00:00,185
1226984|31|905,905,1226984,31,2026-05-03,1,-1,17,19,3,6212.2760,6212.2760,-5454.5932,0.0000,-87.803459,326.9619,365.4280,1.1176,0,1,136,1847904,A168_HF9F_20260827_0900,2026-08-27 09:00:00,185
1226984|32|905,905,1226984,32,2026-05-03,1,-1,22,25,3,6731.4833,6731.4833,5692.6064,0.1680,84.566895,269.2593,305.9765,1.1364,0,1,231,1847905,A168_HF9F_20260827_0900,2026-08-27 09:00:00,185
1226984|33|905,905,1226984,33,2026-05-03,1,-1,5,5,2,220.0658,220.0658,139.1152,0.0000,63.215256,44.0132,44.0132,1.0000,0,1,10,1847906,A168_HF9F_20260827_0900,2026-08-27 09:00:00,185
1226984|34|905,905,1226984,34,2026-05-03,1,-1,6,6,1,86.7336,86.7336,-86.7336,0.0000,-100.000000,14.4556,14.4556,1.0000,0,1,15,1847907,A168_HF9F_20260827_0900,2026-08-27 09:00:00,185
1226984|35|905,905,1226984,35,2026-05-03,1,-1,4,4,1,136.2182,136.2182,136.2182,0.0000,100.000000,34.0546,34.0546,1.0000,0,1,6,1847908,A168_HF9F_20260827_0900,2026-08-27 09:00:00,185
1226984|36|905,905,1226984,36,2026-05-03,1,-1,12,14,4,2877.0656,42.0124,42.0124,0.0000,100.000000,205.5047,239.7555,1.1667,12,1,66,1847909,A168_HF9F_20260827_0900,2026-08-27 09:00:00,185
1226984|37|905,905,1226984,37,2026-05-03,1,-1,8,8,2,433.5580,433.5580,-299.8672,0.0000,-69.164262,54.1947,54.1947,1.0000,0,1,28,1847910,A168_HF9F_20260827_0900,2026-08-27 09:00:00,185
1226984|38|905,905,1226984,38,2026-05-03,1,-1,3,3,2,115.5288,115.5288,27.3133,0.0000,23.642021,38.5096,38.5096,1.0000,0,1,3,1847911,A168_HF9F_20260827_0900,2026-08-27 09:00:00,185
1226984|39|905,905,1226984,39,2026-05-03,1,-1,14,14,2,973.6667,973.6667,443.0855,0.0000,45.506903,69.5476,69.5476,1.0000,0,1,91,1847912,A168_HF9F_20260827_0900,2026-08-27 09:00:00,185
1226984|4|905,905,1226984,4,2026-05-03,1,-1,5,6,3,1036.7667,1036.7667,918.2914,0.0000,88.572614,172.7944,207.3533,1.2000,0,1,10,1847913,A168_HF9F_20260827_0900,2026-08-27 09:00:00,185
1226984|40|905,905,1226984,40,2026-05-03,1,-1,5,5,2,752.3753,752.3753,-694.5188,0.0000,-92.310164,150.4751,150.4751,1.0000,0,1,10,1847914,A168_HF9F_20260827_0900,2026-08-27 09:00:00,185
1226984|41|905,905,1226984,41,2026-05-03,1,-1,8,8,1,1809.2219,1809.2219,-1728.6267,0.0000,-95.545308,226.1527,226.1527,1.0000,0,1,28,1847915,A168_HF9F_20260827_0900,2026-08-27 09:00:00,185
1226984|42|905,905,1226984,42,2026-05-03,1,-1,4,4,2,149.5602,149.5602,-40.8939,0.0000,-27.342769,37.3901,37.3901,1.0000,0,1,6,1847916,A168_HF9F_20260827_0900,2026-08-27 09:00:00,185
1226984|43|905,905,1226984,43,2026-05-03,1,-1,14,16,3,2003.0154,2003.0154,1545.7412,0.0000,77.170710,125.1885,143.0725,1.1429,0,1,91,1847917,A168_HF9F_20260827_0900,2026-08-27 09:00:00,185
1226984|44|905,905,1226984,44,2026-05-03,1,-1,20,24,5,5521.9839,5521.9839,-417.6760,0.0945,-7.563876,230.0827,276.0992,1.2000,0,1,190,1847918,A168_HF9F_20260827_0900,2026-08-27 09:00:00,185
1226984|45|905,905,1226984,45,2026-05-03,1,-1,7,8,3,1781.4706,1781.4706,-1281.5939,0.0000,-71.940223,222.6838,254.4958,1.1429,0,1,21,1847919,A168_HF9F_20260827_0900,2026-08-27 09:00:00,185
1226984|46|905,905,1226984,46,2026-05-03,1,-1,5,6,3,188.4756,188.4756,136.5842,0.0000,72.467822,31.4126,37.6951,1.2000,0,1,10,1847920,A168_HF9F_20260827_0900,2026-08-27 09:00:00,185
1226984|47|905,905,1226984,47,2026-05-03,1,-1,3,5,4,398.6264,398.6264,203.2888,0.0000,50.997327,79.7253,132.8755,1.6667,0,1,3,1847921,A168_HF9F_20260827_0900,2026-08-27 09:00:00,185
1226984|48|905,905,1226984,48,2026-05-03,1,-1,6,7,3,955.9699,955.9699,-651.0278,0.0000,-68.101287,136.5671,159.3283,1.1667,0,1,15,1847922,A168_HF9F_20260827_0900,2026-08-27 09:00:00,185
1226984|49|905,905,1226984,49,2026-05-03,1,-1,3,3,1,104.5087,104.5087,104.5087,0.0000,100.000000,34.8362,34.8362,1.0000,0,1,3,1847923,A168_HF9F_20260827_0900,2026-08-27 09:00:00,185
1226984|5|905,905,1226984,5,2026-05-03,1,-1,4,5,3,203.8532,203.8532,11.3359,0.0000,5.560838,40.7706,50.9633,1.2500,0,1,6,1847924,A168_HF9F_20260827_0900,2026-08-27 09:00:00,185
1226984|50|905,905,1226984,50,2026-05-03,1,-1,6,10,4,483.0238,19.4437,-79.9270,0.0000,-411.069647,48.3024,80.5040,1.6667,6,1,15,1847925,A168_HF9F_20260827_0900,2026-08-27 09:00:00,185
1226984|51|905,905,1226984,51,2026-05-03,1,-1,5,6,3,536.5942,536.5942,-433.1432,0.0000,-80.720799,89.4324,107.3188,1.2000,0,1,10,1847926,A168_HF9F_20260827_0900,2026-08-27 09:00:00,185
1226984|52|905,905,1226984,52,2026-05-03,1,-1,12,12,2,1959.4405,1959.4405,-1500.4681,0.0000,-76.576356,163.2867,163.2867,1.0000,0,1,66,1847927,A168_HF9F_20260827_0900,2026-08-27 09:00:00,185
1226984|53|905,905,1226984,53,2026-05-03,1,-1,12,15,4,1870.4789,1862.0764,1536.1377,0.0000,82.495952,124.6986,155.8732,1.2500,1,1,66,1847928,A168_HF9F_20260827_0900,2026-08-27 09:00:00,185
1226984|54|905,905,1226984,54,2026-05-03,1,-1,5,5,2,1763.0035,1763.0035,862.7019,0.0000,48.933645,352.6007,352.6007,1.0000,0,1,10,1847929,A168_HF9F_20260827_0900,2026-08-27 09:00:00,185
1226984|6|905,905,1226984,6,2026-05-03,1,-1,5,6,3,283.7256,283.7256,193.5143,0.0000,68.204735,47.2876,56.7451,1.2000,0,1,10,1847930,A168_HF9F_20260827_0900,2026-08-27 09:00:00,185
1226984|7|905,905,1226984,7,2026-05-03,1,-1,5,7,4,68.3958,68.3958,-31.6042,0.0000,-46.207897,9.7708,13.6792,1.4000,0,1,10,1847931,A168_HF9F_20260827_0900,2026-08-27 09:00:00,185
1226984|8|905,905,1226984,8,2026-05-03,1,-1,4,8,5,917.2727,917.2727,-717.5841,0.0000,-78.230182,114.6591,229.3182,2.0000,0,1,6,1847932,A168_HF9F_20260827_0900,2026-08-27 09:00:00,185
1226984|9|905,905,1226984,9,2026-05-03,1,-1,15,20,6,1308.1666,1308.1666,-257.5996,0.1891,-19.691654,65.4083,87.2111,1.3333,0,1,105,1847933,A168_HF9F_20260827_0900,2026-08-27 09:00:00,185
1227028|1|905,905,1227028,1,2026-05-03,1,-1,2,2,1,2627.6246,2627.6246,2627.6246,0.0000,100.000000,1313.8123,1313.8123,1.0000,0,1,1,1847934,A168_HF9F_20260827_0900,2026-08-27 09:00:00,185
1227028|10|905,905,1227028,10,2026-05-03,1,-1,8,8,2,2618.8559,2618.8559,280.7455,0.0000,10.720160,327.3570,327.3570,1.0000,0,1,28,1847935,A168_HF9F_20260827_0900,2026-08-27 09:00:00,185
1227028|11|905,905,1227028,11,2026-05-03,1,-1,5,6,3,459.9285,459.9285,447.3248,0.0000,97.259635,76.6547,91.9857,1.2000,0,1,10,1847936,A168_HF9F_20260827_0900,2026-08-27 09:00:00,185
1227028|12|905,905,1227028,12,2026-05-03,1,-1,10,13,3,1540.5633,1540.5633,-210.4359,0.0000,-13.659671,118.5049,154.0563,1.3000,0,1,45,1847937,A168_HF9F_20260827_0900,2026-08-27 09:00:00,185
1227028|13|905,905,1227028,13,2026-05-03,1,-1,4,6,4,780.8879,780.8879,-731.8222,0.0000,-93.716686,130.1480,195.2220,1.5000,0,1,6,1847938,A168_HF9F_20260827_0900,2026-08-27 09:00:00,185
1227028|14|905,905,1227028,14,2026-05-03,1,-1,14,22,8,978.2684,978.2684,-592.1216,0.0000,-60.527517,44.4667,69.8763,1.5714,0,1,91,1847939,A168_HF9F_20260827_0900,2026-08-27 09:00:00,185
1227028|15|905,905,1227028,15,2026-05-03,1,-1,12,20,8,1448.0760,1448.0760,-1278.1857,0.3361,-88.267862,72.4038,120.6730,1.6667,0,1,66,1847940,A168_HF9F_20260827_0900,2026-08-27 09:00:00,185
1227028|16|905,905,1227028,16,2026-05-03,1,-1,19,28,7,1531.1707,1531.1707,-1146.6755,0.3697,-74.888811,54.6847,80.5879,1.4737,0,1,171,1847941,A168_HF9F_20260827_0900,2026-08-27 09:00:00,185
1227028|17|905,905,1227028,17,2026-05-03,1,-1,22,32,7,2825.3955,2825.3955,-2122.6167,0.3361,-75.126355,88.2936,128.4271,1.4545,0,1,231,1847942,A168_HF9F_20260827_0900,2026-08-27 09:00:00,185
1227028|18|905,905,1227028,18,2026-05-03,1,-1,16,27,7,1967.2379,1967.2379,-122.3606,0.3361,-6.219917,72.8607,122.9524,1.6875,0,1,120,1847943,A168_HF9F_20260827_0900,2026-08-27 09:00:00,185
1227028|19|905,905,1227028,19,2026-05-03,1,-1,26,35,8,4328.3285,4328.3285,-718.8101,0.0786,-16.607107,123.6665,166.4742,1.3462,0,1,325,1847944,A168_HF9F_20260827_0900,2026-08-27 09:00:00,185
1227028|2|905,905,1227028,2,2026-05-03,1,-1,1,1,1,252.4519,252.4519,-239.8293,0.0000,-95.000000,252.4519,252.4519,1.0000,0,0,0,1847945,A168_HF9F_20260827_0900,2026-08-27 09:00:00,185
1227028|20|905,905,1227028,20,2026-05-03,1,-1,11,19,7,989.1551,989.1551,-852.1726,0.0000,-86.151570,52.0608,89.9232,1.7273,0,1,55,1847946,A168_HF9F_20260827_0900,2026-08-27 09:00:00,185
1227028|21|905,905,1227028,21,2026-05-03,1,-1,9,18,8,542.9488,542.9488,262.9284,0.0079,48.425995,30.1638,60.3276,2.0000,0,1,36,1847947,A168_HF9F_20260827_0900,2026-08-27 09:00:00,185
1227028|22|905,905,1227028,22,2026-05-03,1,-1,7,16,7,385.2280,383.4822,383.4822,0.0079,100.000000,24.0767,55.0326,2.2857,1,1,21,1847948,A168_HF9F_20260827_0900,2026-08-27 09:00:00,185
1227028|23|905,905,1227028,23,2026-05-03,1,-1,6,14,7,1153.7955,1153.7955,-1079.9737,0.0000,-93.601828,82.4140,192.2993,2.3333,0,1,15,1847949,A168_HF9F_20260827_0900,2026-08-27 09:00:00,185
1227028|24|905,905,1227028,24,2026-05-03,1,-1,10,18,7,2134.9621,1638.5585,-1086.5741,0.0000,-66.312806,118.6090,213.4962,1.8000,0,1,45,1847950,A168_HF9F_20260827_0900,2026-08-27 09:00:00,185
1227028|25|905,905,1227028,25,2026-05-03,1,-1,15,24,8,2396.6651,2396.6651,2058.9822,0.3361,85.910299,99.8610,159.7777,1.6000,0,1,105,1847951,A168_HF9F_20260827_0900,2026-08-27 09:00:00,185
1227028|26|905,905,1227028,26,2026-05-03,1,-1,8,18,8,941.5845,941.5845,-568.7332,0.0000,-60.401713,52.3103,117.6981,2.2500,0,1,28,1847952,A168_HF9F_20260827_0900,2026-08-27 09:00:00,185
1227028|27|905,905,1227028,27,2026-05-03,1,-1,4,12,7,214.9803,214.9803,-138.1311,0.0000,-64.252891,17.9150,53.7451,3.0000,0,1,6,1847953,A168_HF9F_20260827_0900,2026-08-27 09:00:00,185
1227028|28|905,905,1227028,28,2026-05-03,1,-1,5,13,6,853.0464,853.0464,-774.6217,0.9453,-90.806511,65.6190,170.6093,2.6000,0,1,10,1847954,A168_HF9F_20260827_0900,2026-08-27 09:00:00,185
1227028|29|905,905,1227028,29,2026-05-03,1,-1,10,21,8,562.5147,562.5147,-77.6074,0.3361,-13.796505,26.7864,56.2515,2.1000,0,1,45,1847955,A168_HF9F_20260827_0900,2026-08-27 09:00:00,185
1227028|3|905,905,1227028,3,2026-05-03,1,-1,2,2,1,40.7378,0.0000,0.0000,0.0000,,20.3689,20.3689,1.0000,2,1,1,1847956,A168_HF9F_20260827_0900,2026-08-27 09:00:00,185
1227028|30|905,905,1227028,30,2026-05-03,1,-1,13,25,8,2215.6110,2215.6110,-1732.7417,0.3361,-78.206041,88.6244,170.4316,1.9231,0,1,78,1847957,A168_HF9F_20260827_0900,2026-08-27 09:00:00,185
1227028|31|905,905,1227028,31,2026-05-03,1,-1,7,16,8,1091.5372,1091.5372,-894.3149,0.0000,-81.931695,68.2211,155.9339,2.2857,0,1,21,1847958,A168_HF9F_20260827_0900,2026-08-27 09:00:00,185
1227028|32|905,905,1227028,32,2026-05-03,1,-1,10,23,7,1879.6187,1879.6187,-1788.8755,0.0000,-95.172256,81.7226,187.9619,2.3000,0,1,45,1847959,A168_HF9F_20260827_0900,2026-08-27 09:00:00,185
1227028|33|905,905,1227028,33,2026-05-03,1,-1,20,31,8,18032.5269,33.2355,-9.0212,0.0000,-27.143401,581.6944,901.6263,1.5500,20,1,190,1847960,A168_HF9F_20260827_0900,2026-08-27 09:00:00,185
1227028|34|905,905,1227028,34,2026-05-03,1,-1,12,26,8,1303.6572,1303.6572,-641.0262,0.3361,-49.171378,50.1407,108.6381,2.1667,0,1,66,1847961,A168_HF9F_20260827_0900,2026-08-27 09:00:00,185
1227028|35|905,905,1227028,35,2026-05-03,1,-1,6,15,8,1653.7127,1653.7127,1553.7800,0.0000,93.957064,110.2475,275.6188,2.5000,0,1,15,1847962,A168_HF9F_20260827_0900,2026-08-27 09:00:00,185
1227028|36|905,905,1227028,36,2026-05-03,1,-1,6,17,8,972.7936,32.2476,13.3420,0.0000,41.373657,57.2232,162.1323,2.8333,6,1,15,1847963,A168_HF9F_20260827_0900,2026-08-27 09:00:00,185
1227028|37|905,905,1227028,37,2026-05-03,1,-1,4,18,7,197.3229,197.3229,197.3229,0.0000,100.000000,10.9624,49.3307,4.5000,0,1,6,1847964,A168_HF9F_20260827_0900,2026-08-27 09:00:00,185
1227028|38|905,905,1227028,38,2026-05-03,1,-1,3,4,2,1142.9534,1142.9534,-1009.1026,0.0000,-88.289040,285.7384,380.9845,1.3333,0,1,3,1847965,A168_HF9F_20260827_0900,2026-08-27 09:00:00,185
1227028|4|905,905,1227028,4,2026-05-03,1,-1,2,2,2,46.2136,46.2136,-37.8112,0.0000,-81.818182,23.1068,23.1068,1.0000,0,1,1,1847966,A168_HF9F_20260827_0900,2026-08-27 09:00:00,185
1227028|40|905,905,1227028,40,2026-05-03,1,-1,4,4,2,944.8708,0.0000,0.0000,0.0000,,236.2177,236.2177,1.0000,4,1,6,1847967,A168_HF9F_20260827_0900,2026-08-27 09:00:00,185
1227028|41|905,905,1227028,41,2026-05-03,1,-1,2,2,2,73.3969,73.3969,-52.6403,0.0000,-71.720082,36.6984,36.6984,1.0000,0,1,1,1847968,A168_HF9F_20260827_0900,2026-08-27 09:00:00,185
1227028|42|905,905,1227028,42,2026-05-03,1,-1,4,6,3,740.8107,740.8107,-707.0944,0.0000,-95.448726,123.4685,185.2027,1.5000,0,1,6,1847969,A168_HF9F_20260827_0900,2026-08-27 09:00:00,185
1227028|43|905,905,1227028,43,2026-05-03,1,-1,2,2,1,65.9457,65.9457,65.9457,0.0000,100.000000,32.9729,32.9729,1.0000,0,1,1,1847970,A168_HF9F_20260827_0900,2026-08-27 09:00:00,185
1227028|44|905,905,1227028,44,2026-05-03,1,-1,6,10,4,346.6015,346.6015,346.6015,0.3361,100.000000,34.6602,57.7669,1.6667,0,1,15,1847971,A168_HF9F_20260827_0900,2026-08-27 09:00:00,185
1227028|45|905,905,1227028,45,2026-05-03,1,-1,7,9,4,1042.9350,1042.9350,-787.6520,0.0000,-75.522635,115.8817,148.9907,1.2857,0,1,21,1847972,A168_HF9F_20260827_0900,2026-08-27 09:00:00,185
1227028|46|905,905,1227028,46,2026-05-03,1,-1,10,19,8,2352.9060,2186.8533,-1595.9364,0.0000,-72.978667,123.8372,235.2906,1.9000,1,1,45,1847973,A168_HF9F_20260827_0900,2026-08-27 09:00:00,185
1227028|47|905,905,1227028,47,2026-05-03,1,-1,14,30,8,3326.9276,149.9965,-426.0144,0.1849,-284.016164,110.8976,237.6377,2.1429,15,1,91,1847974,A168_HF9F_20260827_0900,2026-08-27 09:00:00,185
1227028|48|905,905,1227028,48,2026-05-03,1,-1,9,18,8,1355.9042,1355.9042,1052.8333,0.4369,77.648054,75.3280,150.6560,2.0000,0,1,36,1847975,A168_HF9F_20260827_0900,2026-08-27 09:00:00,185
1227028|49|905,905,1227028,49,2026-05-03,1,-1,5,12,7,161.2248,161.2248,30.9864,0.6722,19.219369,13.4354,32.2450,2.4000,0,1,10,1847976,A168_HF9F_20260827_0900,2026-08-27 09:00:00,185
1227028|5|905,905,1227028,5,2026-05-03,1,-1,2,2,2,84.1390,84.1390,71.5353,0.0000,85.020366,42.0695,42.0695,1.0000,0,1,1,1847977,A168_HF9F_20260827_0900,2026-08-27 09:00:00,185
1227028|50|905,905,1227028,50,2026-05-03,1,-1,8,14,8,1777.3885,23.1068,-14.7043,0.1849,-63.636364,126.9563,222.1736,1.7500,8,1,28,1847978,A168_HF9F_20260827_0900,2026-08-27 09:00:00,185
1227028|51|905,905,1227028,51,2026-05-03,1,-1,7,11,6,1557.0208,1557.0208,1209.2581,0.6218,77.664867,141.5473,222.4315,1.5714,0,1,21,1847979,A168_HF9F_20260827_0900,2026-08-27 09:00:00,185
1227028|52|905,905,1227028,52,2026-05-03,1,-1,3,7,6,83.5155,16.8050,-21.0062,0.1344,-125.000000,11.9308,27.8385,2.3333,3,1,3,1847980,A168_HF9F_20260827_0900,2026-08-27 09:00:00,185
1227028|53|905,905,1227028,53,2026-05-03,1,-1,3,6,5,114.6921,114.6921,109.6506,0.2689,95.604330,19.1154,38.2307,2.0000,0,1,3,1847981,A168_HF9F_20260827_0900,2026-08-27 09:00:00,185
1227028|6|905,905,1227028,6,2026-05-03,1,-1,3,3,2,252.9552,252.9552,-227.5997,0.0000,-89.976300,84.3184,84.3184,1.0000,0,1,3,1847982,A168_HF9F_20260827_0900,2026-08-27 09:00:00,185
1227028|7|905,905,1227028,7,2026-05-03,1,-1,6,9,5,1160.2263,1160.2263,-714.8950,0.0000,-61.616854,128.9140,193.3711,1.5000,0,1,15,1847983,A168_HF9F_20260827_0900,2026-08-27 09:00:00,185
1227028|8|905,905,1227028,8,2026-05-03,1,-1,4,4,2,213.5567,213.5567,-189.7510,0.0000,-88.852765,53.3892,53.3892,1.0000,0,1,6,1847984,A168_HF9F_20260827_0900,2026-08-27 09:00:00,185
1227028|9|905,905,1227028,9,2026-05-03,1,-1,5,9,6,257.1538,257.1538,-146.4072,0.0000,-56.933717,28.5726,51.4308,1.8000,0,1,10,1847985,A168_HF9F_20260827_0900,2026-08-27 09:00:00,185
1227065|1|905,905,1227065,1,2026-05-03,1,-1,2,2,1,28.5403,28.5403,-28.5403,0.0000,-100.000000,14.2701,14.2701,1.0000,0,1,1,1847986,A168_HF9F_20260827_0900,2026-08-27 09:00:00,185
1227065|10|905,905,1227065,10,2026-05-03,1,-1,1,1,1,5.1891,5.1891,-5.1891,0.0000,-100.000000,5.1891,5.1891,1.0000,0,0,0,1847987,A168_HF9F_20260827_0900,2026-08-27 09:00:00,185
1227065|11|905,905,1227065,11,2026-05-03,1,-1,9,11,3,228.2477,228.2477,-38.6857,0.0000,-16.949002,20.7498,25.3609,1.2222,0,1,36,1847988,A168_HF9F_20260827_0900,2026-08-27 09:00:00,185
1227065|12|905,905,1227065,12,2026-05-03,1,-1,2,4,4,79.6337,79.6337,6.2722,0.0000,7.876267,19.9084,39.8168,2.0000,0,1,1,1847989,A168_HF9F_20260827_0900,2026-08-27 09:00:00,185
1227065|13|905,905,1227065,13,2026-05-03,1,-1,2,3,2,156.3019,156.3019,-152.1006,0.0000,-97.312099,52.1006,78.1509,1.5000,0,1,1,1847990,A168_HF9F_20260827_0900,2026-08-27 09:00:00,185
1227065|14|905,905,1227065,14,2026-05-03,1,-1,3,5,3,60.4025,60.4025,60.4025,0.0000,100.000000,12.0805,20.1342,1.6667,0,1,3,1847991,A168_HF9F_20260827_0900,2026-08-27 09:00:00,185
1227065|15|905,905,1227065,15,2026-05-03,1,-1,5,7,4,198.7106,198.7106,-71.7043,0.0000,-36.084791,28.3872,39.7421,1.4000,0,1,10,1847992,A168_HF9F_20260827_0900,2026-08-27 09:00:00,185
1227065|16|905,905,1227065,16,2026-05-03,1,-1,7,8,3,2161.6155,2161.6155,1925.3431,0.3361,89.069641,270.2019,308.8022,1.1429,0,1,21,1847993,A168_HF9F_20260827_0900,2026-08-27 09:00:00,185
1227065|17|905,905,1227065,17,2026-05-03,1,-1,3,4,3,69.8053,69.8053,39.4270,0.0000,56.481374,17.4513,23.2684,1.3333,0,1,3,1847994,A168_HF9F_20260827_0900,2026-08-27 09:00:00,185
1227065|18|905,905,1227065,18,2026-05-03,1,-1,1,1,1,10.0000,10.0000,-10.0000,0.0000,-100.000000,10.0000,10.0000,1.0000,0,0,0,1847995,A168_HF9F_20260827_0900,2026-08-27 09:00:00,185
1227065|19|905,905,1227065,19,2026-05-03,1,-1,7,10,5,3574.6013,3574.6013,-1673.8556,0.0000,-46.826358,357.4601,510.6573,1.4286,0,1,21,1847996,A168_HF9F_20260827_0900,2026-08-27 09:00:00,185
1227065|2|905,905,1227065,2,2026-05-03,1,-1,4,4,2,370.7250,370.7250,-299.0649,0.0000,-80.670278,92.6813,92.6813,1.0000,0,1,6,1847997,A168_HF9F_20260827_0900,2026-08-27 09:00:00,185
1227065|20|905,905,1227065,20,2026-05-03,1,-1,9,12,5,2209.3831,2209.3831,-2074.9434,0.0000,-93.915059,184.1153,245.4870,1.3333,0,1,36,1847998,A168_HF9F_20260827_0900,2026-08-27 09:00:00,185
1227065|21|905,905,1227065,21,2026-05-03,1,-1,13,14,3,4187.8411,4187.8411,-3915.7445,0.0000,-93.502701,299.1315,322.1416,1.0769,0,1,78,1847999,A168_HF9F_20260827_0900,2026-08-27 09:00:00,185
1227065|22|905,905,1227065,22,2026-05-03,1,-1,21,32,8,11302.1148,11302.1148,10688.4138,0.2622,94.570034,353.1911,538.1959,1.5238,0,1,210,1848000,A168_HF9F_20260827_0900,2026-08-27 09:00:00,185
1227065|23|905,905,1227065,23,2026-05-03,1,-1,14,22,8,3123.1075,190.6501,77.2166,0.1361,40.501742,141.9594,223.0791,1.5714,14,1,91,1848001,A168_HF9F_20260827_0900,2026-08-27 09:00:00,185
1227065|24|905,905,1227065,24,2026-05-03,1,-1,9,9,3,2065.6968,2065.6968,-1870.4443,0.1160,-90.547863,229.5219,229.5219,1.0000,0,1,36,1848002,A168_HF9F_20260827_0900,2026-08-27 09:00:00,185
1227065|25|905,905,1227065,25,2026-05-03,1,-1,7,8,2,1842.4926,1842.4926,1842.4926,0.2319,100.000000,230.3116,263.2132,1.1429,0,1,21,1848003,A168_HF9F_20260827_0900,2026-08-27 09:00:00,185
1227065|26|905,905,1227065,26,2026-05-03,1,-1,6,7,2,2203.1251,2203.1251,2203.1251,0.1680,100.000000,314.7322,367.1875,1.1667,0,1,15,1848004,A168_HF9F_20260827_0900,2026-08-27 09:00:00,185
1227065|28|905,905,1227065,28,2026-05-03,1,-1,2,3,3,488.3440,488.3440,412.4527,0.0000,84.459471,162.7813,244.1720,1.5000,0,1,1,1848005,A168_HF9F_20260827_0900,2026-08-27 09:00:00,185
1227065|29|905,905,1227065,29,2026-05-03,1,-1,1,1,1,12.9729,12.9729,-103.7829,0.0000,-800.000000,12.9729,12.9729,1.0000,0,0,0,1848006,A168_HF9F_20260827_0900,2026-08-27 09:00:00,185
1227065|3|905,905,1227065,3,2026-05-03,1,-1,2,2,1,516.3199,516.3199,-516.3199,0.0000,-100.000000,258.1599,258.1599,1.0000,0,1,1,1848007,A168_HF9F_20260827_0900,2026-08-27 09:00:00,185
1227065|30|905,905,1227065,30,2026-05-03,1,-1,3,3,3,464.3714,464.3714,460.4251,0.0000,99.150178,154.7905,154.7905,1.0000,0,1,3,1848008,A168_HF9F_20260827_0900,2026-08-27 09:00:00,185
1227065|31|905,905,1227065,31,2026-05-03,1,-1,1,1,1,64.8643,64.8643,64.8643,0.0000,100.000000,64.8643,64.8643,1.0000,0,0,0,1848009,A168_HF9F_20260827_0900,2026-08-27 09:00:00,185
1227065|32|905,905,1227065,32,2026-05-03,1,-1,1,1,1,25.9457,25.9457,25.9457,0.0000,100.000000,25.9457,25.9457,1.0000,0,0,0,1848010,A168_HF9F_20260827_0900,2026-08-27 09:00:00,185
1227065|33|905,905,1227065,33,2026-05-03,1,-1,2,2,2,924.7965,924.7965,823.6082,0.0000,89.058315,462.3982,462.3982,1.0000,0,1,1,1848011,A168_HF9F_20260827_0900,2026-08-27 09:00:00,185
1227065|34|905,905,1227065,34,2026-05-03,1,-1,2,2,2,121.4902,121.4902,-48.7263,0.0000,-40.107136,60.7451,60.7451,1.0000,0,1,1,1848012,A168_HF9F_20260827_0900,2026-08-27 09:00:00,185
1227065|35|905,905,1227065,35,2026-05-03,1,-1,9,15,7,4803.0846,4803.0846,-3886.8622,0.0000,-80.924291,320.2056,533.6761,1.6667,0,1,36,1848013,A168_HF9F_20260827_0900,2026-08-27 09:00:00,185
1227065|36|905,905,1227065,36,2026-05-03,1,-1,4,5,3,1035.5629,1035.5629,-857.2994,0.0000,-82.785832,207.1126,258.8907,1.2500,0,1,6,1848014,A168_HF9F_20260827_0900,2026-08-27 09:00:00,185
1227065|37|905,905,1227065,37,2026-05-03,1,-1,7,7,2,4801.3066,4801.3066,-4308.2705,0.0000,-89.731210,685.9009,685.9009,1.0000,0,1,21,1848015,A168_HF9F_20260827_0900,2026-08-27 09:00:00,185
1227065|38|905,905,1227065,38,2026-05-03,1,-1,11,16,6,6247.2962,5987.8390,-5499.8216,0.0000,-91.849859,390.4560,567.9360,1.4545,1,1,55,1848016,A168_HF9F_20260827_0900,2026-08-27 09:00:00,185
1227065|39|905,905,1227065,39,2026-05-03,1,-1,10,10,2,4644.1377,4644.1377,-4275.1872,0.0000,-92.055566,464.4138,464.4138,1.0000,0,1,45,1848017,A168_HF9F_20260827_0900,2026-08-27 09:00:00,185
1227065|4|905,905,1227065,4,2026-05-03,1,-1,2,2,2,49.7961,0.0000,0.0000,0.0000,,24.8981,24.8981,1.0000,2,1,1,1848018,A168_HF9F_20260827_0900,2026-08-27 09:00:00,185
1227065|40|905,905,1227065,40,2026-05-03,1,-1,11,12,3,4500.2592,4500.2592,4292.6935,1.3781,95.387693,375.0216,409.1145,1.0909,0,1,55,1848019,A168_HF9F_20260827_0900,2026-08-27 09:00:00,185
1227065|41|905,905,1227065,41,2026-05-03,1,-1,3,3,2,940.1249,940.1249,-847.6976,0.0000,-90.168618,313.3750,313.3750,1.0000,0,1,3,1848020,A168_HF9F_20260827_0900,2026-08-27 09:00:00,185
1227065|42|905,905,1227065,42,2026-05-03,1,-1,6,10,4,3150.8777,3150.8777,3024.8405,0.0000,95.999934,315.0878,525.1463,1.6667,0,1,15,1848021,A168_HF9F_20260827_0900,2026-08-27 09:00:00,185
1227065|43|905,905,1227065,43,2026-05-03,1,-1,5,10,6,2593.2683,2593.2683,2341.1939,0.0000,90.279665,259.3268,518.6537,2.0000,0,1,10,1848022,A168_HF9F_20260827_0900,2026-08-27 09:00:00,185
1227065|44|905,905,1227065,44,2026-05-03,1,-1,1,1,1,103.7829,103.7829,103.7829,0.0000,100.000000,103.7829,103.7829,1.0000,0,0,0,1848023,A168_HF9F_20260827_0900,2026-08-27 09:00:00,185
1227065|45|905,905,1227065,45,2026-05-03,1,-1,1,1,1,37.8112,37.8112,-35.9206,0.0000,-95.000000,37.8112,37.8112,1.0000,0,0,0,1848024,A168_HF9F_20260827_0900,2026-08-27 09:00:00,185
1227065|46|905,905,1227065,46,2026-05-03,1,-1,2,3,2,163.9283,163.9283,163.9283,0.0000,100.000000,54.6428,81.9642,1.5000,0,1,1,1848025,A168_HF9F_20260827_0900,2026-08-27 09:00:00,185
1227065|47|905,905,1227065,47,2026-05-03,1,-1,6,6,2,515.5408,515.5408,494.5346,0.0000,95.925406,85.9235,85.9235,1.0000,0,1,15,1848026,A168_HF9F_20260827_0900,2026-08-27 09:00:00,185
1227065|48|905,905,1227065,48,2026-05-03,1,-1,2,6,6,376.2130,376.2130,168.7769,0.0000,44.862069,62.7022,188.1065,3.0000,0,1,1,1848027,A168_HF9F_20260827_0900,2026-08-27 09:00:00,185
1227065|5|905,905,1227065,5,2026-05-03,1,-1,2,2,2,1089.1454,0.0000,0.0000,0.0000,,544.5727,544.5727,1.0000,2,1,1,1848028,A168_HF9F_20260827_0900,2026-08-27 09:00:00,185
1227065|50|905,905,1227065,50,2026-05-03,1,-1,3,6,5,954.8337,954.8337,824.5862,0.0000,86.359141,159.1390,318.2779,2.0000,0,1,3,1848029,A168_HF9F_20260827_0900,2026-08-27 09:00:00,185
1227065|51|905,905,1227065,51,2026-05-03,1,-1,1,1,1,129.7286,129.7286,-129.7286,0.0000,-100.000000,129.7286,129.7286,1.0000,0,0,0,1848030,A168_HF9F_20260827_0900,2026-08-27 09:00:00,185
1227065|52|905,905,1227065,52,2026-05-03,1,-1,2,2,1,959.0377,959.0377,959.0377,0.0000,100.000000,479.5188,479.5188,1.0000,0,1,1,1848031,A168_HF9F_20260827_0900,2026-08-27 09:00:00,185
1227065|53|905,905,1227065,53,2026-05-03,1,-1,2,2,1,1072.9050,1072.9050,-1029.2598,0.0000,-95.932049,536.4525,536.4525,1.0000,0,1,1,1848032,A168_HF9F_20260827_0900,2026-08-27 09:00:00,185
1227065|54|905,905,1227065,54,2026-05-03,1,-1,8,9,3,460.3860,460.3860,-280.3860,0.8481,-60.902377,51.1540,57.5483,1.1250,0,1,28,1848033,A168_HF9F_20260827_0900,2026-08-27 09:00:00,185
1227065|6|905,905,1227065,6,2026-05-03,1,-1,1,1,1,7.7837,7.7837,-7.7837,0.0000,-100.000000,7.7837,7.7837,1.0000,0,0,0,1848034,A168_HF9F_20260827_0900,2026-08-27 09:00:00,185
1227065|7|905,905,1227065,7,2026-05-03,1,-1,2,2,2,274.8708,0.0000,0.0000,0.0000,,137.4354,137.4354,1.0000,2,1,1,1848035,A168_HF9F_20260827_0900,2026-08-27 09:00:00,185
1227065|8|905,905,1227065,8,2026-05-03,1,-1,1,1,1,6.4864,6.4864,6.4864,0.0000,100.000000,6.4864,6.4864,1.0000,0,0,0,1848036,A168_HF9F_20260827_0900,2026-08-27 09:00:00,185
1227065|9|905,905,1227065,9,2026-05-03,1,-1,1,1,1,7.7837,7.7837,-7.7837,0.0000,-100.000000,7.7837,7.7837,1.0000,0,0,0,1848037,A168_HF9F_20260827_0900,2026-08-27 09:00:00,185
1227103|10|905,905,1227103,10,2026-05-03,1,-1,2,4,3,99.3426,99.3426,-84.2566,0.0000,-84.814207,24.8357,49.6713,2.0000,0,1,1,1848038,A168_HF9F_20260827_0900,2026-08-27 09:00:00,185
1227103|11|905,905,1227103,11,2026-05-03,1,-1,3,5,4,1418.0427,1418.0427,-1376.5295,0.0000,-97.072503,283.6085,472.6809,1.6667,0,1,3,1848039,A168_HF9F_20260827_0900,2026-08-27 09:00:00,185
1227103|12|905,905,1227103,12,2026-05-03,1,-1,2,4,4,54.9853,54.9853,-29.0395,0.0000,-52.813310,13.7463,27.4926,2.0000,0,1,1,1848040,A168_HF9F_20260827_0900,2026-08-27 09:00:00,185
1227103|13|905,905,1227103,13,2026-05-03,1,-1,5,9,5,373.9103,373.9103,-125.8271,1.6805,-33.651685,41.5456,74.7821,1.8000,0,1,10,1848041,A168_HF9F_20260827_0900,2026-08-27 09:00:00,185
1227103|14|905,905,1227103,14,2026-05-03,1,-1,1,1,1,12.9729,12.9729,12.9729,0.0000,100.000000,12.9729,12.9729,1.0000,0,0,0,1848042,A168_HF9F_20260827_0900,2026-08-27 09:00:00,185
1227103|15|905,905,1227103,15,2026-05-03,1,-1,2,2,1,907.1048,907.1048,907.1048,0.0000,100.000000,453.5524,453.5524,1.0000,0,1,1,1848043,A168_HF9F_20260827_0900,2026-08-27 09:00:00,185
1227103|18|905,905,1227103,18,2026-05-03,1,-1,2,2,1,57.0806,57.0806,-54.2266,0.0000,-95.000000,28.5403,28.5403,1.0000,0,1,1,1848044,A168_HF9F_20260827_0900,2026-08-27 09:00:00,185
1227103|19|905,905,1227103,19,2026-05-03,1,-1,10,10,2,1419.4362,1419.4362,-1100.0747,1.6805,-77.500821,141.9436,141.9436,1.0000,0,1,45,1848045,A168_HF9F_20260827_0900,2026-08-27 09:00:00,185
1227103|20|905,905,1227103,20,2026-05-03,1,-1,9,17,8,8271.7580,8271.7580,-7849.3057,2.9342,-94.892835,486.5740,919.0842,1.8889,0,1,36,1848046,A168_HF9F_20260827_0900,2026-08-27 09:00:00,185
1227103|21|905,905,1227103,21,2026-05-03,1,-1,12,12,2,3610.3137,0.0000,0.0000,0.0000,,300.8595,300.8595,1.0000,12,1,66,1848047,A168_HF9F_20260827_0900,2026-08-27 09:00:00,185
1227103|22|905,905,1227103,22,2026-05-03,1,-1,11,12,3,1170.1079,1170.1079,-254.1287,1.8485,-21.718399,97.5090,106.3734,1.0909,0,1,55,1848048,A168_HF9F_20260827_0900,2026-08-27 09:00:00,185
1227103|23|905,905,1227103,23,2026-05-03,1,-1,8,8,2,1182.0862,1182.0862,-596.3273,0.8402,-50.447024,147.7608,147.7608,1.0000,0,1,28,1848049,A168_HF9F_20260827_0900,2026-08-27 09:00:00,185
1227103|24|905,905,1227103,24,2026-05-03,1,-1,3,3,2,54.9061,54.9061,-47.1014,0.0000,-85.785337,18.3020,18.3020,1.0000,0,1,3,1848050,A168_HF9F_20260827_0900,2026-08-27 09:00:00,185
1227103|25|905,905,1227103,25,2026-05-03,1,-1,2,2,2,57.0806,57.0806,-51.8914,0.0000,-90.909091,28.5403,28.5403,1.0000,0,1,1,1848051,A168_HF9F_20260827_0900,2026-08-27 09:00:00,185
1227103|26|905,905,1227103,26,2026-05-03,1,-1,2,2,2,58.1933,58.1933,45.5896,0.0000,78.341634,29.0967,29.0967,1.0000,0,1,1,1848052,A168_HF9F_20260827_0900,2026-08-27 09:00:00,185
1227103|27|905,905,1227103,27,2026-05-03,1,-1,7,7,2,289.7448,289.7448,185.9620,0.8402,64.181283,41.3921,41.3921,1.0000,0,1,21,1848053,A168_HF9F_20260827_0900,2026-08-27 09:00:00,185
1227103|28|905,905,1227103,28,2026-05-03,1,-1,3,4,2,467.0196,467.0196,-462.8184,0.0000,-99.100415,116.7549,155.6732,1.3333,0,1,3,1848054,A168_HF9F_20260827_0900,2026-08-27 09:00:00,185
1227103|29|905,905,1227103,29,2026-05-03,1,-1,8,11,5,707.8660,707.8660,-441.0728,0.0000,-62.310212,64.3515,88.4832,1.3750,0,1,28,1848055,A168_HF9F_20260827_0900,2026-08-27 09:00:00,185
1227103|3|905,905,1227103,3,2026-05-03,1,-1,1,2,2,75.2394,75.2394,-58.1395,0.0000,-77.272727,37.6197,75.2394,2.0000,0,0,0,1848056,A168_HF9F_20260827_0900,2026-08-27 09:00:00,185
1227103|30|905,905,1227103,30,2026-05-03,1,-1,6,6,2,1294.1465,1294.1465,-1210.0303,0.0874,-93.500259,215.6911,215.6911,1.0000,0,1,15,1848057,A168_HF9F_20260827_0900,2026-08-27 09:00:00,185
1227103|31|905,905,1227103,31,2026-05-03,1,-1,8,8,3,605.6640,6.4864,-51.8914,0.0000,-800.000000,75.7080,75.7080,1.0000,7,1,28,1848058,A168_HF9F_20260827_0900,2026-08-27 09:00:00,185
1227103|32|905,905,1227103,32,2026-05-03,1,-1,8,9,2,1171.7481,1171.7481,-1167.5469,0.0000,-99.641455,130.1942,146.4685,1.1250,0,1,28,1848059,A168_HF9F_20260827_0900,2026-08-27 09:00:00,185
1227103|33|905,905,1227103,33,2026-05-03,1,-1,8,9,3,1157.8738,1157.8738,1004.1546,0.0000,86.724011,128.6526,144.7342,1.1250,0,1,28,1848060,A168_HF9F_20260827_0900,2026-08-27 09:00:00,185
1227103|34|905,905,1227103,34,2026-05-03,1,-1,4,5,3,2046.1500,8.5621,-68.4967,0.0000,-800.000000,409.2300,511.5375,1.2500,4,1,6,1848061,A168_HF9F_20260827_0900,2026-08-27 09:00:00,185
1227103|35|905,905,1227103,35,2026-05-03,1,-1,4,13,9,543.3797,543.3797,453.8280,0.0000,83.519505,41.7984,135.8449,3.2500,0,1,6,1848062,A168_HF9F_20260827_0900,2026-08-27 09:00:00,185
1227103|36|905,905,1227103,36,2026-05-03,1,-1,5,16,9,290.0991,290.0991,189.4794,0.0000,65.315407,18.1312,58.0198,3.2000,0,1,10,1848063,A168_HF9F_20260827_0900,2026-08-27 09:00:00,185
1227103|37|905,905,1227103,37,2026-05-03,1,-1,6,6,2,1923.0177,1923.0177,-1569.7998,0.0000,-81.632104,320.5029,320.5029,1.0000,0,1,15,1848064,A168_HF9F_20260827_0900,2026-08-27 09:00:00,185
1227103|38|905,905,1227103,38,2026-05-03,1,-1,7,7,1,9544.2567,9544.2567,9544.2567,0.0000,100.000000,1363.4652,1363.4652,1.0000,0,1,21,1848065,A168_HF9F_20260827_0900,2026-08-27 09:00:00,185
1227103|39|905,905,1227103,39,2026-05-03,1,-1,4,4,2,578.4649,578.4649,574.3687,0.0000,99.291883,144.6162,144.6162,1.0000,0,1,6,1848066,A168_HF9F_20260827_0900,2026-08-27 09:00:00,185
1227103|40|905,905,1227103,40,2026-05-03,1,-1,5,5,2,604.7227,604.7227,-570.3903,0.0000,-94.322630,120.9445,120.9445,1.0000,0,1,10,1848067,A168_HF9F_20260827_0900,2026-08-27 09:00:00,185
1227103|41|905,905,1227103,41,2026-05-03,1,-1,4,4,2,543.7423,543.7423,539.5410,0.0000,99.227347,135.9356,135.9356,1.0000,0,1,6,1848068,A168_HF9F_20260827_0900,2026-08-27 09:00:00,185
1227103|42|905,905,1227103,42,2026-05-03,1,-1,7,7,2,833.7401,0.0000,0.0000,0.0000,,119.1057,119.1057,1.0000,7,1,21,1848069,A168_HF9F_20260827_0900,2026-08-27 09:00:00,185
1227103|43|905,905,1227103,43,2026-05-03,1,-1,4,4,2,499.9696,499.9696,-390.6249,0.0000,-78.129733,124.9924,124.9924,1.0000,0,1,6,1848070,A168_HF9F_20260827_0900,2026-08-27 09:00:00,185
1227103|44|905,905,1227103,44,2026-05-03,1,-1,5,5,2,563.0170,563.0170,-335.7699,0.0000,-59.637620,112.6034,112.6034,1.0000,0,1,10,1848071,A168_HF9F_20260827_0900,2026-08-27 09:00:00,185
1227103|45|905,905,1227103,45,2026-05-03,1,-1,6,9,5,347.4027,347.4027,118.8240,0.0000,34.203537,38.6003,57.9004,1.5000,0,1,15,1848072,A168_HF9F_20260827_0900,2026-08-27 09:00:00,185
1227103|46|905,905,1227103,46,2026-05-03,1,-1,3,3,2,458.5531,458.5531,414.3519,0.0000,90.360716,152.8510,152.8510,1.0000,0,1,3,1848073,A168_HF9F_20260827_0900,2026-08-27 09:00:00,185
1227103|47|905,905,1227103,47,2026-05-03,1,-1,2,2,1,52.1006,52.1006,-49.4956,0.0000,-95.000000,26.0503,26.0503,1.0000,0,1,1,1848074,A168_HF9F_20260827_0900,2026-08-27 09:00:00,185
1227103|48|905,905,1227103,48,2026-05-03,1,-1,6,7,3,714.2046,714.2046,-555.2242,0.0000,-77.740216,102.0292,119.0341,1.1667,0,1,15,1848075,A168_HF9F_20260827_0900,2026-08-27 09:00:00,185
1227103|49|905,905,1227103,49,2026-05-03,1,-1,5,7,4,791.0635,791.0635,-515.5483,0.5041,-65.171539,113.0091,158.2127,1.4000,0,1,10,1848076,A168_HF9F_20260827_0900,2026-08-27 09:00:00,185
1227103|50|905,905,1227103,50,2026-05-03,1,-1,8,8,2,3679.2325,3679.2325,-2061.8071,0.0000,-56.039054,459.9041,459.9041,1.0000,0,1,28,1848077,A168_HF9F_20260827_0900,2026-08-27 09:00:00,185
1227103|51|905,905,1227103,51,2026-05-03,1,-1,6,9,5,8279.5037,8279.5037,-7636.1032,0.0000,-92.228996,919.9449,1379.9173,1.5000,0,1,15,1848078,A168_HF9F_20260827_0900,2026-08-27 09:00:00,185
1227103|6|905,905,1227103,6,2026-05-03,1,-1,2,2,2,89.3911,89.3911,-85.1899,0.0168,-95.300160,44.6956,44.6956,1.0000,0,1,1,1848079,A168_HF9F_20260827_0900,2026-08-27 09:00:00,185
1227103|9|905,905,1227103,9,2026-05-03,1,-1,2,5,4,67.9581,67.9581,-52.3907,0.0000,-77.092606,13.5916,33.9791,2.5000,0,1,1,1848080,A168_HF9F_20260827_0900,2026-08-27 09:00:00,185
1227136|11|905,905,1227136,11,2026-05-03,1,-1,5,5,2,1120.4032,1120.4032,625.4069,0.0000,55.819805,224.0806,224.0806,1.0000,0,1,10,1848081,A168_HF9F_20260827_0900,2026-08-27 09:00:00,185
1227136|12|905,905,1227136,12,2026-05-03,1,-1,5,5,2,236.9180,236.9180,229.1343,0.0786,96.714595,47.3836,47.3836,1.0000,0,1,10,1848082,A168_HF9F_20260827_0900,2026-08-27 09:00:00,185
1227136|13|905,905,1227136,13,2026-05-03,1,-1,1,1,1,8.7291,8.7291,8.7291,0.0786,100.000000,8.7291,8.7291,1.0000,0,0,0,1848083,A168_HF9F_20260827_0900,2026-08-27 09:00:00,185
1227136|14|905,905,1227136,14,2026-05-03,1,-1,4,4,2,915.3635,915.3635,849.5911,0.0786,92.814614,228.8409,228.8409,1.0000,0,1,6,1848084,A168_HF9F_20260827_0900,2026-08-27 09:00:00,185
1227136|15|905,905,1227136,15,2026-05-03,1,-1,2,2,1,49.4217,49.4217,-46.9506,0.0000,-95.000000,24.7108,24.7108,1.0000,0,1,1,1848085,A168_HF9F_20260827_0900,2026-08-27 09:00:00,185
1227136|16|905,905,1227136,16,2026-05-03,1,-1,5,5,2,270.9524,270.9524,228.9400,0.0000,84.494550,54.1905,54.1905,1.0000,0,1,10,1848086,A168_HF9F_20260827_0900,2026-08-27 09:00:00,185
1227136|17|905,905,1227136,17,2026-05-03,1,-1,6,6,2,2786.5878,2786.5878,-1993.6743,0.0000,-71.545360,464.4313,464.4313,1.0000,0,1,15,1848087,A168_HF9F_20260827_0900,2026-08-27 09:00:00,185
1227136|18|905,905,1227136,18,2026-05-03,1,-1,5,5,2,1056.7484,1056.7484,-736.9727,0.0000,-69.739653,211.3497,211.3497,1.0000,0,1,10,1848088,A168_HF9F_20260827_0900,2026-08-27 09:00:00,185
1227136|19|905,905,1227136,19,2026-05-03,1,-1,9,10,3,9926.0418,9926.0418,9248.7622,0.0000,93.176741,992.6042,1102.8935,1.1111,0,1,36,1848089,A168_HF9F_20260827_0900,2026-08-27 09:00:00,185
1227136|2|905,905,1227136,2,2026-05-03,1,-1,1,1,1,207.5658,207.5658,-197.1875,0.0000,-95.000000,207.5658,207.5658,1.0000,0,0,0,1848090,A168_HF9F_20260827_0900,2026-08-27 09:00:00,185
1227136|20|905,905,1227136,20,2026-05-03,1,-1,6,6,2,1316.5906,1316.5906,-1243.6929,0.0000,-94.463150,219.4318,219.4318,1.0000,0,1,15,1848091,A168_HF9F_20260827_0900,2026-08-27 09:00:00,185
1227136|21|905,905,1227136,21,2026-05-03,1,-1,6,6,2,1023.8438,0.0000,0.0000,0.0000,,170.6406,170.6406,1.0000,6,1,15,1848092,A168_HF9F_20260827_0900,2026-08-27 09:00:00,185
1227136|22|905,905,1227136,22,2026-05-03,1,-1,9,10,3,1290.1290,1290.1290,1219.0538,1.1763,94.490845,129.0129,143.3477,1.1111,0,1,36,1848093,A168_HF9F_20260827_0900,2026-08-27 09:00:00,185
1227136|23|905,905,1227136,23,2026-05-03,1,-1,2,2,1,150.7348,150.7348,-143.1981,0.0000,-95.000000,75.3674,75.3674,1.0000,0,1,1,1848094,A168_HF9F_20260827_0900,2026-08-27 09:00:00,185
1227136|24|905,905,1227136,24,2026-05-03,1,-1,3,4,3,1098.4096,1098.4096,-972.4139,1.5965,-88.529263,274.6024,366.1365,1.3333,0,1,3,1848095,A168_HF9F_20260827_0900,2026-08-27 09:00:00,185
1227136|25|905,905,1227136,25,2026-05-03,1,-1,8,8,2,2297.3739,2297.3739,2046.5536,0.0000,89.082307,287.1717,287.1717,1.0000,0,1,28,1848096,A168_HF9F_20260827_0900,2026-08-27 09:00:00,185
1227136|26|905,905,1227136,26,2026-05-03,1,-1,3,3,1,1213.9437,1213.9437,1213.9437,0.0000,100.000000,404.6479,404.6479,1.0000,0,1,3,1848097,A168_HF9F_20260827_0900,2026-08-27 09:00:00,185
1227136|27|905,905,1227136,27,2026-05-03,1,-1,5,8,5,1243.3524,1243.3524,993.4837,0.0000,79.903629,155.4190,248.6705,1.6000,0,1,10,1848098,A168_HF9F_20260827_0900,2026-08-27 09:00:00,185
1227136|28|905,905,1227136,28,2026-05-03,1,-1,3,3,2,986.6651,986.6651,-920.3102,0.0000,-93.274830,328.8884,328.8884,1.0000,0,1,3,1848099,A168_HF9F_20260827_0900,2026-08-27 09:00:00,185
1227136|29|905,905,1227136,29,2026-05-03,1,-1,2,2,1,977.9360,977.9360,-929.0392,0.0000,-95.000000,488.9680,488.9680,1.0000,0,1,1,1848100,A168_HF9F_20260827_0900,2026-08-27 09:00:00,185
1227136|3|905,905,1227136,3,2026-05-03,1,-1,1,1,1,233.5115,233.5115,233.5115,0.0000,100.000000,233.5115,233.5115,1.0000,0,0,0,1848101,A168_HF9F_20260827_0900,2026-08-27 09:00:00,185
1227136|30|905,905,1227136,30,2026-05-03,1,-1,15,18,5,1923.7654,1923.7654,-1424.6982,1.7477,-74.057789,106.8759,128.2510,1.2000,0,1,105,1848102,A168_HF9F_20260827_0900,2026-08-27 09:00:00,185
1227136|31|905,905,1227136,31,2026-05-03,1,-1,14,14,3,2703.1833,2703.1833,1126.2669,0.0672,41.664468,193.0845,193.0845,1.0000,0,1,91,1848103,A168_HF9F_20260827_0900,2026-08-27 09:00:00,185
1227136|32|905,905,1227136,32,2026-05-03,1,-1,6,6,2,1551.4908,1551.4908,-1076.0125,0.1176,-69.353455,258.5818,258.5818,1.0000,0,1,15,1848104,A168_HF9F_20260827_0900,2026-08-27 09:00:00,185
1227136|33|905,905,1227136,33,2026-05-03,1,-1,7,7,2,1415.1914,1415.1914,-916.7952,0.0000,-64.782417,202.1702,202.1702,1.0000,0,1,21,1848105,A168_HF9F_20260827_0900,2026-08-27 09:00:00,185
1227136|34|905,905,1227136,34,2026-05-03,1,-1,6,6,3,1362.9950,1362.9950,-802.9390,0.0000,-58.909896,227.1658,227.1658,1.0000,0,1,15,1848106,A168_HF9F_20260827_0900,2026-08-27 09:00:00,185
1227136|35|905,905,1227136,35,2026-05-03,1,-1,10,10,2,1589.7194,1589.7194,-1539.3046,0.0000,-96.828694,158.9719,158.9719,1.0000,0,1,45,1848107,A168_HF9F_20260827_0900,2026-08-27 09:00:00,185
1227136|36|905,905,1227136,36,2026-05-03,1,-1,11,11,2,2918.1698,2918.1698,-839.4849,0.8402,-28.767515,265.2882,265.2882,1.0000,0,1,55,1848108,A168_HF9F_20260827_0900,2026-08-27 09:00:00,185
1227136|37|905,905,1227136,37,2026-05-03,1,-1,11,11,2,2347.5094,2347.5094,-2023.3967,0.8907,-86.193337,213.4099,213.4099,1.0000,0,1,55,1848109,A168_HF9F_20260827_0900,2026-08-27 09:00:00,185
1227136|38|905,905,1227136,38,2026-05-03,1,-1,10,10,2,3357.6453,3357.6453,-3315.6329,0.8402,-98.748754,335.7645,335.7645,1.0000,0,1,45,1848110,A168_HF9F_20260827_0900,2026-08-27 09:00:00,185
1227136|39|905,905,1227136,39,2026-05-03,1,-1,16,24,8,3974.8607,3974.8607,-3162.8684,1.8654,-79.571804,165.6192,248.4288,1.5000,0,1,120,1848111,A168_HF9F_20260827_0900,2026-08-27 09:00:00,185
1227136|4|905,905,1227136,4,2026-05-03,1,-1,1,1,1,43.6453,43.6453,-43.6453,0.0000,-100.000000,43.6453,43.6453,1.0000,0,0,0,1848112,A168_HF9F_20260827_0900,2026-08-27 09:00:00,185
1227136|40|905,905,1227136,40,2026-05-03,1,-1,17,19,4,5054.9160,5054.9160,-3657.2531,2.6636,-72.350423,266.0482,297.3480,1.1176,0,1,136,1848113,A168_HF9F_20260827_0900,2026-08-27 09:00:00,185
1227136|41|905,905,1227136,41,2026-05-03,1,-1,24,29,6,4355.0414,4355.0414,-829.4646,1.8149,-19.046077,150.1738,181.4601,1.2083,0,1,276,1848114,A168_HF9F_20260827_0900,2026-08-27 09:00:00,185
1227136|42|905,905,1227136,42,2026-05-03,1,-1,24,29,7,4561.6334,4561.6334,-3497.5425,1.4209,-76.673029,157.2977,190.0681,1.2083,0,1,276,1848115,A168_HF9F_20260827_0900,2026-08-27 09:00:00,185
1227136|43|905,905,1227136,43,2026-05-03,1,-1,27,34,6,4717.0804,4717.0804,2695.0774,2.2351,57.134438,138.7377,174.7067,1.2593,0,1,351,1848116,A168_HF9F_20260827_0900,2026-08-27 09:00:00,185
1227136|44|905,905,1227136,44,2026-05-03,1,-1,11,17,8,3165.5513,3165.5513,-2466.8336,0.0000,-77.927456,186.2089,287.7774,1.5455,0,1,55,1848117,A168_HF9F_20260827_0900,2026-08-27 09:00:00,185
1227136|45|905,905,1227136,45,2026-05-03,1,-1,15,16,3,3916.2658,3916.2658,-3067.5983,0.0000,-78.329676,244.7666,261.0844,1.0667,0,1,105,1848118,A168_HF9F_20260827_0900,2026-08-27 09:00:00,185
1227136|46|905,905,1227136,46,2026-05-03,1,-1,7,7,2,3107.5526,3107.5526,3076.4177,0.0000,98.998090,443.9361,443.9361,1.0000,0,1,21,1848119,A168_HF9F_20260827_0900,2026-08-27 09:00:00,185
1227136|47|905,905,1227136,47,2026-05-03,1,-1,6,6,2,1834.4192,1834.4192,42.1154,0.0000,2.295843,305.7365,305.7365,1.0000,0,1,15,1848120,A168_HF9F_20260827_0900,2026-08-27 09:00:00,185
1227136|48|905,905,1227136,48,2026-05-03,1,-1,7,7,2,2374.0010,2374.0010,-1980.7579,0.0000,-83.435425,339.1430,339.1430,1.0000,0,1,21,1848121,A168_HF9F_20260827_0900,2026-08-27 09:00:00,185
1227136|49|905,905,1227136,49,2026-05-03,1,-1,7,11,6,1816.6913,1816.6913,1342.5524,0.0000,73.900967,165.1538,259.5273,1.5714,0,1,21,1848122,A168_HF9F_20260827_0900,2026-08-27 09:00:00,185
1227136|5|905,905,1227136,5,2026-05-03,1,-1,1,1,1,30.0000,30.0000,30.0000,0.0000,100.000000,30.0000,30.0000,1.0000,0,0,0,1848123,A168_HF9F_20260827_0900,2026-08-27 09:00:00,185
1227136|50|905,905,1227136,50,2026-05-03,1,-1,3,4,3,1356.0476,10.5031,10.5031,0.0000,100.000000,339.0119,452.0159,1.3333,3,1,3,1848124,A168_HF9F_20260827_0900,2026-08-27 09:00:00,185
1227136|7|905,905,1227136,7,2026-05-03,1,-1,7,8,4,621.4999,621.4999,615.4286,0.0000,99.023121,77.6875,88.7857,1.1429,0,1,21,1848125,A168_HF9F_20260827_0900,2026-08-27 09:00:00,185
1227136|8|905,905,1227136,8,2026-05-03,1,-1,1,1,1,10.5031,10.5031,-10.5031,0.0000,-100.000000,10.5031,10.5031,1.0000,0,0,0,1848126,A168_HF9F_20260827_0900,2026-08-27 09:00:00,185
1227136|9|905,905,1227136,9,2026-05-03,1,-1,1,1,1,8.7291,8.7291,-8.2926,0.0786,-95.000000,8.7291,8.7291,1.0000,0,0,0,1848127,A168_HF9F_20260827_0900,2026-08-27 09:00:00,185
1227167|10|905,905,1227167,10,2026-05-03,1,-1,3,3,2,940.8631,940.8631,890.2690,0.0000,94.622581,313.6210,313.6210,1.0000,0,1,3,1848128,A168_HF9F_20260827_0900,2026-08-27 09:00:00,185
1227167|11|905,905,1227167,11,2026-05-03,1,-1,3,3,2,425.7679,425.7679,-373.8764,0.0000,-87.812269,141.9226,141.9226,1.0000,0,1,3,1848129,A168_HF9F_20260827_0900,2026-08-27 09:00:00,185
1227167|12|905,905,1227167,12,2026-05-03,1,-1,2,2,1,28.7899,28.7899,-28.7899,0.0000,-100.000000,14.3950,14.3950,1.0000,0,1,1,1848130,A168_HF9F_20260827_0900,2026-08-27 09:00:00,185
1227167|13|905,905,1227167,13,2026-05-03,1,-1,5,5,3,2419.1492,2419.1492,-2330.7468,0.0000,-96.345720,483.8298,483.8298,1.0000,0,1,10,1848131,A168_HF9F_20260827_0900,2026-08-27 09:00:00,185
1227167|14|905,905,1227167,14,2026-05-03,1,-1,10,11,4,2230.9839,2230.9839,-37.9094,0.0000,-1.699223,202.8167,223.0984,1.1000,0,1,45,1848132,A168_HF9F_20260827_0900,2026-08-27 09:00:00,185
1227167|15|905,905,1227167,15,2026-05-03,1,-1,9,10,3,2330.3490,2330.3490,-352.0475,0.0000,-15.107071,233.0349,258.9277,1.1111,0,1,36,1848133,A168_HF9F_20260827_0900,2026-08-27 09:00:00,185
1227167|16|905,905,1227167,16,2026-05-03,1,-1,10,10,2,1175.3237,1175.3237,677.7217,0.0000,57.662562,117.5324,117.5324,1.0000,0,1,45,1848134,A168_HF9F_20260827_0900,2026-08-27 09:00:00,185
1227167|17|905,905,1227167,17,2026-05-03,1,-1,7,7,3,397.0803,397.0803,137.6790,0.0000,34.672842,56.7258,56.7258,1.0000,0,1,21,1848135,A168_HF9F_20260827_0900,2026-08-27 09:00:00,185
1227167|18|905,905,1227167,18,2026-05-03,1,-1,6,6,2,458.4542,458.4542,362.4542,0.0000,79.060066,76.4090,76.4090,1.0000,0,1,15,1848136,A168_HF9F_20260827_0900,2026-08-27 09:00:00,185
1227167|19|905,905,1227167,19,2026-05-03,1,-1,8,8,2,1398.7623,1398.7623,-616.4661,0.0000,-44.072253,174.8453,174.8453,1.0000,0,1,28,1848137,A168_HF9F_20260827_0900,2026-08-27 09:00:00,185
1227167|20|905,905,1227167,20,2026-05-03,1,-1,12,12,2,1469.8697,1469.8697,-1126.3877,0.0000,-76.631806,122.4891,122.4891,1.0000,0,1,66,1848138,A168_HF9F_20260827_0900,2026-08-27 09:00:00,185
1227167|21|905,905,1227167,21,2026-05-03,1,-1,11,11,2,1892.8481,1892.8481,-1761.7054,0.0000,-93.071675,172.0771,172.0771,1.0000,0,1,55,1848139,A168_HF9F_20260827_0900,2026-08-27 09:00:00,185
1227167|22|905,905,1227167,22,2026-05-03,1,-1,14,16,4,2731.5053,44.1077,44.1077,0.0000,100.000000,170.7191,195.1075,1.1429,14,1,91,1848140,A168_HF9F_20260827_0900,2026-08-27 09:00:00,185
1227167|23|905,905,1227167,23,2026-05-03,1,-1,13,13,2,1639.2529,1639.2529,-264.7229,0.0000,-16.148996,126.0964,126.0964,1.0000,0,1,78,1848141,A168_HF9F_20260827_0900,2026-08-27 09:00:00,185
1227167|24|905,905,1227167,24,2026-05-03,1,-1,9,9,2,1053.9699,1053.9699,-600.3408,0.0000,-56.959962,117.1078,117.1078,1.0000,0,1,36,1848142,A168_HF9F_20260827_0900,2026-08-27 09:00:00,185
1227167|25|905,905,1227167,25,2026-05-03,1,-1,10,10,2,1483.0107,1483.0107,-516.8157,0.0000,-34.849088,148.3011,148.3011,1.0000,0,1,45,1848143,A168_HF9F_20260827_0900,2026-08-27 09:00:00,185
1227167|26|905,905,1227167,26,2026-05-03,1,-1,8,8,2,1407.7752,1407.7752,-1355.8838,0.0000,-96.313940,175.9719,175.9719,1.0000,0,1,28,1848144,A168_HF9F_20260827_0900,2026-08-27 09:00:00,185
1227167|27|905,905,1227167,27,2026-05-03,1,-1,8,8,2,1705.9064,1705.9064,-1566.6508,0.0000,-91.836855,213.2383,213.2383,1.0000,0,1,28,1848145,A168_HF9F_20260827_0900,2026-08-27 09:00:00,185
1227167|28|905,905,1227167,28,2026-05-03,1,-1,9,9,3,2298.3280,2298.3280,-2274.3581,0.0000,-98.957072,255.3698,255.3698,1.0000,0,1,36,1848146,A168_HF9F_20260827_0900,2026-08-27 09:00:00,185
1227167|29|905,905,1227167,29,2026-05-03,1,-1,10,11,3,2687.7749,2687.7749,-346.2228,0.0000,-12.881391,244.3432,268.7775,1.1000,0,1,45,1848147,A168_HF9F_20260827_0900,2026-08-27 09:00:00,185
1227167|3|905,905,1227167,3,2026-05-03,1,-1,1,1,1,15.5674,15.5674,-14.7891,0.0000,-95.000000,15.5674,15.5674,1.0000,0,0,0,1848148,A168_HF9F_20260827_0900,2026-08-27 09:00:00,185
1227167|30|905,905,1227167,30,2026-05-03,1,-1,13,14,3,3321.9102,3321.9102,2749.0608,0.0000,82.755423,237.2793,255.5316,1.0769,0,1,78,1848149,A168_HF9F_20260827_0900,2026-08-27 09:00:00,185
1227167|31|905,905,1227167,31,2026-05-03,1,-1,8,8,2,473.0798,473.0798,412.3668,0.0000,87.166437,59.1350,59.1350,1.0000,0,1,28,1848150,A168_HF9F_20260827_0900,2026-08-27 09:00:00,185
1227167|32|905,905,1227167,32,2026-05-03,1,-1,6,6,2,730.1437,730.1437,-222.1270,0.0168,-30.422371,121.6906,121.6906,1.0000,0,1,15,1848151,A168_HF9F_20260827_0900,2026-08-27 09:00:00,185
1227167|33|905,905,1227167,33,2026-05-03,1,-1,9,9,2,1174.0353,1174.0353,590.8542,0.0000,50.326782,130.4484,130.4484,1.0000,0,1,36,1848152,A168_HF9F_20260827_0900,2026-08-27 09:00:00,185
1227167|34|905,905,1227167,34,2026-05-03,1,-1,4,4,2,105.4025,105.4025,18.1120,0.0000,17.183666,26.3506,26.3506,1.0000,0,1,6,1848153,A168_HF9F_20260827_0900,2026-08-27 09:00:00,185
1227167|35|905,905,1227167,35,2026-05-03,1,-1,4,4,2,159.0096,159.0096,49.6877,0.0000,31.248248,39.7524,39.7524,1.0000,0,1,6,1848154,A168_HF9F_20260827_0900,2026-08-27 09:00:00,185
1227167|36|905,905,1227167,36,2026-05-03,1,-1,5,5,2,118.5750,118.5750,-71.6842,0.0000,-60.454708,23.7150,23.7150,1.0000,0,1,10,1848155,A168_HF9F_20260827_0900,2026-08-27 09:00:00,185
1227167|37|905,905,1227167,37,2026-05-03,1,-1,10,10,2,1499.1202,1499.1202,1272.2823,0.0168,84.868598,149.9120,149.9120,1.0000,0,1,45,1848156,A168_HF9F_20260827_0900,2026-08-27 09:00:00,185
1227167|38|905,905,1227167,38,2026-05-03,1,-1,7,8,3,718.3335,718.3335,-317.2087,0.0000,-44.158967,89.7917,102.6191,1.1429,0,1,21,1848157,A168_HF9F_20260827_0900,2026-08-27 09:00:00,185
1227167|39|905,905,1227167,39,2026-05-03,1,-1,10,10,2,1064.7038,1064.7038,-256.5299,0.0000,-24.094017,106.4704,106.4704,1.0000,0,1,45,1848158,A168_HF9F_20260827_0900,2026-08-27 09:00:00,185
1227167|4|905,905,1227167,4,2026-05-03,1,-1,1,1,1,15.5674,15.5674,15.5674,0.0000,100.000000,15.5674,15.5674,1.0000,0,0,0,1848159,A168_HF9F_20260827_0900,2026-08-27 09:00:00,185
1227167|40|905,905,1227167,40,2026-05-03,1,-1,12,12,2,1465.5737,1465.5737,-1287.8871,0.0000,-87.875968,122.1311,122.1311,1.0000,0,1,66,1848160,A168_HF9F_20260827_0900,2026-08-27 09:00:00,185
1227167|41|905,905,1227167,41,2026-05-03,1,-1,5,5,2,557.4346,557.4346,211.1756,0.0000,37.883478,111.4869,111.4869,1.0000,0,1,10,1848161,A168_HF9F_20260827_0900,2026-08-27 09:00:00,185
1227167|42|905,905,1227167,42,2026-05-03,1,-1,6,8,4,299.1895,299.1895,-203.1509,0.0000,-67.900404,37.3987,49.8649,1.3333,0,1,15,1848162,A168_HF9F_20260827_0900,2026-08-27 09:00:00,185
1227167|43|905,905,1227167,43,2026-05-03,1,-1,4,4,2,484.8201,484.8201,434.2259,0.0168,89.564343,121.2050,121.2050,1.0000,0,1,6,1848163,A168_HF9F_20260827_0900,2026-08-27 09:00:00,185
1227167|44|905,905,1227167,44,2026-05-03,1,-1,9,13,6,931.6956,931.6956,79.7043,0.0168,8.554761,71.6689,103.5217,1.4444,0,1,36,1848164,A168_HF9F_20260827_0900,2026-08-27 09:00:00,185
1227167|45|905,905,1227167,45,2026-05-03,1,-1,7,11,6,1011.6031,1011.6031,870.8924,0.0000,86.090321,91.9639,144.5147,1.5714,0,1,21,1848165,A168_HF9F_20260827_0900,2026-08-27 09:00:00,185
1227167|46|905,905,1227167,46,2026-05-03,1,-1,5,12,7,574.5404,574.5404,-362.5520,0.0000,-63.102961,47.8784,114.9081,2.4000,0,1,10,1848166,A168_HF9F_20260827_0900,2026-08-27 09:00:00,185
1227167|47|905,905,1227167,47,2026-05-03,1,-1,8,14,8,662.0661,662.0661,634.1869,0.0168,95.789058,47.2904,82.7583,1.7500,0,1,28,1848167,A168_HF9F_20260827_0900,2026-08-27 09:00:00,185
1227167|48|905,905,1227167,48,2026-05-03,1,-1,4,4,2,386.7161,386.7161,-144.5226,0.0000,-37.371757,96.6790,96.6790,1.0000,0,1,6,1848168,A168_HF9F_20260827_0900,2026-08-27 09:00:00,185
1227167|49|905,905,1227167,49,2026-05-03,1,-1,4,8,5,656.6502,656.6502,505.2595,0.0000,76.945010,82.0813,164.1625,2.0000,0,1,6,1848169,A168_HF9F_20260827_0900,2026-08-27 09:00:00,185
1227167|50|905,905,1227167,50,2026-05-03,1,-1,7,7,2,888.3226,888.3226,-135.8271,0.0000,-15.290287,126.9032,126.9032,1.0000,0,1,21,1848170,A168_HF9F_20260827_0900,2026-08-27 09:00:00,185
1227167|51|905,905,1227167,51,2026-05-03,1,-1,7,7,1,214.4917,214.4917,-203.7671,0.1344,-95.000000,30.6417,30.6417,1.0000,0,1,21,1848171,A168_HF9F_20260827_0900,2026-08-27 09:00:00,185
1227167|52|905,905,1227167,52,2026-05-03,1,-1,7,7,1,655.7695,655.7695,-622.9810,0.0840,-95.000000,93.6814,93.6814,1.0000,0,1,21,1848172,A168_HF9F_20260827_0900,2026-08-27 09:00:00,185
1227167|53|905,905,1227167,53,2026-05-03,1,-1,5,8,5,923.1394,923.1394,524.5705,0.1680,56.824623,115.3924,184.6279,1.6000,0,1,10,1848173,A168_HF9F_20260827_0900,2026-08-27 09:00:00,185
1227167|54|905,905,1227167,54,2026-05-03,1,-1,7,7,1,1371.3030,1371.3030,1371.3030,0.2521,100.000000,195.9004,195.9004,1.0000,0,1,21,1848174,A168_HF9F_20260827_0900,2026-08-27 09:00:00,185
1227167|55|905,905,1227167,55,2026-05-03,1,-1,2,2,2,46.9519,46.9519,-3.6422,0.0000,-7.757380,23.4760,23.4760,1.0000,0,1,1,1848175,A168_HF9F_20260827_0900,2026-08-27 09:00:00,185
1227167|6|905,905,1227167,6,2026-05-03,1,-1,1,1,1,420.1239,420.1239,-420.1239,0.0000,-100.000000,420.1239,420.1239,1.0000,0,0,0,1848176,A168_HF9F_20260827_0900,2026-08-27 09:00:00,185
1227167|8|905,905,1227167,8,2026-05-03,1,-1,3,5,4,387.2523,387.2523,103.1743,0.0000,26.642649,77.4505,129.0841,1.6667,0,1,3,1848177,A168_HF9F_20260827_0900,2026-08-27 09:00:00,185
1227167|9|905,905,1227167,9,2026-05-03,1,-1,7,7,2,539.9210,539.9210,-463.2225,0.0168,-85.794498,77.1316,77.1316,1.0000,0,1,21,1848178,A168_HF9F_20260827_0900,2026-08-27 09:00:00,185
1227204|1|905,905,1227204,1,2026-05-03,1,-1,5,5,1,155.6743,155.6743,-147.8906,0.0000,-95.000000,31.1349,31.1349,1.0000,0,1,10,1848179,A168_HF9F_20260827_0900,2026-08-27 09:00:00,185
1227204|10|905,905,1227204,10,2026-05-03,1,-1,8,8,2,813.9143,813.9143,-715.2349,0.0000,-87.875941,101.7393,101.7393,1.0000,0,1,28,1848180,A168_HF9F_20260827_0900,2026-08-27 09:00:00,185
1227204|11|905,905,1227204,11,2026-05-03,1,-1,7,8,3,1241.7593,2.1006,-16.8050,0.0000,-800.000000,155.2199,177.3942,1.1429,7,1,21,1848181,A168_HF9F_20260827_0900,2026-08-27 09:00:00,185
1227204|12|905,905,1227204,12,2026-05-03,1,-1,7,7,2,1292.6477,1292.6477,-931.3929,0.0000,-72.053111,184.6640,184.6640,1.0000,0,1,21,1848182,A168_HF9F_20260827_0900,2026-08-27 09:00:00,185
1227204|13|905,905,1227204,13,2026-05-03,1,-1,12,14,3,1463.6726,1441.3738,1402.5931,0.0000,97.309458,104.5480,121.9727,1.1667,2,1,66,1848183,A168_HF9F_20260827_0900,2026-08-27 09:00:00,185
1227204|14|905,905,1227204,14,2026-05-03,1,-1,7,7,2,165.7204,165.7204,132.2862,0.0504,79.824931,23.6743,23.6743,1.0000,0,1,21,1848184,A168_HF9F_20260827_0900,2026-08-27 09:00:00,185
1227204|15|905,905,1227204,15,2026-05-03,1,-1,2,2,2,877.1063,877.1063,868.7038,0.0000,99.042023,438.5531,438.5531,1.0000,0,1,1,1848185,A168_HF9F_20260827_0900,2026-08-27 09:00:00,185
1227204|16|905,905,1227204,16,2026-05-03,1,-1,1,1,1,4.2012,4.2012,-4.2012,0.0000,-100.000000,4.2012,4.2012,1.0000,0,0,0,1848186,A168_HF9F_20260827_0900,2026-08-27 09:00:00,185
1227204|17|905,905,1227204,17,2026-05-03,1,-1,5,5,2,756.8084,0.0000,0.0000,0.0000,,151.3617,151.3617,1.0000,5,1,10,1848187,A168_HF9F_20260827_0900,2026-08-27 09:00:00,185
1227204|18|905,905,1227204,18,2026-05-03,1,-1,4,4,2,292.1004,292.1004,131.9154,0.0000,45.160991,73.0251,73.0251,1.0000,0,1,6,1848188,A168_HF9F_20260827_0900,2026-08-27 09:00:00,185
1227204|19|905,905,1227204,19,2026-05-03,1,-1,7,7,2,600.5293,600.5293,-554.1180,0.0000,-92.271601,85.7899,85.7899,1.0000,0,1,21,1848189,A168_HF9F_20260827_0900,2026-08-27 09:00:00,185
1227204|2|905,905,1227204,2,2026-05-03,1,-1,9,10,3,343.6666,43.2545,43.2545,0.0000,100.000000,34.3667,38.1852,1.1111,8,1,36,1848190,A168_HF9F_20260827_0900,2026-08-27 09:00:00,185
1227204|20|905,905,1227204,20,2026-05-03,1,-1,6,6,1,945.3186,945.3186,945.3186,0.0000,100.000000,157.5531,157.5531,1.0000,0,1,15,1848191,A168_HF9F_20260827_0900,2026-08-27 09:00:00,185
1227204|21|905,905,1227204,21,2026-05-03,1,-1,1,2,2,1309.3575,0.0000,0.0000,0.0000,,654.6788,1309.3575,2.0000,2,0,0,1848192,A168_HF9F_20260827_0900,2026-08-27 09:00:00,185
1227204|23|905,905,1227204,23,2026-05-03,1,-1,13,14,3,1491.6675,1491.6675,166.5724,0.3361,11.166859,106.5477,114.7437,1.0769,0,1,78,1848193,A168_HF9F_20260827_0900,2026-08-27 09:00:00,185
1227204|24|905,905,1227204,24,2026-05-03,1,-1,4,4,2,527.8866,527.8866,501.9409,0.4201,95.084982,131.9716,131.9716,1.0000,0,1,6,1848194,A168_HF9F_20260827_0900,2026-08-27 09:00:00,185
1227204|25|905,905,1227204,25,2026-05-03,1,-1,6,7,3,571.2416,12.9729,-103.7829,0.0000,-800.000000,81.6059,95.2069,1.1667,6,1,15,1848195,A168_HF9F_20260827_0900,2026-08-27 09:00:00,185
1227204|26|905,905,1227204,26,2026-05-03,1,-1,4,6,4,1160.7919,1160.7919,-130.7148,0.5041,-11.260830,193.4653,290.1980,1.5000,0,1,6,1848196,A168_HF9F_20260827_0900,2026-08-27 09:00:00,185
1227204|27|905,905,1227204,27,2026-05-03,1,-1,2,2,1,86.4945,86.4945,86.4945,0.5882,100.000000,43.2473,43.2473,1.0000,0,1,1,1848197,A168_HF9F_20260827_0900,2026-08-27 09:00:00,185
1227204|28|905,905,1227204,28,2026-05-03,1,-1,2,2,1,532.9457,532.9457,-506.2984,0.0000,-95.000000,266.4729,266.4729,1.0000,0,1,1,1848198,A168_HF9F_20260827_0900,2026-08-27 09:00:00,185
1227204|29|905,905,1227204,29,2026-05-03,1,-1,2,2,2,85.9457,0.0000,0.0000,0.0000,,42.9729,42.9729,1.0000,2,1,1,1848199,A168_HF9F_20260827_0900,2026-08-27 09:00:00,185
1227204|3|905,905,1227204,3,2026-05-03,1,-1,2,2,1,77.8372,77.8372,-73.9453,0.0000,-95.000000,38.9186,38.9186,1.0000,0,1,1,1848200,A168_HF9F_20260827_0900,2026-08-27 09:00:00,185
1227204|30|905,905,1227204,30,2026-05-03,1,-1,3,3,1,57.0806,57.0806,57.0806,0.0000,100.000000,19.0269,19.0269,1.0000,0,1,3,1848201,A168_HF9F_20260827_0900,2026-08-27 09:00:00,185
1227204|31|905,905,1227204,31,2026-05-03,1,-1,2,2,2,38.9186,38.9186,-1.5567,0.0000,-4.000000,19.4593,19.4593,1.0000,0,1,1,1848202,A168_HF9F_20260827_0900,2026-08-27 09:00:00,185
1227204|32|905,905,1227204,32,2026-05-03,1,-1,3,3,1,338.9186,338.9186,338.9186,0.0000,100.000000,112.9729,112.9729,1.0000,0,1,3,1848203,A168_HF9F_20260827_0900,2026-08-27 09:00:00,185
1227204|34|905,905,1227204,34,2026-05-03,1,-1,3,3,2,80.2939,80.2939,-40.2939,0.0000,-50.183029,26.7646,26.7646,1.0000,0,1,3,1848204,A168_HF9F_20260827_0900,2026-08-27 09:00:00,185
1227204|35|905,905,1227204,35,2026-05-03,1,-1,1,1,1,70.0000,70.0000,-70.0000,0.0000,-100.000000,70.0000,70.0000,1.0000,0,0,0,1848205,A168_HF9F_20260827_0900,2026-08-27 09:00:00,185
1227204|36|905,905,1227204,36,2026-05-03,1,-1,5,5,1,149.7286,149.7286,149.7286,0.0000,100.000000,29.9457,29.9457,1.0000,0,1,10,1848206,A168_HF9F_20260827_0900,2026-08-27 09:00:00,185
1227204|37|905,905,1227204,37,2026-05-03,1,-1,5,5,2,6589.6792,6589.6792,-6390.8618,0.0000,-96.982898,1317.9358,1317.9358,1.0000,0,1,10,1848207,A168_HF9F_20260827_0900,2026-08-27 09:00:00,185
1227204|38|905,905,1227204,38,2026-05-03,1,-1,9,9,2,830.9838,830.9838,-675.0527,0.0000,-81.235366,92.3315,92.3315,1.0000,0,1,36,1848208,A168_HF9F_20260827_0900,2026-08-27 09:00:00,185
1227204|39|905,905,1227204,39,2026-05-03,1,-1,12,13,3,544.6345,544.6345,-175.2532,0.0000,-32.178135,41.8950,45.3862,1.0833,0,1,66,1848209,A168_HF9F_20260827_0900,2026-08-27 09:00:00,185
1227204|4|905,905,1227204,4,2026-05-03,1,-1,4,4,1,4385.5080,4385.5080,-4382.6347,0.0000,-99.934482,1096.3770,1096.3770,1.0000,0,1,6,1848210,A168_HF9F_20260827_0900,2026-08-27 09:00:00,185
1227204|40|905,905,1227204,40,2026-05-03,1,-1,12,15,5,1810.1793,1810.1793,76.6298,0.0000,4.233270,120.6786,150.8483,1.2500,0,1,66,1848211,A168_HF9F_20260827_0900,2026-08-27 09:00:00,185
1227204|41|905,905,1227204,41,2026-05-03,1,-1,9,11,4,358.8434,358.8434,46.1454,0.0000,12.859494,32.6221,39.8715,1.2222,0,1,36,1848212,A168_HF9F_20260827_0900,2026-08-27 09:00:00,185
1227204|42|905,905,1227204,42,2026-05-03,1,-1,13,13,2,1414.4013,1414.4013,-720.6319,0.0840,-50.949611,108.8001,108.8001,1.0000,0,1,78,1848213,A168_HF9F_20260827_0900,2026-08-27 09:00:00,185
1227204|43|905,905,1227204,43,2026-05-03,1,-1,4,4,2,1961.7263,1961.7263,-1762.4517,0.6722,-89.841874,490.4316,490.4316,1.0000,0,1,6,1848214,A168_HF9F_20260827_0900,2026-08-27 09:00:00,185
1227204|44|905,905,1227204,44,2026-05-03,1,-1,9,10,3,1402.7014,1402.7014,-1273.0853,0.0000,-90.759536,140.2701,155.8557,1.1111,0,1,36,1848215,A168_HF9F_20260827_0900,2026-08-27 09:00:00,185
1227204|45|905,905,1227204,45,2026-05-03,1,-1,6,6,2,2091.4480,0.0000,0.0000,0.0000,,348.5747,348.5747,1.0000,6,1,15,1848216,A168_HF9F_20260827_0900,2026-08-27 09:00:00,185
1227204|46|905,905,1227204,46,2026-05-03,1,-1,13,13,2,2275.6763,2275.6763,1943.4110,1.3613,85.399273,175.0520,175.0520,1.0000,0,1,78,1848217,A168_HF9F_20260827_0900,2026-08-27 09:00:00,185
1227204|47|905,905,1227204,47,2026-05-03,1,-1,10,10,2,2643.9660,2643.9660,2511.4477,0.6891,94.987896,264.3966,264.3966,1.0000,0,1,45,1848218,A168_HF9F_20260827_0900,2026-08-27 09:00:00,185
1227204|48|905,905,1227204,48,2026-05-03,1,-1,8,9,3,780.6080,780.6080,-69.4159,0.6891,-8.892544,86.7342,97.5760,1.1250,0,1,28,1848219,A168_HF9F_20260827_0900,2026-08-27 09:00:00,185
1227204|49|905,905,1227204,49,2026-05-03,1,-1,6,8,4,211.1636,211.1636,-87.1388,0.6891,-41.266028,26.3955,35.1939,1.3333,0,1,15,1848220,A168_HF9F_20260827_0900,2026-08-27 09:00:00,185
1227204|5|905,905,1227204,5,2026-05-03,1,-1,4,7,4,4617.9729,4617.9729,-4094.5743,0.0000,-88.666052,659.7104,1154.4932,1.7500,0,1,6,1848221,A168_HF9F_20260827_0900,2026-08-27 09:00:00,185
1227204|50|905,905,1227204,50,2026-05-03,1,-1,12,12,2,1400.6276,1400.6276,1353.8002,1.4318,96.656685,116.7190,116.7190,1.0000,0,1,66,1848222,A168_HF9F_20260827_0900,2026-08-27 09:00:00,185
1227204|51|905,905,1227204,51,2026-05-03,1,-1,15,20,6,1981.6292,1981.6292,39.9900,0.0000,2.018037,99.0815,132.1086,1.3333,0,1,105,1848223,A168_HF9F_20260827_0900,2026-08-27 09:00:00,185
1227204|52|905,905,1227204,52,2026-05-03,1,-1,18,24,5,1665.2184,1665.2184,-883.1390,0.0000,-53.034427,69.3841,92.5121,1.3333,0,1,153,1848224,A168_HF9F_20260827_0900,2026-08-27 09:00:00,185
1227204|6|905,905,1227204,6,2026-05-03,1,-1,17,19,4,4249.4248,4249.4248,-3256.4086,0.0000,-76.631752,223.6539,249.9662,1.1176,0,1,136,1848225,A168_HF9F_20260827_0900,2026-08-27 09:00:00,185
1227204|7|905,905,1227204,7,2026-05-03,1,-1,13,16,5,6387.4793,6387.4793,6287.4793,0.0000,98.434437,399.2175,491.3446,1.2308,0,1,78,1848226,A168_HF9F_20260827_0900,2026-08-27 09:00:00,185
1227204|8|905,905,1227204,8,2026-05-03,1,-1,4,4,2,588.0205,588.0205,537.4264,0.0000,91.395852,147.0051,147.0051,1.0000,0,1,6,1848227,A168_HF9F_20260827_0900,2026-08-27 09:00:00,185
1227204|9|905,905,1227204,9,2026-05-03,1,-1,5,7,3,4631.0384,4631.0384,4631.0384,0.0000,100.000000,661.5769,926.2077,1.4000,0,1,10,1848228,A168_HF9F_20260827_0900,2026-08-27 09:00:00,185
1226497|50|906,906,1226497,50,2026-05-03,1,-1,6,16,6,170.0007,170.0007,119.5859,0.0000,70.344323,10.6250,28.3335,2.6667,0,1,15,1848229,A168_HF9F_20260827_0900,2026-08-27 09:00:00,185
1226497|51|906,906,1226497,51,2026-05-03,1,-1,3,4,3,179.5372,179.5372,-158.7807,0.0000,-88.438846,44.8843,59.8457,1.3333,0,1,3,1848230,A168_HF9F_20260827_0900,2026-08-27 09:00:00,185
1226497|52|906,906,1226497,52,2026-05-03,1,-1,17,21,5,3077.1255,3063.4456,-2826.7467,0.2773,-92.273443,146.5298,181.0074,1.2353,1,1,136,1848231,A168_HF9F_20260827_0900,2026-08-27 09:00:00,185
1226533|1|906,906,1226533,1,2026-05-03,1,-1,3,3,2,64.8643,64.8643,38.9186,0.0000,60.000000,21.6214,21.6214,1.0000,0,1,3,1848232,A168_HF9F_20260827_0900,2026-08-27 09:00:00,185
1226533|10|906,906,1226533,10,2026-05-03,1,-1,4,8,5,140.6114,140.6114,36.8285,0.0000,26.191710,17.5764,35.1529,2.0000,0,1,6,1848233,A168_HF9F_20260827_0900,2026-08-27 09:00:00,185
1226533|11|906,906,1226533,11,2026-05-03,1,-1,5,8,5,169.5261,169.5261,-28.5315,0.0000,-16.830155,21.1908,33.9052,1.6000,0,1,10,1848234,A168_HF9F_20260827_0900,2026-08-27 09:00:00,185
1226533|12|906,906,1226533,12,2026-05-03,1,-1,7,10,5,286.9569,286.9569,187.3875,0.0000,65.301631,28.6957,40.9938,1.4286,0,1,21,1848235,A168_HF9F_20260827_0900,2026-08-27 09:00:00,185
1226533|13|906,906,1226533,13,2026-05-03,1,-1,3,4,3,100.4096,100.4096,-46.2346,0.0000,-46.046025,25.1024,33.4699,1.3333,0,1,3,1848236,A168_HF9F_20260827_0900,2026-08-27 09:00:00,185
1226533|14|906,906,1226533,14,2026-05-03,1,-1,15,16,3,1177.2564,1177.2564,-782.0992,0.0000,-66.434055,73.5785,78.4838,1.0667,0,1,105,1848237,A168_HF9F_20260827_0900,2026-08-27 09:00:00,185
1226533|15|906,906,1226533,15,2026-05-03,1,-1,18,22,6,3237.8271,3232.5756,-3511.6047,0.0000,-108.631791,147.1740,179.8793,1.2222,0,1,153,1848238,A168_HF9F_20260827_0900,2026-08-27 09:00:00,185
1226533|16|906,906,1226533,16,2026-05-03,1,-1,20,30,8,3381.7003,3381.7003,-2791.8535,0.0840,-82.557685,112.7233,169.0850,1.5000,0,1,190,1848239,A168_HF9F_20260827_0900,2026-08-27 09:00:00,185
1226533|17|906,906,1226533,17,2026-05-03,1,-1,19,28,8,12232.5038,12232.5038,-10776.6961,0.0840,-88.098858,436.8751,643.8160,1.4737,0,1,171,1848240,A168_HF9F_20260827_0900,2026-08-27 09:00:00,185
1226533|18|906,906,1226533,18,2026-05-03,1,-1,19,31,7,4491.6660,4491.6660,-3333.4520,0.0504,-74.214156,144.8925,236.4035,1.6316,0,1,171,1848241,A168_HF9F_20260827_0900,2026-08-27 09:00:00,185
1226533|19|906,906,1226533,19,2026-05-03,1,-1,19,26,6,3827.8006,3827.8006,-3110.3401,0.8907,-81.256585,147.2231,201.4632,1.3684,0,1,171,1848242,A168_HF9F_20260827_0900,2026-08-27 09:00:00,185
1226533|2|906,906,1226533,2,2026-05-03,1,-1,1,1,1,12.9729,12.9729,-12.9729,0.0000,-100.000000,12.9729,12.9729,1.0000,0,0,0,1848243,A168_HF9F_20260827_0900,2026-08-27 09:00:00,185
1226533|20|906,906,1226533,20,2026-05-03,1,-1,31,43,5,11858.8012,11850.3987,8079.5614,0.5126,68.179658,275.7861,382.5420,1.3871,1,1,465,1848244,A168_HF9F_20260827_0900,2026-08-27 09:00:00,185
1226533|21|906,906,1226533,21,2026-05-03,1,-1,15,27,6,1177.8025,658.8880,-158.8861,0.1344,-24.114273,43.6223,78.5202,1.8000,2,1,105,1848245,A168_HF9F_20260827_0900,2026-08-27 09:00:00,185
1226533|22|906,906,1226533,22,2026-05-03,1,-1,9,17,5,252.0181,194.0410,145.8515,0.1176,75.165328,14.8246,28.0020,1.8889,1,1,36,1848246,A168_HF9F_20260827_0900,2026-08-27 09:00:00,185
1226533|23|906,906,1226533,23,2026-05-03,1,-1,6,13,5,196.8324,50.4149,-176.4521,0.0168,-350.000000,15.1410,32.8054,2.1667,6,1,15,1848247,A168_HF9F_20260827_0900,2026-08-27 09:00:00,185
1226533|24|906,906,1226533,24,2026-05-03,1,-1,4,15,8,238.9543,175.9358,-29.1385,0.5512,-16.561989,15.9303,59.7386,3.7500,1,1,6,1848248,A168_HF9F_20260827_0900,2026-08-27 09:00:00,185
1226533|25|906,906,1226533,25,2026-05-03,1,-1,4,10,5,691.8660,691.8660,-511.2127,0.0000,-73.888976,69.1866,172.9665,2.5000,0,1,6,1848249,A168_HF9F_20260827_0900,2026-08-27 09:00:00,185
1226533|26|906,906,1226533,26,2026-05-03,1,-1,5,15,6,595.6022,532.5836,442.6771,0.0000,83.118796,39.7068,119.1204,3.0000,1,1,10,1848250,A168_HF9F_20260827_0900,2026-08-27 09:00:00,185
1226533|27|906,906,1226533,27,2026-05-03,1,-1,9,18,7,1303.1925,1303.1925,-133.3461,0.0840,-10.232266,72.3996,144.7992,2.0000,0,1,36,1848251,A168_HF9F_20260827_0900,2026-08-27 09:00:00,185
1226533|28|906,906,1226533,28,2026-05-03,1,-1,19,34,8,1944.5053,188.9643,-579.2253,0.0336,-306.526272,57.1913,102.3424,1.7895,18,1,171,1848252,A168_HF9F_20260827_0900,2026-08-27 09:00:00,185
1226533|29|906,906,1226533,29,2026-05-03,1,-1,23,37,7,2722.2783,2659.2597,672.5145,0.0672,25.289539,73.5751,118.3599,1.6087,1,1,253,1848253,A168_HF9F_20260827_0900,2026-08-27 09:00:00,185
1226533|3|906,906,1226533,3,2026-05-03,1,-1,3,3,1,147.8906,0.0000,0.0000,0.0000,,49.2969,49.2969,1.0000,3,1,3,1848254,A168_HF9F_20260827_0900,2026-08-27 09:00:00,185
1226533|30|906,906,1226533,30,2026-05-03,1,-1,38,59,8,4945.0787,4816.9366,-3739.0929,2.7445,-77.623877,83.8149,130.1337,1.5526,2,1,703,1848255,A168_HF9F_20260827_0900,2026-08-27 09:00:00,185
1226533|31|906,906,1226533,31,2026-05-03,1,-1,36,53,8,21581.8433,4079.0464,3511.5488,2.3461,86.087494,407.2046,599.4956,1.4722,2,1,630,1848256,A168_HF9F_20260827_0900,2026-08-27 09:00:00,185
1226533|32|906,906,1226533,32,2026-05-03,1,-1,14,21,8,1797.4893,1755.4769,-1226.7893,0.1344,-69.883536,85.5947,128.3921,1.5000,1,1,91,1848257,A168_HF9F_20260827_0900,2026-08-27 09:00:00,185
1226533|33|906,906,1226533,33,2026-05-03,1,-1,12,22,8,1287.4485,1287.4485,-613.8187,0.1680,-47.677147,58.5204,107.2874,1.8333,0,1,66,1848258,A168_HF9F_20260827_0900,2026-08-27 09:00:00,185
1226533|34|906,906,1226533,34,2026-05-03,1,-1,19,27,8,2321.0702,2321.0702,232.4911,0.1176,10.016550,85.9656,122.1616,1.4211,0,1,171,1848259,A168_HF9F_20260827_0900,2026-08-27 09:00:00,185
1226533|35|906,906,1226533,35,2026-05-03,1,-1,23,29,6,6554.5745,71.7958,10.6335,0.0336,14.810763,226.0198,284.9815,1.2609,23,1,253,1848260,A168_HF9F_20260827_0900,2026-08-27 09:00:00,185
1226533|36|906,906,1226533,36,2026-05-03,1,-1,21,27,5,5678.2809,5674.0797,1766.3832,0.1344,31.130744,210.3067,270.3943,1.2857,1,1,210,1848261,A168_HF9F_20260827_0900,2026-08-27 09:00:00,185
1226533|37|906,906,1226533,37,2026-05-03,1,-1,8,12,5,1262.1231,1257.9219,927.0562,0.0000,73.697433,105.1769,157.7654,1.5000,1,1,28,1848262,A168_HF9F_20260827_0900,2026-08-27 09:00:00,185
1226533|38|906,906,1226533,38,2026-05-03,1,-1,5,8,4,128.4279,124.2266,48.4404,0.0000,38.993596,16.0535,25.6856,1.6000,1,1,10,1848263,A168_HF9F_20260827_0900,2026-08-27 09:00:00,185
1226533|39|906,906,1226533,39,2026-05-03,1,-1,9,15,6,440.1597,435.9585,-60.5155,0.0000,-13.881019,29.3440,48.9066,1.6667,1,1,36,1848264,A168_HF9F_20260827_0900,2026-08-27 09:00:00,185
1226533|4|906,906,1226533,4,2026-05-03,1,-1,3,3,2,74.4586,74.4586,38.1346,0.0000,51.215838,24.8195,24.8195,1.0000,0,1,3,1848265,A168_HF9F_20260827_0900,2026-08-27 09:00:00,185
1226533|40|906,906,1226533,40,2026-05-03,1,-1,15,21,6,1908.4177,29.4087,-84.0248,0.0000,-285.714286,90.8770,127.2278,1.4000,15,1,105,1848266,A168_HF9F_20260827_0900,2026-08-27 09:00:00,185
1226533|41|906,906,1226533,41,2026-05-03,1,-1,12,18,5,1800.7467,1788.1430,1110.4478,0.0672,62.100615,100.0415,150.0622,1.5000,2,1,66,1848267,A168_HF9F_20260827_0900,2026-08-27 09:00:00,185
1226533|42|906,906,1226533,42,2026-05-03,1,-1,19,29,7,3452.3945,3448.1933,-2317.7167,0.1008,-67.215394,119.0481,181.7050,1.5263,1,1,171,1848268,A168_HF9F_20260827_0900,2026-08-27 09:00:00,185
1226533|43|906,906,1226533,43,2026-05-03,1,-1,7,9,4,753.7935,753.7935,-662.0729,0.0000,-87.832131,83.7548,107.6848,1.2857,0,1,21,1848269,A168_HF9F_20260827_0900,2026-08-27 09:00:00,185
1226533|44|906,906,1226533,44,2026-05-03,1,-1,14,15,3,1477.1211,1477.1211,253.6317,3.7811,17.170679,98.4747,105.5087,1.0714,0,1,91,1848270,A168_HF9F_20260827_0900,2026-08-27 09:00:00,185
1226533|45|906,906,1226533,45,2026-05-03,1,-1,11,13,4,1664.8652,1664.8652,1394.1731,0.0000,83.740898,128.0666,151.3514,1.1818,0,1,55,1848271,A168_HF9F_20260827_0900,2026-08-27 09:00:00,185
1226533|46|906,906,1226533,46,2026-05-03,1,-1,9,9,2,347.8930,347.8930,88.3203,0.0000,25.387209,38.6548,38.6548,1.0000,0,1,36,1848272,A168_HF9F_20260827_0900,2026-08-27 09:00:00,185
1226533|47|906,906,1226533,47,2026-05-03,1,-1,7,11,5,244.0829,239.8816,-159.3291,0.0000,-66.419888,22.1894,34.8690,1.5714,1,1,21,1848273,A168_HF9F_20260827_0900,2026-08-27 09:00:00,185
1226533|48|906,906,1226533,48,2026-05-03,1,-1,17,18,2,1135.8477,1131.6464,-698.5285,0.0000,-61.726744,63.1026,66.8146,1.0588,1,1,136,1848274,A168_HF9F_20260827_0900,2026-08-27 09:00:00,185
1226533|49|906,906,1226533,49,2026-05-03,1,-1,25,33,8,3645.4362,3621.7232,-3954.3005,0.1008,-109.182846,110.4678,145.8174,1.3200,0,1,300,1848275,A168_HF9F_20260827_0900,2026-08-27 09:00:00,185
1226533|5|906,906,1226533,5,2026-05-03,1,-1,6,6,2,106.5023,0.0000,0.0000,0.0000,,17.7504,17.7504,1.0000,6,1,15,1848276,A168_HF9F_20260827_0900,2026-08-27 09:00:00,185
1226533|50|906,906,1226533,50,2026-05-03,1,-1,31,46,8,6351.4763,6351.4763,-5077.9668,0.1176,-79.949394,138.0756,204.8863,1.4839,0,1,465,1848277,A168_HF9F_20260827_0900,2026-08-27 09:00:00,185
1226533|6|906,906,1226533,6,2026-05-03,1,-1,2,2,1,26.1953,0.0000,0.0000,0.0000,,13.0977,13.0977,1.0000,2,1,1,1848278,A168_HF9F_20260827_0900,2026-08-27 09:00:00,185
1226533|7|906,906,1226533,7,2026-05-03,1,-1,3,3,1,125.5379,125.5379,-125.5379,0.0000,-100.000000,41.8460,41.8460,1.0000,0,1,3,1848279,A168_HF9F_20260827_0900,2026-08-27 09:00:00,185
1226533|8|906,906,1226533,8,2026-05-03,1,-1,16,17,3,1356.8299,1356.8299,1032.2972,0.1680,76.081546,79.8135,84.8019,1.0625,0,1,120,1848280,A168_HF9F_20260827_0900,2026-08-27 09:00:00,185
1226533|9|906,906,1226533,9,2026-05-03,1,-1,4,7,3,760.4243,756.2231,-513.4965,0.0000,-67.902778,108.6320,190.1061,1.7500,1,1,6,1848281,A168_HF9F_20260827_0900,2026-08-27 09:00:00,185
1226576|1|906,906,1226576,1,2026-05-03,1,-1,2,2,2,508.3026,508.3026,-491.6974,0.0000,-96.733194,254.1513,254.1513,1.0000,0,1,1,1848282,A168_HF9F_20260827_0900,2026-08-27 09:00:00,185
1226576|10|906,906,1226576,10,2026-05-03,1,-1,5,8,5,337.0652,337.0652,295.0528,0.0000,87.535825,42.1331,67.4130,1.6000,0,1,10,1848283,A168_HF9F_20260827_0900,2026-08-27 09:00:00,185
1226576|11|906,906,1226576,11,2026-05-03,1,-1,8,11,5,436.9216,436.9216,-293.4035,2.2900,-67.152435,39.7201,54.6152,1.3750,0,1,28,1848284,A168_HF9F_20260827_0900,2026-08-27 09:00:00,185
1226576|12|906,906,1226576,12,2026-05-03,1,-1,6,8,4,384.4445,34.4531,34.4531,0.2756,100.000000,48.0556,64.0741,1.3333,6,1,15,1848285,A168_HF9F_20260827_0900,2026-08-27 09:00:00,185
1226576|13|906,906,1226576,13,2026-05-03,1,-1,6,8,4,357.7174,357.7174,151.9644,1.3781,42.481694,44.7147,59.6196,1.3333,0,1,15,1848286,A168_HF9F_20260827_0900,2026-08-27 09:00:00,185
1226576|14|906,906,1226576,14,2026-05-03,1,-1,4,6,4,1037.7940,1037.7940,1013.2168,1.9294,97.631780,172.9657,259.4485,1.5000,0,1,6,1848287,A168_HF9F_20260827_0900,2026-08-27 09:00:00,185
1226576|15|906,906,1226576,15,2026-05-03,1,-1,5,6,3,298.1898,298.1898,118.1898,0.0000,39.635767,49.6983,59.6380,1.2000,0,1,10,1848288,A168_HF9F_20260827_0900,2026-08-27 09:00:00,185
1226576|16|906,906,1226576,16,2026-05-03,1,-1,6,6,2,1252.8678,0.0000,0.0000,0.0000,,208.8113,208.8113,1.0000,6,1,15,1848289,A168_HF9F_20260827_0900,2026-08-27 09:00:00,185
1226576|17|906,906,1226576,17,2026-05-03,1,-1,4,4,2,508.9653,508.9653,478.2437,0.0000,93.963918,127.2413,127.2413,1.0000,0,1,6,1848290,A168_HF9F_20260827_0900,2026-08-27 09:00:00,185
1226576|18|906,906,1226576,18,2026-05-03,1,-1,6,6,2,382.4565,382.4565,-57.6674,0.0000,-15.078166,63.7428,63.7428,1.0000,0,1,15,1848291,A168_HF9F_20260827_0900,2026-08-27 09:00:00,185
1226576|19|906,906,1226576,19,2026-05-03,1,-1,4,4,2,578.7768,578.7768,-539.7191,0.0000,-93.251687,144.6942,144.6942,1.0000,0,1,6,1848292,A168_HF9F_20260827_0900,2026-08-27 09:00:00,185
1226576|2|906,906,1226576,2,2026-05-03,1,-1,4,4,2,303.6149,303.6149,-219.5008,0.0168,-72.295803,75.9037,75.9037,1.0000,0,1,6,1848293,A168_HF9F_20260827_0900,2026-08-27 09:00:00,185
1226576|20|906,906,1226576,20,2026-05-03,1,-1,5,6,3,812.9800,812.9800,706.4786,0.0000,86.899873,135.4967,162.5960,1.2000,0,1,10,1848294,A168_HF9F_20260827_0900,2026-08-27 09:00:00,185
1226576|21|906,906,1226576,21,2026-05-03,1,-1,16,16,2,2423.8757,2423.8757,675.6937,4.8104,27.876583,151.4922,151.4922,1.0000,0,1,120,1848295,A168_HF9F_20260827_0900,2026-08-27 09:00:00,185
1226576|22|906,906,1226576,22,2026-05-03,1,-1,10,10,2,1734.4791,1728.5596,-1596.6495,0.1018,-92.368783,173.4479,173.4479,1.0000,0,1,45,1848296,A168_HF9F_20260827_0900,2026-08-27 09:00:00,185
1226576|23|906,906,1226576,23,2026-05-03,1,-1,10,11,3,1995.4728,1995.4728,1646.0528,4.7264,82.489363,181.4066,199.5473,1.1000,0,1,45,1848297,A168_HF9F_20260827_0900,2026-08-27 09:00:00,185
1226576|24|906,906,1226576,24,2026-05-03,1,-1,3,3,2,27.7929,27.7929,27.7929,0.0000,100.000000,9.2643,9.2643,1.0000,0,1,3,1848298,A168_HF9F_20260827_0900,2026-08-27 09:00:00,185
1226576|25|906,906,1226576,25,2026-05-03,1,-1,7,10,4,222.9836,202.9836,17.6027,0.0000,8.671963,22.2984,31.8548,1.4286,1,1,21,1848299,A168_HF9F_20260827_0900,2026-08-27 09:00:00,185
1226576|26|906,906,1226576,26,2026-05-03,1,-1,9,12,6,227.0511,227.0511,-91.4751,0.6722,-40.288332,18.9209,25.2279,1.3333,0,1,36,1848300,A168_HF9F_20260827_0900,2026-08-27 09:00:00,185
1226576|27|906,906,1226576,27,2026-05-03,1,-1,3,3,1,32.1275,32.1275,-30.5212,0.0000,-95.000000,10.7092,10.7092,1.0000,0,1,3,1848301,A168_HF9F_20260827_0900,2026-08-27 09:00:00,185
1226576|28|906,906,1226576,28,2026-05-03,1,-1,12,17,7,4975.2950,4975.2950,-4156.7163,0.0000,-83.547133,292.6644,414.6079,1.4167,0,1,66,1848302,A168_HF9F_20260827_0900,2026-08-27 09:00:00,185
1226576|29|906,906,1226576,29,2026-05-03,1,-1,24,31,7,1919.2055,1919.2055,604.8142,0.1344,31.513781,61.9099,79.9669,1.2917,0,1,276,1848303,A168_HF9F_20260827_0900,2026-08-27 09:00:00,185
1226576|3|906,906,1226576,3,2026-05-03,1,-1,2,4,3,101.8801,93.4776,87.5433,0.0000,93.651685,25.4700,50.9400,2.0000,1,1,1,1848304,A168_HF9F_20260827_0900,2026-08-27 09:00:00,185
1226576|30|906,906,1226576,30,2026-05-03,1,-1,9,11,4,1163.9234,1163.9234,-717.5609,0.0840,-61.650186,105.8112,129.3248,1.2222,0,1,36,1848305,A168_HF9F_20260827_0900,2026-08-27 09:00:00,185
1226576|31|906,906,1226576,31,2026-05-03,1,-1,9,10,2,1734.0006,1734.0006,1734.0006,0.0000,100.000000,173.4001,192.6667,1.1111,0,1,36,1848306,A168_HF9F_20260827_0900,2026-08-27 09:00:00,185
1226576|32|906,906,1226576,32,2026-05-03,1,-1,8,9,3,746.5359,746.5359,-702.9208,0.0000,-94.157672,82.9484,93.3170,1.1250,0,1,28,1848307,A168_HF9F_20260827_0900,2026-08-27 09:00:00,185
1226576|33|906,906,1226576,33,2026-05-03,1,-1,11,12,3,818.3726,818.3726,-261.9213,0.0000,-32.005140,68.1977,74.3975,1.0909,0,1,55,1848308,A168_HF9F_20260827_0900,2026-08-27 09:00:00,185
1226576|34|906,906,1226576,34,2026-05-03,1,-1,7,8,3,884.4960,884.4960,-613.3321,0.0000,-69.342548,110.5620,126.3566,1.1429,0,1,21,1848309,A168_HF9F_20260827_0900,2026-08-27 09:00:00,185
1226576|35|906,906,1226576,35,2026-05-03,1,-1,6,7,3,629.9060,629.9060,230.3879,0.0000,36.574974,89.9866,104.9843,1.1667,0,1,15,1848310,A168_HF9F_20260827_0900,2026-08-27 09:00:00,185
1226576|36|906,906,1226576,36,2026-05-03,1,-1,7,11,6,805.3609,805.3609,-589.3967,0.8269,-73.184176,73.2146,115.0516,1.5714,0,1,21,1848311,A168_HF9F_20260827_0900,2026-08-27 09:00:00,185
1226576|37|906,906,1226576,37,2026-05-03,1,-1,3,3,2,479.3970,0.0000,0.0000,0.0000,,159.7990,159.7990,1.0000,3,1,3,1848312,A168_HF9F_20260827_0900,2026-08-27 09:00:00,185
1226576|38|906,906,1226576,38,2026-05-03,1,-1,6,6,2,800.1385,800.1385,-399.8615,0.0000,-49.974038,133.3564,133.3564,1.0000,0,1,15,1848313,A168_HF9F_20260827_0900,2026-08-27 09:00:00,185
1226576|39|906,906,1226576,39,2026-05-03,1,-1,4,4,2,738.8972,738.8972,349.7114,0.0000,47.328830,184.7243,184.7243,1.0000,0,1,6,1848314,A168_HF9F_20260827_0900,2026-08-27 09:00:00,185
1226576|4|906,906,1226576,4,2026-05-03,1,-1,7,8,3,188.7358,188.7358,-76.5505,0.1680,-40.559579,23.5920,26.9623,1.1429,0,1,21,1848315,A168_HF9F_20260827_0900,2026-08-27 09:00:00,185
1226576|40|906,906,1226576,40,2026-05-03,1,-1,9,9,2,2728.0554,2728.0554,-2422.1334,0.0000,-88.786079,303.1173,303.1173,1.0000,0,1,36,1848316,A168_HF9F_20260827_0900,2026-08-27 09:00:00,185
1226576|41|906,906,1226576,41,2026-05-03,1,-1,11,11,1,1332.7761,1332.7761,1332.7761,0.0000,100.000000,121.1615,121.1615,1.0000,0,1,55,1848317,A168_HF9F_20260827_0900,2026-08-27 09:00:00,185
1226576|42|906,906,1226576,42,2026-05-03,1,-1,6,6,2,867.0329,867.0329,204.6704,0.0000,23.605835,144.5055,144.5055,1.0000,0,1,15,1848318,A168_HF9F_20260827_0900,2026-08-27 09:00:00,185
1226576|43|906,906,1226576,43,2026-05-03,1,-1,9,9,2,1113.7561,1113.7561,-105.8048,0.4201,-9.499817,123.7507,123.7507,1.0000,0,1,36,1848319,A168_HF9F_20260827_0900,2026-08-27 09:00:00,185
1226576|44|906,906,1226576,44,2026-05-03,1,-1,15,17,4,2162.4065,2162.4065,-1359.5636,0.4201,-62.872711,127.2004,144.1604,1.1333,0,1,105,1848320,A168_HF9F_20260827_0900,2026-08-27 09:00:00,185
1226576|45|906,906,1226576,45,2026-05-03,1,-1,9,10,3,2047.5663,2047.5663,-1323.6754,0.0000,-64.646278,204.7566,227.5074,1.1111,0,1,36,1848321,A168_HF9F_20260827_0900,2026-08-27 09:00:00,185
1226576|46|906,906,1226576,46,2026-05-03,1,-1,9,13,5,2083.8270,2083.8270,863.2329,0.0000,41.425361,160.2944,231.5363,1.4444,0,1,36,1848322,A168_HF9F_20260827_0900,2026-08-27 09:00:00,185
1226576|47|906,906,1226576,47,2026-05-03,1,-1,3,4,3,522.5728,522.5728,491.4379,0.0000,94.042004,130.6432,174.1909,1.3333,0,1,3,1848323,A168_HF9F_20260827_0900,2026-08-27 09:00:00,185
1226576|48|906,906,1226576,48,2026-05-03,1,-1,7,7,2,1524.9274,1524.9274,383.3156,0.0000,25.136648,217.8468,217.8468,1.0000,0,1,21,1848324,A168_HF9F_20260827_0900,2026-08-27 09:00:00,185
1226576|49|906,906,1226576,49,2026-05-03,1,-1,7,7,2,899.9930,899.9930,491.1436,0.0000,54.571930,128.5704,128.5704,1.0000,0,1,21,1848325,A168_HF9F_20260827_0900,2026-08-27 09:00:00,185
1226576|5|906,906,1226576,5,2026-05-03,1,-1,22,23,3,2452.5401,2452.5401,2235.6482,0.4873,91.156440,106.6322,111.4791,1.0455,0,1,231,1848326,A168_HF9F_20260827_0900,2026-08-27 09:00:00,185
1226576|50|906,906,1226576,50,2026-05-03,1,-1,7,7,2,520.2187,520.2187,-442.3815,0.0000,-85.037607,74.3170,74.3170,1.0000,0,1,21,1848327,A168_HF9F_20260827_0900,2026-08-27 09:00:00,185
1226576|51|906,906,1226576,51,2026-05-03,1,-1,5,6,3,174.6864,174.6864,-52.9873,0.0000,-30.332799,29.1144,34.9373,1.2000,0,1,10,1848328,A168_HF9F_20260827_0900,2026-08-27 09:00:00,185
1226576|52|906,906,1226576,52,2026-05-03,1,-1,4,5,3,1610.4769,1610.4769,1091.5625,0.0000,67.778834,322.0954,402.6192,1.2500,0,1,6,1848329,A168_HF9F_20260827_0900,2026-08-27 09:00:00,185
1226576|6|906,906,1226576,6,2026-05-03,1,-1,11,13,3,897.4031,889.0006,-422.8547,0.0000,-47.565174,69.0310,81.5821,1.1818,1,1,55,1848330,A168_HF9F_20260827_0900,2026-08-27 09:00:00,185
1226576|7|906,906,1226576,7,2026-05-03,1,-1,9,10,3,811.5330,811.5330,-193.7752,0.6218,-23.877670,81.1533,90.1703,1.1111,0,1,36,1848331,A168_HF9F_20260827_0900,2026-08-27 09:00:00,185
1226576|8|906,906,1226576,8,2026-05-03,1,-1,13,14,3,987.6690,987.6690,776.2842,0.2017,78.597604,70.5478,75.9745,1.0769,0,1,78,1848332,A168_HF9F_20260827_0900,2026-08-27 09:00:00,185
1226576|9|906,906,1226576,9,2026-05-03,1,-1,5,5,2,162.0118,162.0118,-15.4373,0.0000,-9.528491,32.4024,32.4024,1.0000,0,1,10,1848333,A168_HF9F_20260827_0900,2026-08-27 09:00:00,185
1226619|1|906,906,1226619,1,2026-05-03,1,-1,4,4,2,99.4644,0.0000,0.0000,0.0000,,24.8661,24.8661,1.0000,4,1,6,1848334,A168_HF9F_20260827_0900,2026-08-27 09:00:00,185
1226619|10|906,906,1226619,10,2026-05-03,1,-1,4,5,3,804.3736,804.3736,-416.2206,0.0000,-51.744684,160.8747,201.0934,1.2500,0,1,6,1848335,A168_HF9F_20260827_0900,2026-08-27 09:00:00,185
1226619|11|906,906,1226619,11,2026-05-03,1,-1,9,11,4,739.8250,739.8250,477.8715,0.0000,64.592515,67.2568,82.2028,1.2222,0,1,36,1848336,A168_HF9F_20260827_0900,2026-08-27 09:00:00,185
1226619|12|906,906,1226619,12,2026-05-03,1,-1,8,9,3,455.8371,455.8371,17.1703,0.4873,3.766764,50.6486,56.9796,1.1250,0,1,28,1848337,A168_HF9F_20260827_0900,2026-08-27 09:00:00,185
1226619|13|906,906,1226619,13,2026-05-03,1,-1,7,16,7,353.6055,322.5977,50.7944,0.0000,15.745441,22.1003,50.5151,2.2857,0,1,21,1848338,A168_HF9F_20260827_0900,2026-08-27 09:00:00,185
1226619|14|906,906,1226619,14,2026-05-03,1,-1,5,7,4,110.3463,110.3463,-25.8195,0.0000,-23.398628,15.7638,22.0693,1.4000,0,1,10,1848339,A168_HF9F_20260827_0900,2026-08-27 09:00:00,185
1226619|15|906,906,1226619,15,2026-05-03,1,-1,7,8,3,293.9748,293.9748,218.0836,0.0000,74.184441,36.7468,41.9964,1.1429,0,1,21,1848340,A168_HF9F_20260827_0900,2026-08-27 09:00:00,185
1226619|16|906,906,1226619,16,2026-05-03,1,-1,5,8,5,215.5972,215.5972,-142.9492,0.0000,-66.303828,26.9497,43.1194,1.6000,0,1,10,1848341,A168_HF9F_20260827_0900,2026-08-27 09:00:00,185
1226619|17|906,906,1226619,17,2026-05-03,1,-1,9,12,5,348.8118,348.8118,-70.5633,0.0000,-20.229607,29.0677,38.7569,1.3333,0,1,36,1848342,A168_HF9F_20260827_0900,2026-08-27 09:00:00,185
1226619|18|906,906,1226619,18,2026-05-03,1,-1,6,6,2,608.8902,608.8902,-411.2035,0.0000,-67.533272,101.4817,101.4817,1.0000,0,1,15,1848343,A168_HF9F_20260827_0900,2026-08-27 09:00:00,185
1226619|19|906,906,1226619,19,2026-05-03,1,-1,13,15,4,3734.4659,3729.9064,2961.8013,0.0000,79.406854,248.9644,287.2666,1.1538,1,1,78,1848344,A168_HF9F_20260827_0900,2026-08-27 09:00:00,185
1226619|2|906,906,1226619,2,2026-05-03,1,-1,2,2,1,725.9457,725.9457,725.9457,0.0000,100.000000,362.9729,362.9729,1.0000,0,1,1,1848345,A168_HF9F_20260827_0900,2026-08-27 09:00:00,185
1226619|20|906,906,1226619,20,2026-05-03,1,-1,15,19,5,1278.1854,1278.1854,-560.2213,0.0000,-43.829422,67.2729,85.2124,1.2667,0,1,105,1848346,A168_HF9F_20260827_0900,2026-08-27 09:00:00,185
1226619|21|906,906,1226619,21,2026-05-03,1,-1,21,23,3,3213.2458,3213.2458,3102.6362,0.0000,96.557699,139.7063,153.0117,1.0952,0,1,210,1848347,A168_HF9F_20260827_0900,2026-08-27 09:00:00,185
1226619|22|906,906,1226619,22,2026-05-03,1,-1,7,7,2,395.2879,0.0000,0.0000,0.0000,,56.4697,56.4697,1.0000,7,1,21,1848348,A168_HF9F_20260827_0900,2026-08-27 09:00:00,185
1226619|23|906,906,1226619,23,2026-05-03,1,-1,8,11,5,927.0178,927.0178,477.4399,0.0000,51.502776,84.2743,115.8772,1.3750,0,1,28,1848349,A168_HF9F_20260827_0900,2026-08-27 09:00:00,185
1226619|24|906,906,1226619,24,2026-05-03,1,-1,20,21,3,2446.1648,2446.1648,-1642.0261,5.6717,-67.126554,116.4840,122.3082,1.0500,0,1,190,1848350,A168_HF9F_20260827_0900,2026-08-27 09:00:00,185
1226619|25|906,906,1226619,25,2026-05-03,1,-1,25,31,7,2007.7599,63.1211,16.4188,0.0000,26.011559,64.7664,80.3104,1.2400,25,1,300,1848351,A168_HF9F_20260827_0900,2026-08-27 09:00:00,185
1226619|26|906,906,1226619,26,2026-05-03,1,-1,21,26,6,1914.5337,1914.5337,758.1979,0.0000,39.602226,73.6359,91.1683,1.2381,0,1,210,1848352,A168_HF9F_20260827_0900,2026-08-27 09:00:00,185
1226619|27|906,906,1226619,27,2026-05-03,1,-1,26,33,8,1932.2870,1932.2870,1260.1920,4.7264,65.217643,58.5542,74.3187,1.2692,0,1,325,1848353,A168_HF9F_20260827_0900,2026-08-27 09:00:00,185
1226619|28|906,906,1226619,28,2026-05-03,1,-1,13,20,7,938.4526,938.4526,700.0808,0.0000,74.599483,46.9226,72.1887,1.5385,0,1,78,1848354,A168_HF9F_20260827_0900,2026-08-27 09:00:00,185
1226619|29|906,906,1226619,29,2026-05-03,1,-1,7,7,3,187.0052,43.6453,43.6453,0.0000,100.000000,26.7150,26.7150,1.0000,6,1,21,1848355,A168_HF9F_20260827_0900,2026-08-27 09:00:00,185
1226619|3|906,906,1226619,3,2026-05-03,1,-1,3,3,2,723.1068,723.1068,-491.9515,0.0000,-68.033030,241.0356,241.0356,1.0000,0,1,3,1848356,A168_HF9F_20260827_0900,2026-08-27 09:00:00,185
1226619|30|906,906,1226619,30,2026-05-03,1,-1,8,8,2,149.9781,149.9781,-75.8429,0.0000,-50.569331,18.7473,18.7473,1.0000,0,1,28,1848357,A168_HF9F_20260827_0900,2026-08-27 09:00:00,185
1226619|31|906,906,1226619,31,2026-05-03,1,-1,9,12,5,323.1131,323.1131,-48.6917,0.0000,-15.069569,26.9261,35.9015,1.3333,0,1,36,1848358,A168_HF9F_20260827_0900,2026-08-27 09:00:00,185
1226619|32|906,906,1226619,32,2026-05-03,1,-1,9,13,5,1200.6434,1200.6434,1078.8746,0.2554,89.858040,92.3572,133.4048,1.4444,0,1,36,1848359,A168_HF9F_20260827_0900,2026-08-27 09:00:00,185
1226619|33|906,906,1226619,33,2026-05-03,1,-1,7,11,6,328.4316,9.4528,-9.4528,0.0000,-100.000000,29.8574,46.9188,1.5714,7,1,21,1848360,A168_HF9F_20260827_0900,2026-08-27 09:00:00,185
1226619|34|906,906,1226619,34,2026-05-03,1,-1,8,8,2,506.9657,506.9657,312.4121,0.0000,61.623920,63.3707,63.3707,1.0000,0,1,28,1848361,A168_HF9F_20260827_0900,2026-08-27 09:00:00,185
1226619|35|906,906,1226619,35,2026-05-03,1,-1,6,8,4,589.5973,589.5973,456.8009,0.0000,77.476762,73.6997,98.2662,1.3333,0,1,15,1848362,A168_HF9F_20260827_0900,2026-08-27 09:00:00,185
1226619|36|906,906,1226619,36,2026-05-03,1,-1,14,19,7,862.4662,862.4662,-32.1149,0.1680,-3.723616,45.3930,61.6047,1.3571,0,1,91,1848363,A168_HF9F_20260827_0900,2026-08-27 09:00:00,185
1226619|37|906,906,1226619,37,2026-05-03,1,-1,10,22,8,274.9915,274.9915,38.4586,0.2437,13.985386,12.4996,27.4992,2.2000,0,1,45,1848364,A168_HF9F_20260827_0900,2026-08-27 09:00:00,185
1226619|38|906,906,1226619,38,2026-05-03,1,-1,8,12,5,260.5911,260.5911,-1.3623,0.0000,-0.522786,21.7159,32.5739,1.5000,0,1,28,1848365,A168_HF9F_20260827_0900,2026-08-27 09:00:00,185
1226619|39|906,906,1226619,39,2026-05-03,1,-1,7,8,3,578.6986,578.6986,-72.8880,0.4201,-12.595154,72.3373,82.6712,1.1429,0,1,21,1848366,A168_HF9F_20260827_0900,2026-08-27 09:00:00,185
1226619|4|906,906,1226619,4,2026-05-03,1,-1,4,4,1,949.2969,0.0000,0.0000,0.0000,,237.3242,237.3242,1.0000,4,1,6,1848367,A168_HF9F_20260827_0900,2026-08-27 09:00:00,185
1226619|40|906,906,1226619,40,2026-05-03,1,-1,7,7,2,190.6281,190.6281,-17.7273,0.0000,-9.299435,27.2326,27.2326,1.0000,0,1,21,1848368,A168_HF9F_20260827_0900,2026-08-27 09:00:00,185
1226619|41|906,906,1226619,41,2026-05-03,1,-1,8,10,4,367.3204,367.3204,-97.4979,0.0000,-26.543022,36.7320,45.9151,1.2500,0,1,28,1848369,A168_HF9F_20260827_0900,2026-08-27 09:00:00,185
1226619|42|906,906,1226619,42,2026-05-03,1,-1,15,22,8,1110.9963,1110.9963,175.3605,0.0000,15.784080,50.4998,74.0664,1.4667,0,1,105,1848370,A168_HF9F_20260827_0900,2026-08-27 09:00:00,185
1226619|43|906,906,1226619,43,2026-05-03,1,-1,17,18,3,1106.2091,10.3783,-83.0263,0.0000,-800.000000,61.4561,65.0711,1.0588,17,1,136,1848371,A168_HF9F_20260827_0900,2026-08-27 09:00:00,185
1226619|44|906,906,1226619,44,2026-05-03,1,-1,19,19,2,773.1501,773.1501,48.2618,0.2689,6.242235,40.6921,40.6921,1.0000,0,1,171,1848372,A168_HF9F_20260827_0900,2026-08-27 09:00:00,185
1226619|45|906,906,1226619,45,2026-05-03,1,-1,19,19,2,788.3351,788.3351,284.9397,0.0840,36.144493,41.4913,41.4913,1.0000,0,1,171,1848373,A168_HF9F_20260827_0900,2026-08-27 09:00:00,185
1226619|46|906,906,1226619,46,2026-05-03,1,-1,8,8,2,3350.3074,3350.3074,3018.3674,0.0000,90.092254,418.7884,418.7884,1.0000,0,1,28,1848374,A168_HF9F_20260827_0900,2026-08-27 09:00:00,185
1226619|47|906,906,1226619,47,2026-05-03,1,-1,3,3,1,73.3716,73.3716,-71.4257,0.0000,-97.347846,24.4572,24.4572,1.0000,0,1,3,1848375,A168_HF9F_20260827_0900,2026-08-27 09:00:00,185
1226619|48|906,906,1226619,48,2026-05-03,1,-1,7,7,2,140.2841,140.2841,-62.0925,0.0000,-44.261950,20.0406,20.0406,1.0000,0,1,21,1848376,A168_HF9F_20260827_0900,2026-08-27 09:00:00,185
1226619|49|906,906,1226619,49,2026-05-03,1,-1,18,21,5,1300.8616,1300.8616,-912.6637,0.0000,-70.158400,61.9458,72.2701,1.1667,0,1,153,1848377,A168_HF9F_20260827_0900,2026-08-27 09:00:00,185
1226619|5|906,906,1226619,5,2026-05-03,1,-1,5,5,2,894.2969,894.2969,-521.2973,0.0000,-58.291302,178.8594,178.8594,1.0000,0,1,10,1848378,A168_HF9F_20260827_0900,2026-08-27 09:00:00,185
1226619|50|906,906,1226619,50,2026-05-03,1,-1,9,9,2,312.7687,0.0000,0.0000,0.0000,,34.7521,34.7521,1.0000,9,1,36,1848379,A168_HF9F_20260827_0900,2026-08-27 09:00:00,185
1226619|51|906,906,1226619,51,2026-05-03,1,-1,9,9,2,222.8712,222.8712,70.9448,0.0000,31.832221,24.7635,24.7635,1.0000,0,1,36,1848380,A168_HF9F_20260827_0900,2026-08-27 09:00:00,185
1226619|52|906,906,1226619,52,2026-05-03,1,-1,6,6,2,370.1004,370.1004,-184.6347,0.0000,-49.887725,61.6834,61.6834,1.0000,0,1,15,1848381,A168_HF9F_20260827_0900,2026-08-27 09:00:00,185
1226619|53|906,906,1226619,53,2026-05-03,1,-1,6,6,2,345.5755,345.5755,33.1374,0.5472,9.589046,57.5959,57.5959,1.0000,0,1,15,1848382,A168_HF9F_20260827_0900,2026-08-27 09:00:00,185
1226619|6|906,906,1226619,6,2026-05-03,1,-1,7,9,3,699.2353,679.2353,-277.5559,0.0000,-40.862995,77.6928,99.8908,1.2857,1,1,21,1848383,A168_HF9F_20260827_0900,2026-08-27 09:00:00,185
1226619|7|906,906,1226619,7,2026-05-03,1,-1,7,9,4,858.2575,858.2575,-351.8045,0.0000,-40.990553,95.3619,122.6082,1.2857,0,1,21,1848384,A168_HF9F_20260827_0900,2026-08-27 09:00:00,185
1226619|8|906,906,1226619,8,2026-05-03,1,-1,5,7,4,940.8194,940.8194,625.2332,0.0000,66.456243,134.4028,188.1639,1.4000,0,1,10,1848385,A168_HF9F_20260827_0900,2026-08-27 09:00:00,185
1226619|9|906,906,1226619,9,2026-05-03,1,-1,8,11,6,1002.4679,1002.4679,654.6439,0.0000,65.303235,91.1334,125.3085,1.3750,0,1,28,1848386,A168_HF9F_20260827_0900,2026-08-27 09:00:00,185
1226661|1|906,906,1226661,1,2026-05-03,1,-1,2,2,1,51.8914,51.8914,51.8914,0.0000,100.000000,25.9457,25.9457,1.0000,0,1,1,1848387,A168_HF9F_20260827_0900,2026-08-27 09:00:00,185
1226661|10|906,906,1226661,10,2026-05-03,1,-1,9,10,3,3644.9585,3644.9585,-3206.4453,0.0000,-87.969325,364.4958,404.9954,1.1111,0,1,36,1848388,A168_HF9F_20260827_0900,2026-08-27 09:00:00,185
1226661|11|906,906,1226661,11,2026-05-03,1,-1,9,9,2,4944.0331,4944.0331,-4634.5344,0.5472,-93.739954,549.3370,549.3370,1.0000,0,1,36,1848389,A168_HF9F_20260827_0900,2026-08-27 09:00:00,185
1226661|12|906,906,1226661,12,2026-05-03,1,-1,11,14,5,4426.7582,4426.7582,-4154.2713,1.0591,-93.844548,316.1970,402.4326,1.2727,0,1,55,1848390,A168_HF9F_20260827_0900,2026-08-27 09:00:00,185
1226661|13|906,906,1226661,13,2026-05-03,1,-1,11,13,4,2993.5853,2993.5853,1357.4080,1.3538,45.343890,230.2758,272.1441,1.1818,0,1,55,1848391,A168_HF9F_20260827_0900,2026-08-27 09:00:00,185
1226661|14|906,906,1226661,14,2026-05-03,1,-1,28,37,8,9079.4075,8957.2008,4817.5518,1.7322,53.784122,245.3894,324.2646,1.3214,1,1,378,1848392,A168_HF9F_20260827_0900,2026-08-27 09:00:00,185
1226661|15|906,906,1226661,15,2026-05-03,1,-1,21,25,5,2305.2134,2263.2010,1096.0483,2.5112,48.429120,92.2085,109.7721,1.1905,2,1,210,1848393,A168_HF9F_20260827_0900,2026-08-27 09:00:00,185
1226661|16|906,906,1226661,16,2026-05-03,1,-1,22,28,6,1587.7399,1461.7027,-176.2113,4.6761,-12.055210,56.7050,72.1700,1.2727,1,1,231,1848394,A168_HF9F_20260827_0900,2026-08-27 09:00:00,185
1226661|17|906,906,1226661,17,2026-05-03,1,-1,14,19,6,813.3217,813.3217,324.8958,1.0999,39.946781,42.8064,58.0944,1.3571,0,1,91,1848395,A168_HF9F_20260827_0900,2026-08-27 09:00:00,185
1226661|18|906,906,1226661,18,2026-05-03,1,-1,14,17,5,649.2454,649.2454,204.6404,1.6678,31.519729,38.1909,46.3747,1.2143,0,1,91,1848396,A168_HF9F_20260827_0900,2026-08-27 09:00:00,185
1226661|19|906,906,1226661,19,2026-05-03,1,-1,10,22,6,932.5927,77.6061,14.1561,0.6046,18.240929,42.3906,93.2593,2.2000,10,1,45,1848397,A168_HF9F_20260827_0900,2026-08-27 09:00:00,185
1226661|2|906,906,1226661,2,2026-05-03,1,-1,2,5,5,80.5618,80.5618,-45.6546,0.0000,-56.670300,16.1124,40.2809,2.5000,0,1,1,1848398,A168_HF9F_20260827_0900,2026-08-27 09:00:00,185
1226661|20|906,906,1226661,20,2026-05-03,1,-1,12,18,7,438.7162,438.7162,82.8308,1.6091,18.880260,24.3731,36.5597,1.5000,0,1,66,1848399,A168_HF9F_20260827_0900,2026-08-27 09:00:00,185
1226661|21|906,906,1226661,21,2026-05-03,1,-1,13,17,5,489.1532,401.8627,254.2315,1.7115,63.263272,28.7737,37.6272,1.3077,1,1,78,1848400,A168_HF9F_20260827_0900,2026-08-27 09:00:00,185
1226661|22|906,906,1226661,22,2026-05-03,1,-1,13,15,3,695.5520,695.5520,-66.3869,1.7284,-9.544489,46.3701,53.5040,1.1538,0,1,78,1848401,A168_HF9F_20260827_0900,2026-08-27 09:00:00,185
1226661|23|906,906,1226661,23,2026-05-03,1,-1,11,14,4,760.8070,586.2260,-396.9406,1.5712,-67.711198,54.3434,69.1643,1.2727,1,1,55,1848402,A168_HF9F_20260827_0900,2026-08-27 09:00:00,185
1226661|24|906,906,1226661,24,2026-05-03,1,-1,16,21,6,1840.4235,1840.4235,677.0630,1.5685,36.788432,87.6392,115.0265,1.3125,0,1,120,1848403,A168_HF9F_20260827_0900,2026-08-27 09:00:00,185
1226661|25|906,906,1226661,25,2026-05-03,1,-1,12,17,7,979.7817,979.7817,529.5769,4.4312,54.050501,57.6342,81.6485,1.4167,0,1,66,1848404,A168_HF9F_20260827_0900,2026-08-27 09:00:00,185
1226661|26|906,906,1226661,26,2026-05-03,1,-1,13,14,3,2024.6853,2024.6853,-50.9853,0.0000,-2.518184,144.6204,155.7450,1.0769,0,1,78,1848405,A168_HF9F_20260827_0900,2026-08-27 09:00:00,185
1226661|27|906,906,1226661,27,2026-05-03,1,-1,9,9,2,1144.2156,1144.2156,-697.0253,0.5472,-60.917305,127.1351,127.1351,1.0000,0,1,36,1848406,A168_HF9F_20260827_0900,2026-08-27 09:00:00,185
1226661|28|906,906,1226661,28,2026-05-03,1,-1,3,3,2,80.2059,80.2059,-11.8065,0.2736,-14.720198,26.7353,26.7353,1.0000,0,1,3,1848407,A168_HF9F_20260827_0900,2026-08-27 09:00:00,185
1226661|29|906,906,1226661,29,2026-05-03,1,-1,10,11,3,450.8135,450.8135,-68.1278,0.5472,-15.112198,40.9830,45.0813,1.1000,0,1,45,1848408,A168_HF9F_20260827_0900,2026-08-27 09:00:00,185
1226661|3|906,906,1226661,3,2026-05-03,1,-1,5,5,2,152.7015,152.7015,-48.9186,0.0000,-32.035437,30.5403,30.5403,1.0000,0,1,10,1848409,A168_HF9F_20260827_0900,2026-08-27 09:00:00,185
1226661|30|906,906,1226661,30,2026-05-03,1,-1,8,9,3,679.2263,679.2263,-495.9588,0.0000,-73.018192,75.4696,84.9033,1.1250,0,1,28,1848410,A168_HF9F_20260827_0900,2026-08-27 09:00:00,185
1226661|31|906,906,1226661,31,2026-05-03,1,-1,8,9,3,754.7881,754.7881,-664.3987,0.0000,-88.024533,83.8653,94.3485,1.1250,0,1,28,1848411,A168_HF9F_20260827_0900,2026-08-27 09:00:00,185
1226661|32|906,906,1226661,32,2026-05-03,1,-1,6,6,2,111.3743,111.3743,-47.1356,0.0000,-42.321750,18.5624,18.5624,1.0000,0,1,15,1848412,A168_HF9F_20260827_0900,2026-08-27 09:00:00,185
1226661|33|906,906,1226661,33,2026-05-03,1,-1,6,10,5,246.7754,236.3971,83.6572,0.0000,35.388422,24.6775,41.1292,1.6667,1,1,15,1848413,A168_HF9F_20260827_0900,2026-08-27 09:00:00,185
1226661|34|906,906,1226661,34,2026-05-03,1,-1,11,13,5,312.8811,312.8811,141.3669,0.0000,45.182307,24.0678,28.4437,1.1818,0,1,55,1848414,A168_HF9F_20260827_0900,2026-08-27 09:00:00,185
1226661|35|906,906,1226661,35,2026-05-03,1,-1,9,9,2,739.9432,0.0000,0.0000,0.0000,,82.2159,82.2159,1.0000,9,1,36,1848415,A168_HF9F_20260827_0900,2026-08-27 09:00:00,185
1226661|36|906,906,1226661,36,2026-05-03,1,-1,13,18,5,397.6104,376.6042,-162.3845,0.0000,-43.118073,22.0895,30.5854,1.3846,1,1,78,1848416,A168_HF9F_20260827_0900,2026-08-27 09:00:00,185
1226661|37|906,906,1226661,37,2026-05-03,1,-1,6,13,8,183.4298,141.4174,18.1418,0.0000,12.828550,14.1100,30.5716,2.1667,1,1,15,1848417,A168_HF9F_20260827_0900,2026-08-27 09:00:00,185
1226661|38|906,906,1226661,38,2026-05-03,1,-1,6,15,8,195.9695,26.2577,-11.5534,0.0000,-44.000000,13.0646,32.6616,2.5000,7,1,15,1848418,A168_HF9F_20260827_0900,2026-08-27 09:00:00,185
1226661|39|906,906,1226661,39,2026-05-03,1,-1,5,15,8,335.2894,37.0714,-98.0623,0.0000,-264.523162,22.3526,67.0579,3.0000,6,1,10,1848419,A168_HF9F_20260827_0900,2026-08-27 09:00:00,185
1226661|4|906,906,1226661,4,2026-05-03,1,-1,5,8,4,247.8467,247.8467,121.3613,0.0000,48.966277,30.9808,49.5693,1.6000,0,1,10,1848420,A168_HF9F_20260827_0900,2026-08-27 09:00:00,185
1226661|40|906,906,1226661,40,2026-05-03,1,-1,8,14,5,359.6224,305.0063,126.6911,0.1642,41.537212,25.6873,44.9528,1.7500,1,1,28,1848421,A168_HF9F_20260827_0900,2026-08-27 09:00:00,185
1226661|41|906,906,1226661,41,2026-05-03,1,-1,5,12,8,316.3753,253.3567,253.3567,0.2736,100.000000,26.3646,63.2751,2.4000,1,1,10,1848422,A168_HF9F_20260827_0900,2026-08-27 09:00:00,185
1226661|42|906,906,1226661,42,2026-05-03,1,-1,10,21,5,1050.3713,1008.3589,-459.3347,0.0000,-45.552705,50.0177,105.0371,2.1000,1,1,45,1848423,A168_HF9F_20260827_0900,2026-08-27 09:00:00,185
1226661|43|906,906,1226661,43,2026-05-03,1,-1,8,14,7,1036.0521,1015.0459,691.6389,0.0000,68.138679,74.0037,129.5065,1.7500,1,1,28,1848424,A168_HF9F_20260827_0900,2026-08-27 09:00:00,185
1226661|44|906,906,1226661,44,2026-05-03,1,-1,8,15,8,545.5678,482.5492,220.5958,0.0000,45.714669,36.3712,68.1960,1.8750,1,1,28,1848425,A168_HF9F_20260827_0900,2026-08-27 09:00:00,185
1226661|45|906,906,1226661,45,2026-05-03,1,-1,9,14,6,280.7584,238.7460,-71.3570,0.0000,-29.888247,20.0542,31.1954,1.5556,1,1,36,1848426,A168_HF9F_20260827_0900,2026-08-27 09:00:00,185
1226661|46|906,906,1226661,46,2026-05-03,1,-1,8,14,6,524.5719,482.5595,-187.2749,0.0000,-38.808656,37.4694,65.5715,1.7500,1,1,28,1848427,A168_HF9F_20260827_0900,2026-08-27 09:00:00,185
1226661|47|906,906,1226661,47,2026-05-03,1,-1,9,11,4,1064.3917,1064.3917,740.0492,0.0000,69.527903,96.7629,118.2657,1.2222,0,1,36,1848428,A168_HF9F_20260827_0900,2026-08-27 09:00:00,185
1226661|48|906,906,1226661,48,2026-05-03,1,-1,7,10,5,398.9710,398.9710,331.9921,0.0000,83.212067,39.8971,56.9959,1.4286,0,1,21,1848429,A168_HF9F_20260827_0900,2026-08-27 09:00:00,185
1226661|49|906,906,1226661,49,2026-05-03,1,-1,1,1,1,33.7294,33.7294,-32.0430,0.0000,-95.000000,33.7294,33.7294,1.0000,0,0,0,1848430,A168_HF9F_20260827_0900,2026-08-27 09:00:00,185
1226661|5|906,906,1226661,5,2026-05-03,1,-1,13,16,4,1825.3366,1825.3366,-392.5870,0.7562,-21.507650,114.0835,140.4105,1.2308,0,1,78,1848431,A168_HF9F_20260827_0900,2026-08-27 09:00:00,185
1226661|50|906,906,1226661,50,2026-05-03,1,-1,10,13,5,540.6954,540.6954,270.6364,0.3408,50.053401,41.5920,54.0695,1.3000,0,1,45,1848432,A168_HF9F_20260827_0900,2026-08-27 09:00:00,185
1226661|51|906,906,1226661,51,2026-05-03,1,-1,10,13,4,601.9825,601.9825,433.7405,0.2736,72.052022,46.3063,60.1982,1.3000,0,1,45,1848433,A168_HF9F_20260827_0900,2026-08-27 09:00:00,185
1226661|52|906,906,1226661,52,2026-05-03,1,-1,6,8,4,197.9249,197.9249,35.5866,0.0000,17.979836,24.7406,32.9875,1.3333,0,1,15,1848434,A168_HF9F_20260827_0900,2026-08-27 09:00:00,185
1226661|53|906,906,1226661,53,2026-05-03,1,-1,5,7,4,322.6986,322.6986,-277.0368,0.0000,-85.849994,46.0998,64.5397,1.4000,0,1,10,1848435,A168_HF9F_20260827_0900,2026-08-27 09:00:00,185
1226661|54|906,906,1226661,54,2026-05-03,1,-1,8,13,6,572.8917,572.8917,-380.8933,0.0000,-66.486100,44.0686,71.6115,1.6250,0,1,28,1848436,A168_HF9F_20260827_0900,2026-08-27 09:00:00,185
1226661|55|906,906,1226661,55,2026-05-03,1,-1,11,18,6,721.8412,721.8412,444.0708,1.6805,61.519175,40.1023,65.6219,1.6364,0,1,55,1848437,A168_HF9F_20260827_0900,2026-08-27 09:00:00,185
1226661|56|906,906,1226661,56,2026-05-03,1,-1,8,12,5,878.7169,878.7169,-600.3443,0.8402,-68.320557,73.2264,109.8396,1.5000,0,1,28,1848438,A168_HF9F_20260827_0900,2026-08-27 09:00:00,185
1226661|6|906,906,1226661,6,2026-05-03,1,-1,12,16,6,1357.0763,1357.0763,-639.0018,0.0000,-47.086657,84.8173,113.0897,1.3333,0,1,66,1848439,A168_HF9F_20260827_0900,2026-08-27 09:00:00,185
1226661|7|906,906,1226661,7,2026-05-03,1,-1,13,16,5,3391.9285,3391.9285,-223.4950,0.0000,-6.589024,211.9955,260.9176,1.2308,0,1,78,1848440,A168_HF9F_20260827_0900,2026-08-27 09:00:00,185
1226661|8|906,906,1226661,8,2026-05-03,1,-1,12,16,5,5328.4714,5328.4714,-1824.4593,0.2736,-34.239826,333.0295,444.0393,1.3333,0,1,66,1848441,A168_HF9F_20260827_0900,2026-08-27 09:00:00,185
1226661|9|906,906,1226661,9,2026-05-03,1,-1,9,9,2,3835.1684,3835.1684,-3688.7596,0.0000,-96.182469,426.1298,426.1298,1.0000,0,1,36,1848442,A168_HF9F_20260827_0900,2026-08-27 09:00:00,185
1226704|1|906,906,1226704,1,2026-05-03,1,-1,3,5,3,83.1907,83.1907,-110.7505,0.0000,-133.128500,16.6381,27.7302,1.6667,0,1,3,1848443,A168_HF9F_20260827_0900,2026-08-27 09:00:00,185
1226704|10|906,906,1226704,10,2026-05-03,1,-1,9,12,4,882.7235,882.7235,834.4093,0.8696,94.526683,73.5603,98.0804,1.3333,0,1,36,1848444,A168_HF9F_20260827_0900,2026-08-27 09:00:00,185
1226704|11|906,906,1226704,11,2026-05-03,1,-1,9,14,6,935.3285,935.3285,-544.2578,5.1065,-58.188947,66.8092,103.9254,1.5556,0,1,36,1848445,A168_HF9F_20260827_0900,2026-08-27 09:00:00,185
1226704|12|906,906,1226704,12,2026-05-03,1,-1,17,26,8,2062.2346,2041.2284,-723.5640,6.0120,-35.447477,79.3167,121.3079,1.5294,1,1,136,1848446,A168_HF9F_20260827_0900,2026-08-27 09:00:00,185
1226704|13|906,906,1226704,13,2026-05-03,1,-1,15,17,4,2677.0289,2677.0289,607.2234,1.1553,22.682736,157.4723,178.4686,1.1333,0,1,105,1848447,A168_HF9F_20260827_0900,2026-08-27 09:00:00,185
1226704|14|906,906,1226704,14,2026-05-03,1,-1,16,20,5,1467.5281,1467.5281,744.0660,6.0539,50.701993,73.3764,91.7205,1.2500,0,1,120,1848448,A168_HF9F_20260827_0900,2026-08-27 09:00:00,185
1226704|15|906,906,1226704,15,2026-05-03,1,-1,12,13,3,1802.3473,1802.3473,591.5273,7.0705,32.819829,138.6421,150.1956,1.0833,0,1,66,1848449,A168_HF9F_20260827_0900,2026-08-27 09:00:00,185
1226704|16|906,906,1226704,16,2026-05-03,1,-1,16,23,6,1460.7633,1460.7633,988.6337,6.6777,67.679253,63.5114,91.2977,1.4375,0,1,120,1848450,A168_HF9F_20260827_0900,2026-08-27 09:00:00,185
1226704|17|906,906,1226704,17,2026-05-03,1,-1,10,15,5,1303.6079,1277.3501,597.9562,0.0000,46.812239,86.9072,130.3608,1.5000,0,1,45,1848451,A168_HF9F_20260827_0900,2026-08-27 09:00:00,185
1226704|18|906,906,1226704,18,2026-05-03,1,-1,5,6,3,247.6182,247.6182,-92.1724,0.0000,-37.223578,41.2697,49.5236,1.2000,0,1,10,1848452,A168_HF9F_20260827_0900,2026-08-27 09:00:00,185
1226704|19|906,906,1226704,19,2026-05-03,1,-1,9,10,3,1084.6909,1084.6909,-211.2233,0.0000,-19.473135,108.4691,120.5212,1.1111,0,1,36,1848453,A168_HF9F_20260827_0900,2026-08-27 09:00:00,185
1226704|2|906,906,1226704,2,2026-05-03,1,-1,2,5,3,472.1163,472.1163,472.1163,0.0000,100.000000,94.4233,236.0581,2.5000,0,1,1,1848454,A168_HF9F_20260827_0900,2026-08-27 09:00:00,185
1226704|20|906,906,1226704,20,2026-05-03,1,-1,11,13,5,866.8276,866.8276,-77.3288,0.0000,-8.920900,66.6790,78.8025,1.1818,0,1,55,1848455,A168_HF9F_20260827_0900,2026-08-27 09:00:00,185
1226704|21|906,906,1226704,21,2026-05-03,1,-1,15,15,2,1753.2857,1753.2857,-1320.2550,6.9851,-75.301762,116.8857,116.8857,1.0000,0,1,105,1848456,A168_HF9F_20260827_0900,2026-08-27 09:00:00,185
1226704|22|906,906,1226704,22,2026-05-03,1,-1,15,17,3,1958.5306,14.7043,-117.6347,0.0000,-800.000000,115.2077,130.5687,1.1333,15,1,105,1848457,A168_HF9F_20260827_0900,2026-08-27 09:00:00,185
1226704|23|906,906,1226704,23,2026-05-03,1,-1,29,34,5,3590.3576,3590.3576,-312.4925,6.8906,-8.703660,105.5988,123.8054,1.1724,0,1,406,1848458,A168_HF9F_20260827_0900,2026-08-27 09:00:00,185
1226704|24|906,906,1226704,24,2026-05-03,1,-1,21,26,5,2995.1601,2995.1601,180.1895,0.0000,6.016023,115.1985,142.6267,1.2381,0,1,210,1848459,A168_HF9F_20260827_0900,2026-08-27 09:00:00,185
1226704|25|906,906,1226704,25,2026-05-03,1,-1,23,30,5,4777.4302,4757.4302,3286.4414,6.8906,69.080181,159.2477,207.7144,1.3043,2,1,253,1848460,A168_HF9F_20260827_0900,2026-08-27 09:00:00,185
1226704|26|906,906,1226704,26,2026-05-03,1,-1,18,21,5,10218.9031,10218.9031,-8501.5647,0.2521,-83.194494,486.6144,567.7168,1.1667,0,1,153,1848461,A168_HF9F_20260827_0900,2026-08-27 09:00:00,185
1226704|27|906,906,1226704,27,2026-05-03,1,-1,25,31,6,3706.7505,3706.7505,462.2065,0.3025,12.469318,119.5726,148.2700,1.2400,0,1,300,1848462,A168_HF9F_20260827_0900,2026-08-27 09:00:00,185
1226704|28|906,906,1226704,28,2026-05-03,1,-1,19,28,6,3676.0220,3399.7789,2318.6897,0.0672,68.201193,131.2865,193.4748,1.4737,1,1,171,1848463,A168_HF9F_20260827_0900,2026-08-27 09:00:00,185
1226704|29|906,906,1226704,29,2026-05-03,1,-1,14,20,6,645.3661,645.3661,-59.6928,0.0672,-9.249454,32.2683,46.0976,1.4286,0,1,91,1848464,A168_HF9F_20260827_0900,2026-08-27 09:00:00,185
1226704|3|906,906,1226704,3,2026-05-03,1,-1,2,2,2,32.5680,32.5680,0.8142,0.0000,2.500000,16.2840,16.2840,1.0000,0,1,1,1848465,A168_HF9F_20260827_0900,2026-08-27 09:00:00,185
1226704|30|906,906,1226704,30,2026-05-03,1,-1,13,14,3,458.5314,458.5314,-210.7814,0.0302,-45.968799,32.7522,35.2716,1.0769,0,1,78,1848466,A168_HF9F_20260827_0900,2026-08-27 09:00:00,185
1226704|31|906,906,1226704,31,2026-05-03,1,-1,12,13,3,4789.9886,4789.9886,-4510.7875,0.0672,-94.171152,368.4607,399.1657,1.0833,0,1,66,1848467,A168_HF9F_20260827_0900,2026-08-27 09:00:00,185
1226704|32|906,906,1226704,32,2026-05-03,1,-1,24,24,2,4533.7830,4533.7830,2340.6689,0.0471,51.627281,188.9076,188.9076,1.0000,0,1,276,1848468,A168_HF9F_20260827_0900,2026-08-27 09:00:00,185
1226704|33|906,906,1226704,33,2026-05-03,1,-1,18,19,3,1856.4973,1856.4973,692.1006,1.3035,37.279916,97.7104,103.1387,1.0556,0,1,153,1848469,A168_HF9F_20260827_0900,2026-08-27 09:00:00,185
1226704|34|906,906,1226704,34,2026-05-03,1,-1,18,27,7,2228.2817,2228.2817,-253.3720,0.7361,-11.370735,82.5290,123.7934,1.5000,0,1,153,1848470,A168_HF9F_20260827_0900,2026-08-27 09:00:00,185
1226704|35|906,906,1226704,35,2026-05-03,1,-1,24,33,8,4216.7131,4216.7131,2800.9101,0.4873,66.424014,127.7792,175.6964,1.3750,0,1,276,1848471,A168_HF9F_20260827_0900,2026-08-27 09:00:00,185
1226704|36|906,906,1226704,36,2026-05-03,1,-1,8,9,3,596.0554,596.0554,-473.0774,0.2403,-79.368037,66.2284,74.5069,1.1250,0,1,28,1848472,A168_HF9F_20260827_0900,2026-08-27 09:00:00,185
1226704|37|906,906,1226704,37,2026-05-03,1,-1,6,7,3,574.6591,574.6591,-309.8950,0.0168,-53.926756,82.0942,95.7765,1.1667,0,1,15,1848473,A168_HF9F_20260827_0900,2026-08-27 09:00:00,185
1226704|38|906,906,1226704,38,2026-05-03,1,-1,7,13,7,713.8817,713.8817,-482.3987,0.0487,-67.574044,54.9140,101.9831,1.8571,0,1,21,1848474,A168_HF9F_20260827_0900,2026-08-27 09:00:00,185
1226704|39|906,906,1226704,39,2026-05-03,1,-1,10,17,8,959.1413,959.1413,833.9831,0.0454,86.951013,56.4201,95.9141,1.7000,0,1,45,1848475,A168_HF9F_20260827_0900,2026-08-27 09:00:00,185
1226704|4|906,906,1226704,4,2026-05-03,1,-1,4,4,2,167.3007,167.3007,-42.7613,0.0000,-25.559516,41.8252,41.8252,1.0000,0,1,6,1848476,A168_HF9F_20260827_0900,2026-08-27 09:00:00,185
1226704|40|906,906,1226704,40,2026-05-03,1,-1,11,19,8,935.2058,935.2058,-668.3962,0.4363,-71.470494,49.2214,85.0187,1.7273,0,1,55,1848477,A168_HF9F_20260827_0900,2026-08-27 09:00:00,185
1226704|41|906,906,1226704,41,2026-05-03,1,-1,8,9,3,824.0910,824.0910,813.7128,0.1008,98.740638,91.5657,103.0114,1.1250,0,1,28,1848478,A168_HF9F_20260827_0900,2026-08-27 09:00:00,185
1226704|42|906,906,1226704,42,2026-05-03,1,-1,11,16,7,1010.0874,1010.0874,731.9564,0.4669,72.464660,63.1305,91.8261,1.4545,0,1,55,1848479,A168_HF9F_20260827_0900,2026-08-27 09:00:00,185
1226704|43|906,906,1226704,43,2026-05-03,1,-1,3,6,5,184.7139,7.7837,7.7837,0.0000,100.000000,30.7856,61.5713,2.0000,3,1,3,1848480,A168_HF9F_20260827_0900,2026-08-27 09:00:00,185
1226704|44|906,906,1226704,44,2026-05-03,1,-1,2,5,5,38.9186,38.9186,28.5403,0.0000,73.333333,7.7837,19.4593,2.5000,0,1,1,1848481,A168_HF9F_20260827_0900,2026-08-27 09:00:00,185
1226704|45|906,906,1226704,45,2026-05-03,1,-1,2,6,5,438.4827,438.4827,-396.3209,0.0000,-90.384615,73.0804,219.2413,3.0000,0,1,1,1848482,A168_HF9F_20260827_0900,2026-08-27 09:00:00,185
1226704|47|906,906,1226704,47,2026-05-03,1,-1,3,4,2,482.5269,482.5269,482.5269,0.0000,100.000000,120.6317,160.8423,1.3333,0,1,3,1848483,A168_HF9F_20260827_0900,2026-08-27 09:00:00,185
1226704|48|906,906,1226704,48,2026-05-03,1,-1,3,4,3,293.1022,293.1022,176.9003,0.0000,60.354478,73.2756,97.7007,1.3333,0,1,3,1848484,A168_HF9F_20260827_0900,2026-08-27 09:00:00,185
1226704|49|906,906,1226704,49,2026-05-03,1,-1,3,3,2,97.1937,97.1937,46.5996,0.0000,47.945046,32.3979,32.3979,1.0000,0,1,3,1848485,A168_HF9F_20260827_0900,2026-08-27 09:00:00,185
1226704|5|906,906,1226704,5,2026-05-03,1,-1,12,13,3,1509.8813,1509.8813,-1367.0958,1.6805,-90.543264,116.1447,125.8234,1.0833,0,1,66,1848486,A168_HF9F_20260827_0900,2026-08-27 09:00:00,185
1226704|50|906,906,1226704,50,2026-05-03,1,-1,2,2,2,82.0774,82.0774,-47.6243,0.0000,-58.023683,41.0387,41.0387,1.0000,0,1,1,1848487,A168_HF9F_20260827_0900,2026-08-27 09:00:00,185
1226704|51|906,906,1226704,51,2026-05-03,1,-1,4,4,2,375.6836,375.6836,217.8304,0.0000,57.982408,93.9209,93.9209,1.0000,0,1,6,1848488,A168_HF9F_20260827_0900,2026-08-27 09:00:00,185
1226704|52|906,906,1226704,52,2026-05-03,1,-1,3,3,2,173.4792,173.4792,75.1220,0.0000,43.303211,57.8264,57.8264,1.0000,0,1,3,1848489,A168_HF9F_20260827_0900,2026-08-27 09:00:00,185
1226704|53|906,906,1226704,53,2026-05-03,1,-1,7,8,3,434.7084,434.7084,-622.4868,0.0000,-143.196416,54.3385,62.1012,1.1429,0,1,21,1848490,A168_HF9F_20260827_0900,2026-08-27 09:00:00,185
1226704|6|906,906,1226704,6,2026-05-03,1,-1,19,26,7,4721.0020,4721.0020,4395.8901,2.0166,93.113499,181.5770,248.4738,1.3684,0,1,171,1848491,A168_HF9F_20260827_0900,2026-08-27 09:00:00,185
1226704|7|906,906,1226704,7,2026-05-03,1,-1,6,8,4,746.9223,746.9223,-546.7640,0.0000,-73.202260,93.3653,124.4871,1.3333,0,1,15,1848492,A168_HF9F_20260827_0900,2026-08-27 09:00:00,185
1226704|8|906,906,1226704,8,2026-05-03,1,-1,10,13,4,1635.1333,1635.1333,1417.9292,0.0786,86.716430,125.7795,163.5133,1.3000,0,1,45,1848493,A168_HF9F_20260827_0900,2026-08-27 09:00:00,185
1226704|9|906,906,1226704,9,2026-05-03,1,-1,9,10,3,693.7702,693.7702,-396.0828,0.0000,-57.091359,69.3770,77.0856,1.1111,0,1,36,1848494,A168_HF9F_20260827_0900,2026-08-27 09:00:00,185
1226748|1|906,906,1226748,1,2026-05-03,1,-1,2,2,2,91.0649,91.0649,-39.1735,0.0000,-43.017095,45.5325,45.5325,1.0000,0,1,1,1848495,A168_HF9F_20260827_0900,2026-08-27 09:00:00,185
1226748|10|906,906,1226748,10,2026-05-03,1,-1,6,6,2,230.8231,230.8231,-42.2575,0.0000,-18.307294,38.4705,38.4705,1.0000,0,1,15,1848496,A168_HF9F_20260827_0900,2026-08-27 09:00:00,185
1226748|11|906,906,1226748,11,2026-05-03,1,-1,2,2,2,449.5616,449.5616,-239.4996,0.0000,-53.274037,224.7808,224.7808,1.0000,0,1,1,1848497,A168_HF9F_20260827_0900,2026-08-27 09:00:00,185
1226748|12|906,906,1226748,12,2026-05-03,1,-1,11,11,2,3625.9974,3625.9974,3222.1405,0.0000,88.862186,329.6361,329.6361,1.0000,0,1,55,1848498,A168_HF9F_20260827_0900,2026-08-27 09:00:00,185
1226748|13|906,906,1226748,13,2026-05-03,1,-1,4,4,2,235.3836,235.3836,130.3527,0.0000,55.378809,58.8459,58.8459,1.0000,0,1,6,1848499,A168_HF9F_20260827_0900,2026-08-27 09:00:00,185
1226748|14|906,906,1226748,14,2026-05-03,1,-1,3,3,1,178.5527,178.5527,178.5527,0.0000,100.000000,59.5176,59.5176,1.0000,0,1,3,1848500,A168_HF9F_20260827_0900,2026-08-27 09:00:00,185
1226748|15|906,906,1226748,15,2026-05-03,1,-1,4,9,6,206.6232,206.6232,182.0460,0.0000,88.105283,22.9581,51.6558,2.2500,0,1,6,1848501,A168_HF9F_20260827_0900,2026-08-27 09:00:00,185
1226748|16|906,906,1226748,16,2026-05-03,1,-1,2,3,2,77.7229,77.7229,77.7229,0.0000,100.000000,25.9076,38.8615,1.5000,0,1,1,1848502,A168_HF9F_20260827_0900,2026-08-27 09:00:00,185
1226748|17|906,906,1226748,17,2026-05-03,1,-1,3,7,6,150.3266,8.4025,-10.5031,0.0000,-125.000000,21.4752,50.1089,2.3333,3,1,3,1848503,A168_HF9F_20260827_0900,2026-08-27 09:00:00,185
1226748|18|906,906,1226748,18,2026-05-03,1,-1,4,7,6,202.2181,202.2181,55.1747,0.0000,27.284756,28.8883,50.5545,1.7500,0,1,6,1848504,A168_HF9F_20260827_0900,2026-08-27 09:00:00,185
1226748|19|906,906,1226748,19,2026-05-03,1,-1,4,4,2,330.5356,330.5356,279.9414,0.0000,84.693279,82.6339,82.6339,1.0000,0,1,6,1848505,A168_HF9F_20260827_0900,2026-08-27 09:00:00,185
1226748|2|906,906,1226748,2,2026-05-03,1,-1,2,2,1,621.0062,621.0062,-621.0062,0.0000,-100.000000,310.5031,310.5031,1.0000,0,1,1,1848506,A168_HF9F_20260827_0900,2026-08-27 09:00:00,185
1226748|20|906,906,1226748,20,2026-05-03,1,-1,2,2,2,113.4335,113.4335,33.6099,0.0000,29.629630,56.7167,56.7167,1.0000,0,1,1,1848507,A168_HF9F_20260827_0900,2026-08-27 09:00:00,185
1226748|21|906,906,1226748,21,2026-05-03,1,-1,2,2,1,85.9457,85.9457,85.9457,0.0000,100.000000,42.9729,42.9729,1.0000,0,1,1,1848508,A168_HF9F_20260827_0900,2026-08-27 09:00:00,185
1226748|23|906,906,1226748,23,2026-05-03,1,-1,1,1,1,1500.0000,1500.0000,1500.0000,0.0000,100.000000,1500.0000,1500.0000,1.0000,0,0,0,1848509,A168_HF9F_20260827_0900,2026-08-27 09:00:00,185
1226748|24|906,906,1226748,24,2026-05-03,1,-1,2,3,3,1552.5155,1552.5155,-1372.4845,0.0000,-88.403917,517.5052,776.2577,1.5000,0,1,1,1848510,A168_HF9F_20260827_0900,2026-08-27 09:00:00,185
1226748|25|906,906,1226748,25,2026-05-03,1,-1,4,5,3,1790.3354,7.3522,7.3522,0.0000,100.000000,358.0671,447.5838,1.2500,4,1,6,1848511,A168_HF9F_20260827_0900,2026-08-27 09:00:00,185
1226748|26|906,906,1226748,26,2026-05-03,1,-1,3,5,4,1568.9056,1568.9056,-1491.0944,0.0000,-95.040418,313.7811,522.9685,1.6667,0,1,3,1848512,A168_HF9F_20260827_0900,2026-08-27 09:00:00,185
1226748|27|906,906,1226748,27,2026-05-03,1,-1,7,7,2,1822.7177,1822.7177,-1250.6042,0.0000,-68.612060,260.3882,260.3882,1.0000,0,1,21,1848513,A168_HF9F_20260827_0900,2026-08-27 09:00:00,185
1226748|28|906,906,1226748,28,2026-05-03,1,-1,6,6,2,1640.6517,1640.6517,-1614.7060,0.0000,-98.418572,273.4419,273.4419,1.0000,0,1,15,1848514,A168_HF9F_20260827_0900,2026-08-27 09:00:00,185
1226748|29|906,906,1226748,29,2026-05-03,1,-1,10,13,5,1714.8347,1714.8347,-1520.9149,0.0000,-88.691633,131.9104,171.4835,1.3000,0,1,45,1848515,A168_HF9F_20260827_0900,2026-08-27 09:00:00,185
1226748|3|906,906,1226748,3,2026-05-03,1,-1,4,4,2,673.1903,0.0000,0.0000,0.0000,,168.2976,168.2976,1.0000,4,1,6,1848516,A168_HF9F_20260827_0900,2026-08-27 09:00:00,185
1226748|30|906,906,1226748,30,2026-05-03,1,-1,13,14,3,3014.7376,3014.7376,-1547.3013,0.0000,-51.324577,215.3384,231.9029,1.0769,0,1,78,1848517,A168_HF9F_20260827_0900,2026-08-27 09:00:00,185
1226748|31|906,906,1226748,31,2026-05-03,1,-1,18,20,4,2661.1825,12.9729,12.9729,0.0000,100.000000,133.0591,147.8435,1.1111,18,1,153,1848518,A168_HF9F_20260827_0900,2026-08-27 09:00:00,185
1226748|32|906,906,1226748,32,2026-05-03,1,-1,21,26,6,1376.2776,1376.2776,-346.2939,0.0000,-25.161632,52.9338,65.5370,1.2381,0,1,210,1848519,A168_HF9F_20260827_0900,2026-08-27 09:00:00,185
1226748|33|906,906,1226748,33,2026-05-03,1,-1,21,28,8,3348.7615,3348.7615,-1493.2533,0.0000,-44.591210,119.5986,159.4648,1.3333,0,1,210,1848520,A168_HF9F_20260827_0900,2026-08-27 09:00:00,185
1226748|34|906,906,1226748,34,2026-05-03,1,-1,18,26,8,1527.6669,1527.6669,28.4011,0.0000,1.859118,58.7564,84.8704,1.4444,0,1,153,1848521,A168_HF9F_20260827_0900,2026-08-27 09:00:00,185
1226748|35|906,906,1226748,35,2026-05-03,1,-1,9,20,8,352.7534,352.7534,-55.4734,0.0000,-15.725819,17.6377,39.1948,2.2222,0,1,36,1848522,A168_HF9F_20260827_0900,2026-08-27 09:00:00,185
1226748|36|906,906,1226748,36,2026-05-03,1,-1,7,21,8,1259.2177,1259.2177,-839.2342,0.0000,-66.647264,59.9627,179.8882,3.0000,0,1,21,1848523,A168_HF9F_20260827_0900,2026-08-27 09:00:00,185
1226748|37|906,906,1226748,37,2026-05-03,1,-1,4,17,8,241.7204,241.7204,-44.0200,0.0000,-18.211143,14.2188,60.4301,4.2500,0,1,6,1848524,A168_HF9F_20260827_0900,2026-08-27 09:00:00,185
1226748|38|906,906,1226748,38,2026-05-03,1,-1,5,15,8,234.3682,234.3682,-47.2760,0.0000,-20.171679,15.6245,46.8736,3.0000,0,1,10,1848525,A168_HF9F_20260827_0900,2026-08-27 09:00:00,185
1226748|39|906,906,1226748,39,2026-05-03,1,-1,7,17,8,254.2018,254.2018,19.9597,0.0000,7.851929,14.9530,36.3145,2.4286,0,1,21,1848526,A168_HF9F_20260827_0900,2026-08-27 09:00:00,185
1226748|4|906,906,1226748,4,2026-05-03,1,-1,3,3,1,214.2632,214.2632,-214.2632,0.0000,-100.000000,71.4211,71.4211,1.0000,0,1,3,1848527,A168_HF9F_20260827_0900,2026-08-27 09:00:00,185
1226748|40|906,906,1226748,40,2026-05-03,1,-1,7,8,3,285.5902,285.5902,-78.6878,0.0000,-27.552693,35.6988,40.7986,1.1429,0,1,21,1848528,A168_HF9F_20260827_0900,2026-08-27 09:00:00,185
1226748|41|906,906,1226748,41,2026-05-03,1,-1,7,11,6,548.4119,37.3743,37.3743,0.0000,100.000000,49.8556,78.3446,1.5714,7,1,21,1848529,A168_HF9F_20260827_0900,2026-08-27 09:00:00,185
1226748|42|906,906,1226748,42,2026-05-03,1,-1,3,9,6,240.9885,240.9885,-123.2895,0.0000,-51.159898,26.7765,80.3295,3.0000,0,1,3,1848530,A168_HF9F_20260827_0900,2026-08-27 09:00:00,185
1226748|43|906,906,1226748,43,2026-05-03,1,-1,7,17,8,517.1188,517.1188,-375.0017,1.2104,-72.517501,30.4188,73.8741,2.4286,0,1,21,1848531,A168_HF9F_20260827_0900,2026-08-27 09:00:00,185
1226748|44|906,906,1226748,44,2026-05-03,1,-1,7,17,8,700.4014,32.3100,13.4044,0.0000,41.486891,41.2001,100.0573,2.4286,7,1,21,1848532,A168_HF9F_20260827_0900,2026-08-27 09:00:00,185
1226748|45|906,906,1226748,45,2026-05-03,1,-1,8,17,8,617.4668,617.4668,17.5352,1.0083,2.839855,36.3216,77.1833,2.1250,0,1,28,1848533,A168_HF9F_20260827_0900,2026-08-27 09:00:00,185
1226748|46|906,906,1226748,46,2026-05-03,1,-1,7,16,8,716.0607,716.0607,145.2548,1.1763,20.285262,44.7538,102.2944,2.2857,0,1,21,1848534,A168_HF9F_20260827_0900,2026-08-27 09:00:00,185
1226748|47|906,906,1226748,47,2026-05-03,1,-1,7,10,5,645.6474,645.6474,-103.2306,0.8402,-15.988695,64.5647,92.2353,1.4286,0,1,21,1848535,A168_HF9F_20260827_0900,2026-08-27 09:00:00,185
1226748|48|906,906,1226748,48,2026-05-03,1,-1,9,17,8,969.0836,969.0836,-625.9549,0.8402,-64.592453,57.0049,107.6760,1.8889,0,1,36,1848536,A168_HF9F_20260827_0900,2026-08-27 09:00:00,185
1226748|49|906,906,1226748,49,2026-05-03,1,-1,14,22,8,1129.8683,1129.8683,-369.2012,1.0083,-32.676481,51.3577,80.7049,1.5714,0,1,91,1848537,A168_HF9F_20260827_0900,2026-08-27 09:00:00,185
1226748|5|906,906,1226748,5,2026-05-03,1,-1,10,12,3,748.7526,731.5261,-502.1297,0.0000,-68.641397,62.3961,74.8753,1.2000,1,1,45,1848538,A168_HF9F_20260827_0900,2026-08-27 09:00:00,185
1226748|50|906,906,1226748,50,2026-05-03,1,-1,14,23,8,2078.3433,2078.3433,-523.6299,2.2687,-25.194582,90.3628,148.4531,1.6429,0,1,91,1848539,A168_HF9F_20260827_0900,2026-08-27 09:00:00,185
1226748|51|906,906,1226748,51,2026-05-03,1,-1,9,13,5,820.5680,820.5680,57.1573,0.8402,6.965579,63.1206,91.1742,1.4444,0,1,36,1848540,A168_HF9F_20260827_0900,2026-08-27 09:00:00,185
1226748|52|906,906,1226748,52,2026-05-03,1,-1,12,18,6,1111.6400,1111.6400,-246.0386,0.8402,-22.132936,61.7578,92.6367,1.5000,0,1,66,1848541,A168_HF9F_20260827_0900,2026-08-27 09:00:00,185
1226748|53|906,906,1226748,53,2026-05-03,1,-1,8,14,6,8164.3565,8164.3565,-7227.8272,0.8402,-88.529049,583.1683,1020.5446,1.7500,0,1,28,1848542,A168_HF9F_20260827_0900,2026-08-27 09:00:00,185
1226748|54|906,906,1226748,54,2026-05-03,1,-1,14,21,6,3722.1991,73.8908,-409.4802,0.4201,-554.169116,177.2476,265.8714,1.5000,14,1,91,1848543,A168_HF9F_20260827_0900,2026-08-27 09:00:00,185
1226748|6|906,906,1226748,6,2026-05-03,1,-1,11,12,3,821.7476,821.7476,-446.1323,0.0000,-54.290668,68.4790,74.7043,1.0909,0,1,55,1848544,A168_HF9F_20260827_0900,2026-08-27 09:00:00,185
1226748|7|906,906,1226748,7,2026-05-03,1,-1,13,14,3,3218.9634,3218.9634,2775.2470,0.0000,86.215550,229.9260,247.6126,1.0769,0,1,78,1848545,A168_HF9F_20260827_0900,2026-08-27 09:00:00,185
1226748|8|906,906,1226748,8,2026-05-03,1,-1,5,5,3,1080.2335,1080.2335,-600.2623,6.7220,-55.567830,216.0467,216.0467,1.0000,0,1,10,1848546,A168_HF9F_20260827_0900,2026-08-27 09:00:00,185
1226748|9|906,906,1226748,9,2026-05-03,1,-1,3,3,1,164.9558,164.9558,164.9558,0.0000,100.000000,54.9853,54.9853,1.0000,0,1,3,1848547,A168_HF9F_20260827_0900,2026-08-27 09:00:00,185
1226794|1|906,906,1226794,1,2026-05-03,1,-1,1,1,1,5.1891,5.1891,-4.9297,0.0000,-95.000000,5.1891,5.1891,1.0000,0,0,0,1848548,A168_HF9F_20260827_0900,2026-08-27 09:00:00,185
1226794|10|906,906,1226794,10,2026-05-03,1,-1,16,21,5,382.5531,382.5531,12.3346,0.9458,3.224272,18.2168,23.9096,1.3125,0,1,120,1848549,A168_HF9F_20260827_0900,2026-08-27 09:00:00,185
1226794|11|906,906,1226794,11,2026-05-03,1,-1,13,17,5,264.0832,264.0832,90.4655,0.1094,34.256429,15.5343,20.3141,1.3077,0,1,78,1848550,A168_HF9F_20260827_0900,2026-08-27 09:00:00,185
1226794|12|906,906,1226794,12,2026-05-03,1,-1,10,13,3,183.5055,183.5055,32.9804,0.0000,17.972403,14.1158,18.3506,1.3000,0,1,45,1848551,A168_HF9F_20260827_0900,2026-08-27 09:00:00,185
1226794|13|906,906,1226794,13,2026-05-03,1,-1,10,12,3,293.2317,293.2317,10.0739,0.0000,3.435466,24.4360,29.3232,1.2000,0,1,45,1848552,A168_HF9F_20260827_0900,2026-08-27 09:00:00,185
1226794|14|906,906,1226794,14,2026-05-03,1,-1,9,11,3,181.9097,181.9097,-100.5503,0.0000,-55.274830,16.5372,20.2122,1.2222,0,1,36,1848553,A168_HF9F_20260827_0900,2026-08-27 09:00:00,185
1226794|15|906,906,1226794,15,2026-05-03,1,-1,8,10,4,145.2243,145.2243,-92.3945,0.0000,-63.621953,14.5224,18.1530,1.2500,0,1,28,1848554,A168_HF9F_20260827_0900,2026-08-27 09:00:00,185
1226794|16|906,906,1226794,16,2026-05-03,1,-1,11,14,4,1160.2845,1160.2845,1027.3076,0.0000,88.539282,82.8775,105.4804,1.2727,0,1,55,1848555,A168_HF9F_20260827_0900,2026-08-27 09:00:00,185
1226794|17|906,906,1226794,17,2026-05-03,1,-1,7,9,4,306.2559,306.2559,-1.1729,0.0000,-0.382973,34.0284,43.7508,1.2857,0,1,21,1848556,A168_HF9F_20260827_0900,2026-08-27 09:00:00,185
1226794|18|906,906,1226794,18,2026-05-03,1,-1,4,5,3,140.9440,140.9440,-88.8385,0.0000,-63.031063,28.1888,35.2360,1.2500,0,1,6,1848557,A168_HF9F_20260827_0900,2026-08-27 09:00:00,185
1226794|19|906,906,1226794,19,2026-05-03,1,-1,2,3,2,51.0062,51.0062,-36.1673,0.0000,-70.907584,17.0021,25.5031,1.5000,0,1,1,1848558,A168_HF9F_20260827_0900,2026-08-27 09:00:00,185
1226794|2|906,906,1226794,2,2026-05-03,1,-1,1,1,1,210.0620,210.0620,210.0620,0.0000,100.000000,210.0620,210.0620,1.0000,0,0,0,1848559,A168_HF9F_20260827_0900,2026-08-27 09:00:00,185
1226794|20|906,906,1226794,20,2026-05-03,1,-1,4,6,4,105.1177,105.1177,61.1295,0.1642,58.153363,17.5196,26.2794,1.5000,0,1,6,1848560,A168_HF9F_20260827_0900,2026-08-27 09:00:00,185
1226794|21|906,906,1226794,21,2026-05-03,1,-1,8,10,4,419.4875,419.4875,-161.7092,0.0000,-38.549220,41.9488,52.4359,1.2500,0,1,28,1848561,A168_HF9F_20260827_0900,2026-08-27 09:00:00,185
1226794|22|906,906,1226794,22,2026-05-03,1,-1,8,10,4,216.9887,216.9887,-19.4422,0.0000,-8.960013,21.6989,27.1236,1.2500,0,1,28,1848562,A168_HF9F_20260827_0900,2026-08-27 09:00:00,185
1226794|23|906,906,1226794,23,2026-05-03,1,-1,8,10,3,147.1119,6.3019,-50.4149,0.0000,-800.000000,14.7112,18.3890,1.2500,9,1,28,1848563,A168_HF9F_20260827_0900,2026-08-27 09:00:00,185
1226794|24|906,906,1226794,24,2026-05-03,1,-1,10,14,6,1060.0092,1060.0092,999.6270,0.0000,94.303617,75.7149,106.0009,1.4000,0,1,45,1848564,A168_HF9F_20260827_0900,2026-08-27 09:00:00,185
1226794|25|906,906,1226794,25,2026-05-03,1,-1,6,6,2,84.2051,84.2051,-33.0814,0.0000,-39.286715,14.0342,14.0342,1.0000,0,1,15,1848565,A168_HF9F_20260827_0900,2026-08-27 09:00:00,185
1226794|26|906,906,1226794,26,2026-05-03,1,-1,3,4,2,110.3616,110.3616,-90.3616,0.0000,-81.877760,27.5904,36.7872,1.3333,0,1,3,1848566,A168_HF9F_20260827_0900,2026-08-27 09:00:00,185
1226794|27|906,906,1226794,27,2026-05-03,1,-1,4,4,2,106.4945,106.4945,26.5325,0.0000,24.914389,26.6236,26.6236,1.0000,0,1,6,1848567,A168_HF9F_20260827_0900,2026-08-27 09:00:00,185
1226794|28|906,906,1226794,28,2026-05-03,1,-1,5,7,4,47.2365,47.2365,6.2744,0.0000,13.283030,6.7481,9.4473,1.4000,0,1,10,1848568,A168_HF9F_20260827_0900,2026-08-27 09:00:00,185
1226794|29|906,906,1226794,29,2026-05-03,1,-1,5,8,4,105.5971,105.5971,49.2731,0.0000,46.661429,13.1996,21.1194,1.6000,0,1,10,1848569,A168_HF9F_20260827_0900,2026-08-27 09:00:00,185
1226794|3|906,906,1226794,3,2026-05-03,1,-1,1,1,1,4.2012,4.2012,-3.9912,0.0000,-95.000000,4.2012,4.2012,1.0000,0,0,0,1848570,A168_HF9F_20260827_0900,2026-08-27 09:00:00,185
1226794|30|906,906,1226794,30,2026-05-03,1,-1,7,8,4,226.8584,226.8584,104.4090,0.0945,46.023857,28.3573,32.4083,1.1429,0,1,21,1848571,A168_HF9F_20260827_0900,2026-08-27 09:00:00,185
1226794|31|906,906,1226794,31,2026-05-03,1,-1,7,7,2,324.1511,324.1511,-167.1505,0.0945,-51.565625,46.3073,46.3073,1.0000,0,1,21,1848572,A168_HF9F_20260827_0900,2026-08-27 09:00:00,185
1226794|32|906,906,1226794,32,2026-05-03,1,-1,2,2,2,783.5608,783.5608,773.1825,0.0000,98.675497,391.7804,391.7804,1.0000,0,1,1,1848573,A168_HF9F_20260827_0900,2026-08-27 09:00:00,185
1226794|33|906,906,1226794,33,2026-05-03,1,-1,3,3,2,131.2263,131.2263,110.7453,0.0000,84.392581,43.7421,43.7421,1.0000,0,1,3,1848574,A168_HF9F_20260827_0900,2026-08-27 09:00:00,185
1226794|34|906,906,1226794,34,2026-05-03,1,-1,3,3,2,83.0263,83.0263,72.6480,0.0000,87.500000,27.6754,27.6754,1.0000,0,1,3,1848575,A168_HF9F_20260827_0900,2026-08-27 09:00:00,185
1226794|35|906,906,1226794,35,2026-05-03,1,-1,9,11,4,725.1501,725.1501,-545.7687,0.0000,-75.262857,65.9227,80.5722,1.2222,0,1,36,1848576,A168_HF9F_20260827_0900,2026-08-27 09:00:00,185
1226794|36|906,906,1226794,36,2026-05-03,1,-1,15,18,4,611.7188,35.7105,-247.8731,0.0000,-694.117647,33.9844,40.7813,1.2000,15,1,105,1848577,A168_HF9F_20260827_0900,2026-08-27 09:00:00,185
1226794|37|906,906,1226794,37,2026-05-03,1,-1,8,8,2,2469.8679,2469.8679,-945.9200,0.0000,-38.298404,308.7335,308.7335,1.0000,0,1,28,1848578,A168_HF9F_20260827_0900,2026-08-27 09:00:00,185
1226794|38|906,906,1226794,38,2026-05-03,1,-1,14,18,6,1429.4543,1429.4543,-1230.0834,0.6722,-86.052656,79.4141,102.1039,1.2857,0,1,91,1848579,A168_HF9F_20260827_0900,2026-08-27 09:00:00,185
1226794|39|906,906,1226794,39,2026-05-03,1,-1,21,28,8,2525.3204,2504.5639,2013.1307,0.6722,80.378494,90.1900,120.2534,1.3333,0,1,210,1848580,A168_HF9F_20260827_0900,2026-08-27 09:00:00,185
1226794|4|906,906,1226794,4,2026-05-03,1,-1,3,3,2,56.1805,0.0000,0.0000,0.0000,,18.7268,18.7268,1.0000,3,1,3,1848581,A168_HF9F_20260827_0900,2026-08-27 09:00:00,185
1226794|40|906,906,1226794,40,2026-05-03,1,-1,14,22,8,758.5748,758.5748,116.7256,1.9326,15.387487,34.4807,54.1839,1.5714,0,1,91,1848582,A168_HF9F_20260827_0900,2026-08-27 09:00:00,185
1226794|41|906,906,1226794,41,2026-05-03,1,-1,12,20,8,472.8260,472.8260,-116.8714,0.0000,-24.717639,23.6413,39.4022,1.6667,0,1,66,1848583,A168_HF9F_20260827_0900,2026-08-27 09:00:00,185
1226794|42|906,906,1226794,42,2026-05-03,1,-1,9,16,8,1152.0564,1152.0564,-918.0939,0.0945,-79.691746,72.0035,128.0063,1.7778,0,1,36,1848584,A168_HF9F_20260827_0900,2026-08-27 09:00:00,185
1226794|43|906,906,1226794,43,2026-05-03,1,-1,24,30,8,4125.0753,4125.0753,3470.2533,1.1377,84.125815,137.5025,171.8781,1.2500,0,1,276,1848585,A168_HF9F_20260827_0900,2026-08-27 09:00:00,185
1226794|44|906,906,1226794,44,2026-05-03,1,-1,2,6,6,80.2498,8.4025,-19.9559,0.0000,-237.500000,13.3750,40.1249,3.0000,2,1,1,1848586,A168_HF9F_20260827_0900,2026-08-27 09:00:00,185
1226794|45|906,906,1226794,45,2026-05-03,1,-1,4,8,6,309.8721,309.8721,267.8597,0.0000,86.442021,38.7340,77.4680,2.0000,0,1,6,1848587,A168_HF9F_20260827_0900,2026-08-27 09:00:00,185
1226794|46|906,906,1226794,46,2026-05-03,1,-1,6,10,6,323.0936,323.0936,-225.9097,0.0000,-69.920842,32.3094,53.8489,1.6667,0,1,15,1848588,A168_HF9F_20260827_0900,2026-08-27 09:00:00,185
1226794|47|906,906,1226794,47,2026-05-03,1,-1,6,6,1,77.7618,77.7618,77.7618,0.0000,100.000000,12.9603,12.9603,1.0000,0,1,15,1848589,A168_HF9F_20260827_0900,2026-08-27 09:00:00,185
1226794|48|906,906,1226794,48,2026-05-03,1,-1,2,2,1,496.0625,496.0625,496.0625,0.0000,100.000000,248.0313,248.0313,1.0000,0,1,1,1848590,A168_HF9F_20260827_0900,2026-08-27 09:00:00,185
1226794|49|906,906,1226794,49,2026-05-03,1,-1,3,3,1,66.5958,66.5958,66.5958,0.0000,100.000000,22.1986,22.1986,1.0000,0,1,3,1848591,A168_HF9F_20260827_0900,2026-08-27 09:00:00,185
1226794|5|906,906,1226794,5,2026-05-03,1,-1,5,5,2,155.9584,155.9584,-87.2620,0.0000,-55.952104,31.1917,31.1917,1.0000,0,1,10,1848592,A168_HF9F_20260827_0900,2026-08-27 09:00:00,185
1226794|50|906,906,1226794,50,2026-05-03,1,-1,5,5,2,107.9364,107.9364,34.9348,0.0000,32.366078,21.5873,21.5873,1.0000,0,1,10,1848593,A168_HF9F_20260827_0900,2026-08-27 09:00:00,185
1226794|51|906,906,1226794,51,2026-05-03,1,-1,5,5,2,520.8225,520.8225,-484.5408,0.6722,-93.033779,104.1645,104.1645,1.0000,0,1,10,1848594,A168_HF9F_20260827_0900,2026-08-27 09:00:00,185
1226794|52|906,906,1226794,52,2026-05-03,1,-1,7,8,3,620.2749,620.2749,335.4949,0.6722,54.088097,77.5344,88.6107,1.1429,0,1,21,1848595,A168_HF9F_20260827_0900,2026-08-27 09:00:00,185
1226794|53|906,906,1226794,53,2026-05-03,1,-1,15,15,2,732.8824,732.8824,42.9648,0.0000,5.862436,48.8588,48.8588,1.0000,0,1,105,1848596,A168_HF9F_20260827_0900,2026-08-27 09:00:00,185
1226794|6|906,906,1226794,6,2026-05-03,1,-1,8,9,3,372.9335,372.9335,-168.6913,0.6722,-45.233607,41.4371,46.6167,1.1250,0,1,28,1848597,A168_HF9F_20260827_0900,2026-08-27 09:00:00,185
1226794|7|906,906,1226794,7,2026-05-03,1,-1,12,18,7,868.2514,868.2514,-698.5250,0.0786,-80.451920,48.2362,72.3543,1.5000,0,1,66,1848598,A168_HF9F_20260827_0900,2026-08-27 09:00:00,185
1226794|8|906,906,1226794,8,2026-05-03,1,-1,20,25,6,6019.4740,6019.4740,4711.3944,0.0786,78.269205,240.7790,300.9737,1.2500,0,1,190,1848599,A168_HF9F_20260827_0900,2026-08-27 09:00:00,185
1226794|9|906,906,1226794,9,2026-05-03,1,-1,19,24,7,1094.5921,1094.5921,816.5648,0.0786,74.599920,45.6080,57.6101,1.2632,0,1,171,1848600,A168_HF9F_20260827_0900,2026-08-27 09:00:00,185
1226834|10|906,906,1226834,10,2026-05-03,1,-1,5,7,3,1409.5770,1409.5770,1401.1745,0.0000,99.403901,201.3681,281.9154,1.4000,0,1,10,1848601,A168_HF9F_20260827_0900,2026-08-27 09:00:00,185
1226834|11|906,906,1226834,11,2026-05-03,1,-1,3,3,2,264.0077,264.0077,-212.1162,0.0000,-80.344723,88.0026,88.0026,1.0000,0,1,3,1848602,A168_HF9F_20260827_0900,2026-08-27 09:00:00,185
1226834|12|906,906,1226834,12,2026-05-03,1,-1,18,18,2,582.1984,582.1984,-85.1149,0.8234,-14.619564,32.3444,32.3444,1.0000,0,1,153,1848603,A168_HF9F_20260827_0900,2026-08-27 09:00:00,185
1226834|13|906,906,1226834,13,2026-05-03,1,-1,24,30,7,3259.1399,3259.1399,2391.2595,0.8571,73.370874,108.6380,135.7975,1.2500,0,1,276,1848604,A168_HF9F_20260827_0900,2026-08-27 09:00:00,185
1226834|14|906,906,1226834,14,2026-05-03,1,-1,8,11,6,311.2195,311.2195,-227.8630,0.0000,-73.216172,28.2927,38.9024,1.3750,0,1,28,1848605,A168_HF9F_20260827_0900,2026-08-27 09:00:00,185
1226834|15|906,906,1226834,15,2026-05-03,1,-1,6,9,6,174.7435,174.7435,62.2310,0.2736,35.612773,19.4159,29.1239,1.5000,0,1,15,1848606,A168_HF9F_20260827_0900,2026-08-27 09:00:00,185
1226834|16|906,906,1226834,16,2026-05-03,1,-1,4,4,2,58.8391,58.8391,-49.3747,0.0000,-83.914862,14.7098,14.7098,1.0000,0,1,6,1848607,A168_HF9F_20260827_0900,2026-08-27 09:00:00,185
1226834|18|906,906,1226834,18,2026-05-03,1,-1,2,2,2,36.7096,5.5747,5.5747,0.0000,100.000000,18.3548,18.3548,1.0000,1,1,1,1848608,A168_HF9F_20260827_0900,2026-08-27 09:00:00,185
1226834|19|906,906,1226834,19,2026-05-03,1,-1,3,3,2,170.7061,170.7061,-159.5567,0.0000,-93.468663,56.9020,56.9020,1.0000,0,1,3,1848609,A168_HF9F_20260827_0900,2026-08-27 09:00:00,185
1226834|2|906,906,1226834,2,2026-05-03,1,-1,3,5,4,58.2610,58.2610,20.8415,0.0000,35.772702,11.6522,19.4203,1.6667,0,1,3,1848610,A168_HF9F_20260827_0900,2026-08-27 09:00:00,185
1226834|20|906,906,1226834,20,2026-05-03,1,-1,12,16,6,1743.7810,1743.7810,1373.4804,0.0000,78.764498,108.9863,145.3151,1.3333,0,1,66,1848611,A168_HF9F_20260827_0900,2026-08-27 09:00:00,185
1226834|21|906,906,1226834,21,2026-05-03,1,-1,8,10,4,780.7668,780.7668,-592.4377,0.0000,-75.878951,78.0767,97.5959,1.2500,0,1,28,1848612,A168_HF9F_20260827_0900,2026-08-27 09:00:00,185
1226834|22|906,906,1226834,22,2026-05-03,1,-1,20,22,4,3922.8019,3922.8019,3652.4797,6.2994,93.108949,178.3092,196.1401,1.1000,0,1,190,1848613,A168_HF9F_20260827_0900,2026-08-27 09:00:00,185
1226834|23|906,906,1226834,23,2026-05-03,1,-1,8,9,3,841.0387,841.0387,689.4790,0.0000,81.979460,93.4487,105.1298,1.1250,0,1,28,1848614,A168_HF9F_20260827_0900,2026-08-27 09:00:00,185
1226834|24|906,906,1226834,24,2026-05-03,1,-1,12,12,2,1849.0195,1849.0195,1100.2110,0.0000,59.502400,154.0850,154.0850,1.0000,0,1,66,1848615,A168_HF9F_20260827_0900,2026-08-27 09:00:00,185
1226834|25|906,906,1226834,25,2026-05-03,1,-1,9,9,2,231.2484,0.0000,0.0000,0.0000,,25.6943,25.6943,1.0000,9,1,36,1848616,A168_HF9F_20260827_0900,2026-08-27 09:00:00,185
1226834|26|906,906,1226834,26,2026-05-03,1,-1,7,9,5,181.6728,23.3511,-93.4046,0.0000,-400.000000,20.1859,25.9533,1.2857,6,1,21,1848617,A168_HF9F_20260827_0900,2026-08-27 09:00:00,185
1226834|27|906,906,1226834,27,2026-05-03,1,-1,8,10,3,351.5575,351.5575,-174.7246,0.0000,-49.700142,35.1558,43.9447,1.2500,0,1,28,1848618,A168_HF9F_20260827_0900,2026-08-27 09:00:00,185
1226834|28|906,906,1226834,28,2026-05-03,1,-1,5,5,2,187.4828,187.4828,161.2874,0.0168,86.027866,37.4966,37.4966,1.0000,0,1,10,1848619,A168_HF9F_20260827_0900,2026-08-27 09:00:00,185
1226834|29|906,906,1226834,29,2026-05-03,1,-1,6,6,2,603.5633,603.5633,240.3232,0.0000,39.817394,100.5939,100.5939,1.0000,0,1,15,1848620,A168_HF9F_20260827_0900,2026-08-27 09:00:00,185
1226834|3|906,906,1226834,3,2026-05-03,1,-1,4,4,2,194.2594,194.2594,160.6495,0.0000,82.698435,48.5648,48.5648,1.0000,0,1,6,1848621,A168_HF9F_20260827_0900,2026-08-27 09:00:00,185
1226834|30|906,906,1226834,30,2026-05-03,1,-1,5,5,1,261.7122,261.7122,261.7122,0.0000,100.000000,52.3424,52.3424,1.0000,0,1,10,1848622,A168_HF9F_20260827_0900,2026-08-27 09:00:00,185
1226834|31|906,906,1226834,31,2026-05-03,1,-1,4,4,2,290.1495,290.1495,-245.0421,0.0000,-84.453755,72.5374,72.5374,1.0000,0,1,6,1848623,A168_HF9F_20260827_0900,2026-08-27 09:00:00,185
1226834|32|906,906,1226834,32,2026-05-03,1,-1,5,6,2,428.9004,167.0289,-157.4983,0.0000,-94.294074,71.4834,85.7801,1.2000,2,1,10,1848624,A168_HF9F_20260827_0900,2026-08-27 09:00:00,185
1226834|33|906,906,1226834,33,2026-05-03,1,-1,13,15,4,2958.2226,2958.2226,1510.8448,0.0000,51.072722,197.2148,227.5556,1.1538,0,1,78,1848625,A168_HF9F_20260827_0900,2026-08-27 09:00:00,185
1226834|34|906,906,1226834,34,2026-05-03,1,-1,7,7,2,482.3607,482.3607,262.3721,0.0000,54.393331,68.9087,68.9087,1.0000,0,1,21,1848626,A168_HF9F_20260827_0900,2026-08-27 09:00:00,185
1226834|35|906,906,1226834,35,2026-05-03,1,-1,5,5,2,73.5152,73.5152,-21.6238,0.0000,-29.413992,14.7030,14.7030,1.0000,0,1,10,1848627,A168_HF9F_20260827_0900,2026-08-27 09:00:00,185
1226834|36|906,906,1226834,36,2026-05-03,1,-1,5,5,2,56.2175,56.2175,51.0283,0.0000,90.769520,11.2435,11.2435,1.0000,0,1,10,1848628,A168_HF9F_20260827_0900,2026-08-27 09:00:00,185
1226834|37|906,906,1226834,37,2026-05-03,1,-1,9,9,2,1485.2047,1485.2047,1413.1663,0.0000,95.149598,165.0227,165.0227,1.0000,0,1,36,1848629,A168_HF9F_20260827_0900,2026-08-27 09:00:00,185
1226834|38|906,906,1226834,38,2026-05-03,1,-1,7,7,2,423.7373,423.7373,277.6239,0.0000,65.517922,60.5339,60.5339,1.0000,0,1,21,1848630,A168_HF9F_20260827_0900,2026-08-27 09:00:00,185
1226834|39|906,906,1226834,39,2026-05-03,1,-1,8,9,3,335.1718,335.1718,-288.9764,0.9243,-86.217413,37.2413,41.8965,1.1250,0,1,28,1848631,A168_HF9F_20260827_0900,2026-08-27 09:00:00,185
1226834|4|906,906,1226834,4,2026-05-03,1,-1,6,6,2,121.9449,121.9449,-95.6100,0.0000,-78.404255,20.3241,20.3241,1.0000,0,1,15,1848632,A168_HF9F_20260827_0900,2026-08-27 09:00:00,185
1226834|40|906,906,1226834,40,2026-05-03,1,-1,14,14,2,1713.2413,1713.2413,1547.4146,0.0000,90.320882,122.3744,122.3744,1.0000,0,1,91,1848633,A168_HF9F_20260827_0900,2026-08-27 09:00:00,185
1226834|41|906,906,1226834,41,2026-05-03,1,-1,11,14,5,413.6790,413.6790,-302.7218,1.8485,-73.177946,29.5485,37.6072,1.2727,0,1,55,1848634,A168_HF9F_20260827_0900,2026-08-27 09:00:00,185
1226834|42|906,906,1226834,42,2026-05-03,1,-1,18,25,7,2645.6113,2645.6113,-2390.3459,0.7562,-90.351366,105.8245,146.9784,1.3889,0,1,153,1848635,A168_HF9F_20260827_0900,2026-08-27 09:00:00,185
1226834|43|906,906,1226834,43,2026-05-03,1,-1,27,33,6,4804.8997,4701.5406,2455.3212,0.0336,52.223759,145.6030,177.9592,1.2222,1,1,351,1848636,A168_HF9F_20260827_0900,2026-08-27 09:00:00,185
1226834|44|906,906,1226834,44,2026-05-03,1,-1,16,20,8,1314.8491,1314.8491,-24.9329,0.0336,-1.896252,65.7425,82.1781,1.2500,0,1,120,1848637,A168_HF9F_20260827_0900,2026-08-27 09:00:00,185
1226834|45|906,906,1226834,45,2026-05-03,1,-1,13,17,6,3103.6338,3103.6338,930.3703,0.0000,29.976805,182.5667,238.7411,1.3077,0,1,78,1848638,A168_HF9F_20260827_0900,2026-08-27 09:00:00,185
1226834|46|906,906,1226834,46,2026-05-03,1,-1,15,18,6,2298.3581,2298.3581,-53.6410,0.0000,-2.333885,127.6866,153.2239,1.2000,0,1,105,1848639,A168_HF9F_20260827_0900,2026-08-27 09:00:00,185
1226834|47|906,906,1226834,47,2026-05-03,1,-1,9,11,4,1363.0182,1363.0182,-1034.6161,0.0000,-75.906261,123.9107,151.4465,1.2222,0,1,36,1848640,A168_HF9F_20260827_0900,2026-08-27 09:00:00,185
1226834|48|906,906,1226834,48,2026-05-03,1,-1,9,16,7,1831.0296,1831.0296,1714.6631,0.0000,93.644747,114.4394,203.4477,1.7778,0,1,36,1848641,A168_HF9F_20260827_0900,2026-08-27 09:00:00,185
1226834|49|906,906,1226834,49,2026-05-03,1,-1,9,11,4,523.6954,523.6954,392.4831,0.0000,74.944918,47.6087,58.1884,1.2222,0,1,36,1848642,A168_HF9F_20260827_0900,2026-08-27 09:00:00,185
1226834|5|906,906,1226834,5,2026-05-03,1,-1,3,3,2,219.4524,219.4524,-209.0741,0.0000,-95.270824,73.1508,73.1508,1.0000,0,1,3,1848643,A168_HF9F_20260827_0900,2026-08-27 09:00:00,185
1226834|50|906,906,1226834,50,2026-05-03,1,-1,19,23,6,2552.1533,2462.8697,-573.0900,0.2736,-23.269197,110.9632,134.3239,1.2105,0,1,171,1848644,A168_HF9F_20260827_0900,2026-08-27 09:00:00,185
1226834|51|906,906,1226834,51,2026-05-03,1,-1,9,9,2,2221.8855,2221.8855,674.8700,0.0000,30.373754,246.8762,246.8762,1.0000,0,1,36,1848645,A168_HF9F_20260827_0900,2026-08-27 09:00:00,185
1226834|52|906,906,1226834,52,2026-05-03,1,-1,4,6,4,542.0265,542.0265,474.5677,0.0000,87.554322,90.3378,135.5066,1.5000,0,1,6,1848646,A168_HF9F_20260827_0900,2026-08-27 09:00:00,185
1226834|53|906,906,1226834,53,2026-05-03,1,-1,4,4,2,178.2573,178.2573,127.6632,0.7562,71.617347,44.5643,44.5643,1.0000,0,1,6,1848647,A168_HF9F_20260827_0900,2026-08-27 09:00:00,185
1226834|6|906,906,1226834,6,2026-05-03,1,-1,4,7,4,343.6332,343.6332,-265.0085,0.5882,-77.119563,49.0905,85.9083,1.7500,0,1,6,1848648,A168_HF9F_20260827_0900,2026-08-27 09:00:00,185
1226834|7|906,906,1226834,7,2026-05-03,1,-1,13,14,4,834.3451,834.3451,599.3238,0.0000,71.831641,59.5961,64.1804,1.0769,0,1,78,1848649,A168_HF9F_20260827_0900,2026-08-27 09:00:00,185
1226834|8|906,906,1226834,8,2026-05-03,1,-1,6,9,6,476.7618,476.7618,-333.7432,0.0000,-70.002086,52.9735,79.4603,1.5000,0,1,15,1848650,A168_HF9F_20260827_0900,2026-08-27 09:00:00,185
1226834|9|906,906,1226834,9,2026-05-03,1,-1,10,13,5,748.6957,748.6957,740.2932,0.2756,98.877718,57.5920,74.8696,1.3000,0,1,45,1848651,A168_HF9F_20260827_0900,2026-08-27 09:00:00,185
1226870|1|906,906,1226870,1,2026-05-03,1,-1,1,1,1,51.8914,51.8914,-49.2969,0.0000,-95.000000,51.8914,51.8914,1.0000,0,0,0,1848652,A168_HF9F_20260827_0900,2026-08-27 09:00:00,185
1226870|10|906,906,1226870,10,2026-05-03,1,-1,6,7,3,230.2690,230.2690,-169.6011,0.0000,-73.653448,32.8956,38.3782,1.1667,0,1,15,1848653,A168_HF9F_20260827_0900,2026-08-27 09:00:00,185
1226870|11|906,906,1226870,11,2026-05-03,1,-1,21,23,5,6424.2721,144.1509,-65.7074,0.0000,-45.582388,279.3162,305.9177,1.0952,19,1,210,1848654,A168_HF9F_20260827_0900,2026-08-27 09:00:00,185
1226870|12|906,906,1226870,12,2026-05-03,1,-1,15,18,6,3695.6567,3695.6567,3401.0873,0.1008,92.029309,205.3143,246.3771,1.2000,0,1,105,1848655,A168_HF9F_20260827_0900,2026-08-27 09:00:00,185
1226870|13|906,906,1226870,13,2026-05-03,1,-1,9,18,5,221.5976,221.5976,23.9109,0.0000,10.790237,12.3110,24.6220,2.0000,0,1,36,1848656,A168_HF9F_20260827_0900,2026-08-27 09:00:00,185
1226870|14|906,906,1226870,14,2026-05-03,1,-1,8,17,5,322.0673,322.0673,149.8165,0.0000,46.517139,18.9451,40.2584,2.1250,0,1,28,1848657,A168_HF9F_20260827_0900,2026-08-27 09:00:00,185
1226870|15|906,906,1226870,15,2026-05-03,1,-1,8,12,6,137.6700,137.6700,113.2810,0.0000,82.284467,11.4725,17.2088,1.5000,0,1,28,1848658,A168_HF9F_20260827_0900,2026-08-27 09:00:00,185
1226870|16|906,906,1226870,16,2026-05-03,1,-1,11,16,5,606.6123,606.6123,-447.0796,0.0000,-73.701034,37.9133,55.1466,1.4545,0,1,55,1848659,A168_HF9F_20260827_0900,2026-08-27 09:00:00,185
1226870|17|906,906,1226870,17,2026-05-03,1,-1,12,18,7,785.1494,785.1494,92.9933,0.0000,11.844024,43.6194,65.4291,1.5000,0,1,66,1848660,A168_HF9F_20260827_0900,2026-08-27 09:00:00,185
1226870|18|906,906,1226870,18,2026-05-03,1,-1,22,31,5,2710.6475,123.9366,-386.5140,0.5672,-311.864407,87.4402,123.2113,1.4091,21,1,231,1848661,A168_HF9F_20260827_0900,2026-08-27 09:00:00,185
1226870|19|906,906,1226870,19,2026-05-03,1,-1,17,28,8,1072.7257,1060.1220,814.0103,4.4428,76.784588,38.3116,63.1015,1.6471,1,1,136,1848662,A168_HF9F_20260827_0900,2026-08-27 09:00:00,185
1226870|2|906,906,1226870,2,2026-05-03,1,-1,4,4,1,843.2360,0.0000,0.0000,0.0000,,210.8090,210.8090,1.0000,4,1,6,1848663,A168_HF9F_20260827_0900,2026-08-27 09:00:00,185
1226870|20|906,906,1226870,20,2026-05-03,1,-1,13,23,5,1743.0041,1721.9979,-602.3820,6.2388,-34.981578,75.7828,134.0772,1.7692,1,1,78,1848664,A168_HF9F_20260827_0900,2026-08-27 09:00:00,185
1226870|21|906,906,1226870,21,2026-05-03,1,-1,14,24,7,2523.9694,2515.5669,-1513.8416,0.0000,-60.178945,105.1654,180.2835,1.7143,1,1,91,1848665,A168_HF9F_20260827_0900,2026-08-27 09:00:00,185
1226870|22|906,906,1226870,22,2026-05-03,1,-1,18,23,5,3115.0357,3115.0357,-2845.9427,0.0000,-91.361479,135.4363,173.0575,1.2778,0,1,153,1848666,A168_HF9F_20260827_0900,2026-08-27 09:00:00,185
1226870|23|906,906,1226870,23,2026-05-03,1,-1,25,33,6,3868.0224,3863.8212,3502.4774,0.0000,90.648019,117.2128,154.7209,1.3200,1,1,300,1848667,A168_HF9F_20260827_0900,2026-08-27 09:00:00,185
1226870|24|906,906,1226870,24,2026-05-03,1,-1,12,22,7,2041.8839,2041.8839,-625.2534,0.0000,-30.621397,92.8129,170.1570,1.8333,0,1,66,1848668,A168_HF9F_20260827_0900,2026-08-27 09:00:00,185
1226870|25|906,906,1226870,25,2026-05-03,1,-1,5,7,3,1837.4184,1837.4184,-692.2894,0.0000,-37.677286,262.4883,367.4837,1.4000,0,1,10,1848669,A168_HF9F_20260827_0900,2026-08-27 09:00:00,185
1226870|26|906,906,1226870,26,2026-05-03,1,-1,10,13,4,2100.2406,2100.2406,-952.8655,0.7562,-45.369349,161.5570,210.0241,1.3000,0,1,45,1848670,A168_HF9F_20260827_0900,2026-08-27 09:00:00,185
1226870|27|906,906,1226870,27,2026-05-03,1,-1,10,12,2,2102.1679,2102.1679,2102.1679,0.2353,100.000000,175.1807,210.2168,1.2000,0,1,45,1848671,A168_HF9F_20260827_0900,2026-08-27 09:00:00,185
1226870|28|906,906,1226870,28,2026-05-03,1,-1,4,6,3,2059.0257,2059.0257,-934.0725,0.0000,-45.364779,343.1710,514.7564,1.5000,0,1,6,1848672,A168_HF9F_20260827_0900,2026-08-27 09:00:00,185
1226870|29|906,906,1226870,29,2026-05-03,1,-1,6,8,4,1899.2295,1899.2295,1892.7159,0.0000,99.657040,237.4037,316.5382,1.3333,0,1,15,1848673,A168_HF9F_20260827_0900,2026-08-27 09:00:00,185
1226870|3|906,906,1226870,3,2026-05-03,1,-1,6,6,3,2674.8817,2674.8817,-2513.7925,0.0000,-93.977705,445.8136,445.8136,1.0000,0,1,15,1848674,A168_HF9F_20260827_0900,2026-08-27 09:00:00,185
1226870|30|906,906,1226870,30,2026-05-03,1,-1,8,10,2,6184.6463,6184.6463,6184.6463,0.5882,100.000000,618.4646,773.0808,1.2500,0,1,28,1848675,A168_HF9F_20260827_0900,2026-08-27 09:00:00,185
1226870|31|906,906,1226870,31,2026-05-03,1,-1,2,3,2,4890.7685,4890.7685,4890.7685,0.0000,100.000000,1630.2562,2445.3843,1.5000,0,1,1,1848676,A168_HF9F_20260827_0900,2026-08-27 09:00:00,185
1226870|32|906,906,1226870,32,2026-05-03,1,-1,5,6,2,6517.8149,6517.8149,-4218.7520,0.0000,-64.726478,1086.3025,1303.5630,1.2000,0,1,10,1848677,A168_HF9F_20260827_0900,2026-08-27 09:00:00,185
1226870|33|906,906,1226870,33,2026-05-03,1,-1,8,10,4,4804.3797,4804.3797,4318.0450,0.0000,89.877263,480.4380,600.5475,1.2500,0,1,28,1848678,A168_HF9F_20260827_0900,2026-08-27 09:00:00,185
1226870|34|906,906,1226870,34,2026-05-03,1,-1,11,13,4,3798.6413,3798.6413,-3183.0327,0.0000,-83.793979,292.2032,345.3310,1.1818,0,1,55,1848679,A168_HF9F_20260827_0900,2026-08-27 09:00:00,185
1226870|35|906,906,1226870,35,2026-05-03,1,-1,9,10,3,3622.6301,3622.6301,883.9660,0.0000,24.401222,362.2630,402.5145,1.1111,0,1,36,1848680,A168_HF9F_20260827_0900,2026-08-27 09:00:00,185
1226870|36|906,906,1226870,36,2026-05-03,1,-1,5,9,6,2743.2063,2743.2063,-312.9241,0.0945,-11.407240,304.8007,548.6413,1.8000,0,1,10,1848681,A168_HF9F_20260827_0900,2026-08-27 09:00:00,185
1226870|37|906,906,1226870,37,2026-05-03,1,-1,4,6,4,2747.7767,2747.7767,2726.7705,0.0000,99.235520,457.9628,686.9442,1.5000,0,1,6,1848682,A168_HF9F_20260827_0900,2026-08-27 09:00:00,185
1226870|38|906,906,1226870,38,2026-05-03,1,-1,7,8,3,5199.4651,5199.4651,-3110.1001,0.0000,-59.815770,649.9331,742.7807,1.1429,0,1,21,1848683,A168_HF9F_20260827_0900,2026-08-27 09:00:00,185
1226870|39|906,906,1226870,39,2026-05-03,1,-1,4,9,5,1940.9849,1940.9849,1896.3873,0.0000,97.702323,215.6650,485.2462,2.2500,0,1,6,1848684,A168_HF9F_20260827_0900,2026-08-27 09:00:00,185
1226870|4|906,906,1226870,4,2026-05-03,1,-1,5,5,3,70.1159,1.0503,-8.4025,0.0000,-800.000000,14.0232,14.0232,1.0000,4,1,10,1848685,A168_HF9F_20260827_0900,2026-08-27 09:00:00,185
1226870|40|906,906,1226870,40,2026-05-03,1,-1,5,7,3,5646.6536,5646.6536,-3828.4683,0.0000,-67.800659,806.6648,1129.3307,1.4000,0,1,10,1848686,A168_HF9F_20260827_0900,2026-08-27 09:00:00,185
1226870|41|906,906,1226870,41,2026-05-03,1,-1,14,16,4,5814.4776,5814.4776,-1093.8329,0.0000,-18.812229,363.4049,415.3198,1.1429,0,1,91,1848687,A168_HF9F_20260827_0900,2026-08-27 09:00:00,185
1226870|42|906,906,1226870,42,2026-05-03,1,-1,16,25,8,13146.0703,13146.0703,12458.5221,0.0000,94.769934,525.8428,821.6294,1.5625,0,1,120,1848688,A168_HF9F_20260827_0900,2026-08-27 09:00:00,185
1226870|43|906,906,1226870,43,2026-05-03,1,-1,5,6,3,6456.4869,6456.4869,5927.1942,0.0000,91.802156,1076.0811,1291.2974,1.2000,0,1,10,1848689,A168_HF9F_20260827_0900,2026-08-27 09:00:00,185
1226870|44|906,906,1226870,44,2026-05-03,1,-1,9,10,3,6521.6752,6479.6628,-4045.5702,0.0000,-62.434887,652.1675,724.6306,1.1111,0,1,36,1848690,A168_HF9F_20260827_0900,2026-08-27 09:00:00,185
1226870|45|906,906,1226870,45,2026-05-03,1,-1,8,10,3,3666.8600,987.2892,-7898.3134,0.0000,-800.000000,366.6860,458.3575,1.2500,7,1,28,1848691,A168_HF9F_20260827_0900,2026-08-27 09:00:00,185
1226870|46|906,906,1226870,46,2026-05-03,1,-1,10,12,3,935.0436,935.0436,-169.3280,0.4978,-18.109103,77.9203,93.5044,1.2000,0,1,45,1848692,A168_HF9F_20260827_0900,2026-08-27 09:00:00,185
1226870|47|906,906,1226870,47,2026-05-03,1,-1,7,7,2,559.1404,559.1404,520.7622,0.0000,93.136199,79.8772,79.8772,1.0000,0,1,21,1848693,A168_HF9F_20260827_0900,2026-08-27 09:00:00,185
1226870|48|906,906,1226870,48,2026-05-03,1,-1,8,8,2,1213.8985,1213.8985,-850.3432,0.0000,-70.050600,151.7373,151.7373,1.0000,0,1,28,1848694,A168_HF9F_20260827_0900,2026-08-27 09:00:00,185
1226870|49|906,906,1226870,49,2026-05-03,1,-1,9,10,3,830.9035,830.9035,-485.5661,0.0000,-58.438324,83.0903,92.3226,1.1111,0,1,36,1848695,A168_HF9F_20260827_0900,2026-08-27 09:00:00,185
1226870|5|906,906,1226870,5,2026-05-03,1,-1,11,14,5,2949.9896,2949.9896,2794.3154,0.8402,94.722889,210.7135,268.1809,1.2727,0,1,55,1848696,A168_HF9F_20260827_0900,2026-08-27 09:00:00,185
1226870|50|906,906,1226870,50,2026-05-03,1,-1,4,7,5,1729.7059,1729.7059,602.3926,0.0000,34.826303,247.1008,432.4265,1.7500,0,1,6,1848697,A168_HF9F_20260827_0900,2026-08-27 09:00:00,185
1226870|51|906,906,1226870,51,2026-05-03,1,-1,6,7,3,857.1817,857.1817,-241.4020,0.0000,-28.162296,122.4545,142.8636,1.1667,0,1,15,1848698,A168_HF9F_20260827_0900,2026-08-27 09:00:00,185
1226870|52|906,906,1226870,52,2026-05-03,1,-1,23,26,4,3143.9801,3143.9801,-2386.4994,0.0840,-75.906951,120.9223,136.6948,1.1304,0,1,253,1848699,A168_HF9F_20260827_0900,2026-08-27 09:00:00,185
1226870|53|906,906,1226870,53,2026-05-03,1,-1,32,42,7,3265.3076,3265.3076,-1892.0538,0.3697,-57.944123,77.7454,102.0409,1.3125,0,1,496,1848700,A168_HF9F_20260827_0900,2026-08-27 09:00:00,185
1226870|54|906,906,1226870,54,2026-05-03,1,-1,30,40,4,4822.6254,4822.6254,1891.3659,0.2017,39.218594,120.5656,160.7542,1.3333,0,1,435,1848701,A168_HF9F_20260827_0900,2026-08-27 09:00:00,185
1226870|6|906,906,1226870,6,2026-05-03,1,-1,5,5,3,52.4478,1.0503,-8.4025,0.0000,-800.000000,10.4896,10.4896,1.0000,4,1,10,1848702,A168_HF9F_20260827_0900,2026-08-27 09:00:00,185
1226870|7|906,906,1226870,7,2026-05-03,1,-1,4,5,5,34.2858,6.2395,-3.2133,0.0000,-51.500249,6.8572,8.5714,1.2500,2,1,6,1848703,A168_HF9F_20260827_0900,2026-08-27 09:00:00,185
1226870|8|906,906,1226870,8,2026-05-03,1,-1,5,6,2,30.1686,30.1686,-14.3235,0.0000,-47.478036,5.0281,6.0337,1.2000,0,1,10,1848704,A168_HF9F_20260827_0900,2026-08-27 09:00:00,185
1226870|9|906,906,1226870,9,2026-05-03,1,-1,7,9,3,111.4996,111.4996,13.3946,0.0000,12.013106,12.3888,15.9285,1.2857,0,1,21,1848705,A168_HF9F_20260827_0900,2026-08-27 09:00:00,185
1226905|1|906,906,1226905,1,2026-05-03,1,-1,2,2,2,36.4488,36.4488,-14.1453,0.0000,-38.808765,18.2244,18.2244,1.0000,0,1,1,1848706,A168_HF9F_20260827_0900,2026-08-27 09:00:00,185
1226905|10|906,906,1226905,10,2026-05-03,1,-1,5,7,3,93.7673,93.7673,72.7611,0.0000,77.597525,13.3953,18.7535,1.4000,0,1,10,1848707,A168_HF9F_20260827_0900,2026-08-27 09:00:00,185
1226905|11|906,906,1226905,11,2026-05-03,1,-1,13,20,7,1205.6366,1205.6366,915.9991,0.0000,75.976390,60.2818,92.7413,1.5385,0,1,78,1848708,A168_HF9F_20260827_0900,2026-08-27 09:00:00,185
1226905|12|906,906,1226905,12,2026-05-03,1,-1,7,15,8,198.1809,198.1809,50.3992,0.0000,25.430923,13.2121,28.3116,2.1429,0,1,21,1848709,A168_HF9F_20260827_0900,2026-08-27 09:00:00,185
1226905|13|906,906,1226905,13,2026-05-03,1,-1,7,12,7,523.1685,523.1685,221.9274,0.0000,42.419868,43.5974,74.7384,1.7143,0,1,21,1848710,A168_HF9F_20260827_0900,2026-08-27 09:00:00,185
1226905|14|906,906,1226905,14,2026-05-03,1,-1,6,13,8,237.5542,237.5542,-171.6914,0.0000,-72.274629,18.2734,39.5924,2.1667,0,1,15,1848711,A168_HF9F_20260827_0900,2026-08-27 09:00:00,185
1226905|15|906,906,1226905,15,2026-05-03,1,-1,12,20,7,1167.2646,1167.2646,924.4202,0.0000,79.195426,58.3632,97.2721,1.6667,0,1,66,1848712,A168_HF9F_20260827_0900,2026-08-27 09:00:00,185
1226905|16|906,906,1226905,16,2026-05-03,1,-1,11,19,7,729.9500,729.9500,92.2600,0.0000,12.639224,38.4184,66.3591,1.7273,0,1,55,1848713,A168_HF9F_20260827_0900,2026-08-27 09:00:00,185
1226905|17|906,906,1226905,17,2026-05-03,1,-1,9,15,7,209.1313,209.1313,188.6503,0.0786,90.206611,13.9421,23.2368,1.6667,0,1,36,1848714,A168_HF9F_20260827_0900,2026-08-27 09:00:00,185
1226905|18|906,906,1226905,18,2026-05-03,1,-1,10,13,5,3556.3591,3556.3591,-2535.7181,0.0786,-71.300959,273.5661,355.6359,1.3000,0,1,45,1848715,A168_HF9F_20260827_0900,2026-08-27 09:00:00,185
1226905|19|906,906,1226905,19,2026-05-03,1,-1,21,25,5,3132.1674,3132.1674,-2759.0582,0.0786,-88.087827,125.2867,149.1508,1.1905,0,1,210,1848716,A168_HF9F_20260827_0900,2026-08-27 09:00:00,185
1226905|2|906,906,1226905,2,2026-05-03,1,-1,2,6,6,84.8924,84.8924,-31.9801,0.0000,-37.671284,14.1487,42.4462,3.0000,0,1,1,1848717,A168_HF9F_20260827_0900,2026-08-27 09:00:00,185
1226905|20|906,906,1226905,20,2026-05-03,1,-1,30,40,8,3404.3301,3404.3301,3132.2306,0.0786,92.007252,85.1083,113.4777,1.3333,0,1,435,1848718,A168_HF9F_20260827_0900,2026-08-27 09:00:00,185
1226905|21|906,906,1226905,21,2026-05-03,1,-1,12,16,6,940.3413,940.3413,179.9947,0.0786,19.141426,58.7713,78.3618,1.3333,0,1,66,1848719,A168_HF9F_20260827_0900,2026-08-27 09:00:00,185
1226905|22|906,906,1226905,22,2026-05-03,1,-1,10,11,3,1528.0662,12.9729,-103.7829,0.0000,-800.000000,138.9151,152.8066,1.1000,10,1,45,1848720,A168_HF9F_20260827_0900,2026-08-27 09:00:00,185
1226905|23|906,906,1226905,23,2026-05-03,1,-1,7,7,2,652.3507,652.3507,459.9715,0.0000,70.509847,93.1930,93.1930,1.0000,0,1,21,1848721,A168_HF9F_20260827_0900,2026-08-27 09:00:00,185
1226905|24|906,906,1226905,24,2026-05-03,1,-1,6,6,2,1126.0990,0.0000,0.0000,0.0000,,187.6832,187.6832,1.0000,6,1,15,1848722,A168_HF9F_20260827_0900,2026-08-27 09:00:00,185
1226905|25|906,906,1226905,25,2026-05-03,1,-1,4,4,2,260.4768,260.4768,-159.6471,0.0945,-61.290323,65.1192,65.1192,1.0000,0,1,6,1848723,A168_HF9F_20260827_0900,2026-08-27 09:00:00,185
1226905|26|906,906,1226905,26,2026-05-03,1,-1,5,5,2,922.9103,922.9103,893.5017,0.0945,96.813485,184.5821,184.5821,1.0000,0,1,10,1848724,A168_HF9F_20260827_0900,2026-08-27 09:00:00,185
1226905|27|906,906,1226905,27,2026-05-03,1,-1,3,3,2,206.1194,206.1194,-183.5248,0.0567,-89.038102,68.7065,68.7065,1.0000,0,1,3,1848725,A168_HF9F_20260827_0900,2026-08-27 09:00:00,185
1226905|28|906,906,1226905,28,2026-05-03,1,-1,4,4,2,521.7851,521.7851,80.6549,0.0945,15.457500,130.4463,130.4463,1.0000,0,1,6,1848726,A168_HF9F_20260827_0900,2026-08-27 09:00:00,185
1226905|29|906,906,1226905,29,2026-05-03,1,-1,5,5,2,168.5877,168.5877,121.2979,0.0567,71.949427,33.7175,33.7175,1.0000,0,1,10,1848727,A168_HF9F_20260827_0900,2026-08-27 09:00:00,185
1226905|3|906,906,1226905,3,2026-05-03,1,-1,3,9,8,114.9656,114.9656,-40.3119,0.0000,-35.064310,12.7740,38.3219,3.0000,0,1,3,1848728,A168_HF9F_20260827_0900,2026-08-27 09:00:00,185
1226905|30|906,906,1226905,30,2026-05-03,1,-1,6,12,6,381.2992,381.2992,-89.7648,0.0945,-23.541825,31.7749,63.5499,2.0000,0,1,15,1848729,A168_HF9F_20260827_0900,2026-08-27 09:00:00,185
1226905|31|906,906,1226905,31,2026-05-03,1,-1,3,3,1,189.0558,189.0558,189.0558,0.0000,100.000000,63.0186,63.0186,1.0000,0,1,3,1848730,A168_HF9F_20260827_0900,2026-08-27 09:00:00,185
1226905|32|906,906,1226905,32,2026-05-03,1,-1,4,4,2,399.3764,399.3764,-147.3020,0.0000,-36.883005,99.8441,99.8441,1.0000,0,1,6,1848731,A168_HF9F_20260827_0900,2026-08-27 09:00:00,185
1226905|33|906,906,1226905,33,2026-05-03,1,-1,6,6,2,2120.6265,2120.6265,1968.2023,0.0000,92.812302,353.4378,353.4378,1.0000,0,1,15,1848732,A168_HF9F_20260827_0900,2026-08-27 09:00:00,185
1226905|34|906,906,1226905,34,2026-05-03,1,-1,6,6,2,347.8198,347.8198,-14.6664,0.0000,-4.216660,57.9700,57.9700,1.0000,0,1,15,1848733,A168_HF9F_20260827_0900,2026-08-27 09:00:00,185
1226905|35|906,906,1226905,35,2026-05-03,1,-1,9,12,6,1752.3457,1752.3457,-1056.5025,0.0000,-60.290758,146.0288,194.7051,1.3333,0,1,36,1848734,A168_HF9F_20260827_0900,2026-08-27 09:00:00,185
1226905|36|906,906,1226905,36,2026-05-03,1,-1,12,12,2,2405.3518,2405.3518,1102.3176,0.2521,45.827708,200.4460,200.4460,1.0000,0,1,66,1848735,A168_HF9F_20260827_0900,2026-08-27 09:00:00,185
1226905|37|906,906,1226905,37,2026-05-03,1,-1,5,5,2,821.4165,821.4165,283.6145,0.0000,34.527484,164.2833,164.2833,1.0000,0,1,10,1848736,A168_HF9F_20260827_0900,2026-08-27 09:00:00,185
1226905|38|906,906,1226905,38,2026-05-03,1,-1,4,4,2,651.2355,651.2355,-445.3748,0.0000,-68.389205,162.8089,162.8089,1.0000,0,1,6,1848737,A168_HF9F_20260827_0900,2026-08-27 09:00:00,185
1226905|39|906,906,1226905,39,2026-05-03,1,-1,7,8,3,1295.3794,1295.3794,1270.0823,0.0000,98.047130,161.9224,185.0542,1.1429,0,1,21,1848738,A168_HF9F_20260827_0900,2026-08-27 09:00:00,185
1226905|4|906,906,1226905,4,2026-05-03,1,-1,2,4,3,85.3516,85.3516,85.3516,0.0000,100.000000,21.3379,42.6758,2.0000,0,1,1,1848739,A168_HF9F_20260827_0900,2026-08-27 09:00:00,185
1226905|40|906,906,1226905,40,2026-05-03,1,-1,9,13,5,1844.6946,1844.6946,-1384.1031,0.0000,-75.031559,141.8996,204.9661,1.4444,0,1,36,1848740,A168_HF9F_20260827_0900,2026-08-27 09:00:00,185
1226905|41|906,906,1226905,41,2026-05-03,1,-1,8,10,3,591.4335,591.4335,591.4335,0.0000,100.000000,59.1433,73.9292,1.2500,0,1,28,1848741,A168_HF9F_20260827_0900,2026-08-27 09:00:00,185
1226905|42|906,906,1226905,42,2026-05-03,1,-1,6,6,2,146.7800,146.7800,-106.8165,0.0000,-72.773196,24.4633,24.4633,1.0000,0,1,15,1848742,A168_HF9F_20260827_0900,2026-08-27 09:00:00,185
1226905|43|906,906,1226905,43,2026-05-03,1,-1,14,22,8,1434.9616,1434.9616,-1184.1653,0.2420,-82.522437,65.2255,102.4973,1.5714,0,1,91,1848743,A168_HF9F_20260827_0900,2026-08-27 09:00:00,185
1226905|44|906,906,1226905,44,2026-05-03,1,-1,15,15,2,1168.5058,1168.5058,839.2530,0.1680,71.822745,77.9004,77.9004,1.0000,0,1,105,1848744,A168_HF9F_20260827_0900,2026-08-27 09:00:00,185
1226905|45|906,906,1226905,45,2026-05-03,1,-1,6,7,3,98.0382,98.0382,48.7132,0.0000,49.687988,14.0055,16.3397,1.1667,0,1,15,1848745,A168_HF9F_20260827_0900,2026-08-27 09:00:00,185
1226905|46|906,906,1226905,46,2026-05-03,1,-1,4,4,2,32.4972,32.4972,28.4010,0.0000,87.395196,8.1243,8.1243,1.0000,0,1,6,1848746,A168_HF9F_20260827_0900,2026-08-27 09:00:00,185
1226905|47|906,906,1226905,47,2026-05-03,1,-1,3,3,2,76.2187,76.2187,67.8162,0.0000,88.975823,25.4062,25.4062,1.0000,0,1,3,1848747,A168_HF9F_20260827_0900,2026-08-27 09:00:00,185
1226905|48|906,906,1226905,48,2026-05-03,1,-1,5,5,1,418.3853,418.3853,418.3853,0.0000,100.000000,83.6771,83.6771,1.0000,0,1,10,1848748,A168_HF9F_20260827_0900,2026-08-27 09:00:00,185
1226905|49|906,906,1226905,49,2026-05-03,1,-1,3,4,2,324.5764,282.5640,-267.3855,0.1891,-94.628293,81.1441,108.1921,1.3333,1,1,3,1848749,A168_HF9F_20260827_0900,2026-08-27 09:00:00,185
1226905|5|906,906,1226905,5,2026-05-03,1,-1,3,7,6,80.4279,15.5674,-7.7837,0.0000,-50.000000,11.4897,26.8093,2.3333,3,1,3,1848750,A168_HF9F_20260827_0900,2026-08-27 09:00:00,185
1226905|50|906,906,1226905,50,2026-05-03,1,-1,4,5,3,44.6298,44.6298,25.8490,0.0000,57.918786,8.9260,11.1575,1.2500,0,1,6,1848751,A168_HF9F_20260827_0900,2026-08-27 09:00:00,185
1226905|51|906,906,1226905,51,2026-05-03,1,-1,3,3,1,69.3204,69.3204,69.3204,0.5041,100.000000,23.1068,23.1068,1.0000,0,1,3,1848752,A168_HF9F_20260827_0900,2026-08-27 09:00:00,185
1226905|52|906,906,1226905,52,2026-05-03,1,-1,7,7,2,1459.7322,1459.7322,1399.4383,0.0000,95.869522,208.5332,208.5332,1.0000,0,1,21,1848753,A168_HF9F_20260827_0900,2026-08-27 09:00:00,185
1226905|53|906,906,1226905,53,2026-05-03,1,-1,5,6,3,101.8785,101.8785,-3.1524,0.1680,-3.094308,16.9798,20.3757,1.2000,0,1,10,1848754,A168_HF9F_20260827_0900,2026-08-27 09:00:00,185
1226905|54|906,906,1226905,54,2026-05-03,1,-1,12,12,2,1969.1152,1969.1152,1024.2739,0.3908,52.016963,164.0929,164.0929,1.0000,0,1,66,1848755,A168_HF9F_20260827_0900,2026-08-27 09:00:00,185
1226905|55|906,906,1226905,55,2026-05-03,1,-1,6,8,4,279.6697,279.6697,-168.6369,0.6136,-60.298584,34.9587,46.6116,1.3333,0,1,15,1848756,A168_HF9F_20260827_0900,2026-08-27 09:00:00,185
1226905|6|906,906,1226905,6,2026-05-03,1,-1,5,11,8,156.9080,156.9080,-52.6537,0.0000,-33.557033,14.2644,31.3816,2.2000,0,1,10,1848757,A168_HF9F_20260827_0900,2026-08-27 09:00:00,185
1226905|7|906,906,1226905,7,2026-05-03,1,-1,6,10,6,119.7862,119.7862,85.8037,0.0000,71.630687,11.9786,19.9644,1.6667,0,1,15,1848758,A168_HF9F_20260827_0900,2026-08-27 09:00:00,185
1226905|8|906,906,1226905,8,2026-05-03,1,-1,6,8,4,262.4157,262.4157,150.8940,0.0000,57.501895,32.8020,43.7360,1.3333,0,1,15,1848759,A168_HF9F_20260827_0900,2026-08-27 09:00:00,185
1226905|9|906,906,1226905,9,2026-05-03,1,-1,3,3,1,44.2325,44.2325,-44.2325,0.0000,-100.000000,14.7442,14.7442,1.0000,0,1,3,1848760,A168_HF9F_20260827_0900,2026-08-27 09:00:00,185
1226944|1|906,906,1226944,1,2026-05-03,1,-1,1,1,1,100.0000,100.0000,-50.0000,0.0000,-50.000000,100.0000,100.0000,1.0000,0,0,0,1848761,A168_HF9F_20260827_0900,2026-08-27 09:00:00,185
1226944|10|906,906,1226944,10,2026-05-03,1,-1,27,34,5,3529.0140,3511.7875,2762.7775,0.0000,78.671547,103.7945,130.7042,1.2593,1,1,351,1848762,A168_HF9F_20260827_0900,2026-08-27 09:00:00,185
1226944|11|906,906,1226944,11,2026-05-03,1,-1,23,24,5,3145.3976,3145.3976,-2582.4959,0.2736,-82.103958,131.0582,136.7564,1.0435,0,1,253,1848763,A168_HF9F_20260827_0900,2026-08-27 09:00:00,185
1226944|12|906,906,1226944,12,2026-05-03,1,-1,24,33,7,3730.1981,3730.1981,-3173.0108,0.8786,-85.062795,113.0363,155.4249,1.3750,0,1,276,1848764,A168_HF9F_20260827_0900,2026-08-27 09:00:00,185
1226944|13|906,906,1226944,13,2026-05-03,1,-1,34,51,7,5281.7480,5281.7480,4400.4516,0.2736,83.314305,103.5637,155.3455,1.5000,0,1,561,1848765,A168_HF9F_20260827_0900,2026-08-27 09:00:00,185
1226944|14|906,906,1226944,14,2026-05-03,1,-1,9,12,5,2501.9767,2501.9767,-1666.7488,0.9290,-66.617278,208.4981,277.9974,1.3333,0,1,36,1848766,A168_HF9F_20260827_0900,2026-08-27 09:00:00,185
1226944|15|906,906,1226944,15,2026-05-03,1,-1,18,26,7,3995.6061,3995.6061,3953.3693,0.7210,98.942919,153.6772,221.9781,1.4444,0,1,153,1848767,A168_HF9F_20260827_0900,2026-08-27 09:00:00,185
1226944|16|906,906,1226944,16,2026-05-03,1,-1,10,11,3,4030.9112,4009.9050,3661.5702,0.0000,91.313140,366.4465,403.0911,1.1000,1,1,45,1848768,A168_HF9F_20260827_0900,2026-08-27 09:00:00,185
1226944|17|906,906,1226944,17,2026-05-03,1,-1,8,14,6,713.6491,671.6367,328.3684,0.0000,48.890781,50.9749,89.2061,1.7500,1,1,28,1848769,A168_HF9F_20260827_0900,2026-08-27 09:00:00,185
1226944|18|906,906,1226944,18,2026-05-03,1,-1,6,6,2,615.7959,615.7959,504.4888,0.0000,81.924669,102.6327,102.6327,1.0000,0,1,15,1848770,A168_HF9F_20260827_0900,2026-08-27 09:00:00,185
1226944|19|906,906,1226944,19,2026-05-03,1,-1,4,6,4,932.8415,932.8415,-557.6250,0.0000,-59.777042,155.4736,233.2104,1.5000,0,1,6,1848771,A168_HF9F_20260827_0900,2026-08-27 09:00:00,185
1226944|2|906,906,1226944,2,2026-05-03,1,-1,2,2,1,7.5639,7.5639,-7.5639,0.0000,-100.000000,3.7820,3.7820,1.0000,0,1,1,1848772,A168_HF9F_20260827_0900,2026-08-27 09:00:00,185
1226944|20|906,906,1226944,20,2026-05-03,1,-1,4,5,3,690.1115,690.1115,290.1115,0.0000,42.038354,138.0223,172.5279,1.2500,0,1,6,1848773,A168_HF9F_20260827_0900,2026-08-27 09:00:00,185
1226944|21|906,906,1226944,21,2026-05-03,1,-1,4,4,1,739.3889,739.3889,739.3889,0.0000,100.000000,184.8472,184.8472,1.0000,0,1,6,1848774,A168_HF9F_20260827_0900,2026-08-27 09:00:00,185
1226944|22|906,906,1226944,22,2026-05-03,1,-1,2,2,2,42.6022,42.6022,-25.7972,0.0000,-60.553785,21.3011,21.3011,1.0000,0,1,1,1848775,A168_HF9F_20260827_0900,2026-08-27 09:00:00,185
1226944|23|906,906,1226944,23,2026-05-03,1,-1,4,4,2,130.8282,0.0000,0.0000,0.0000,,32.7071,32.7071,1.0000,4,1,6,1848776,A168_HF9F_20260827_0900,2026-08-27 09:00:00,185
1226944|24|906,906,1226944,24,2026-05-03,1,-1,4,6,4,740.0079,740.0079,671.6085,0.0000,90.756930,123.3347,185.0020,1.5000,0,1,6,1848777,A168_HF9F_20260827_0900,2026-08-27 09:00:00,185
1226944|25|906,906,1226944,25,2026-05-03,1,-1,4,7,5,205.6780,205.6780,82.7918,0.0000,40.253094,29.3826,51.4195,1.7500,0,1,6,1848778,A168_HF9F_20260827_0900,2026-08-27 09:00:00,185
1226944|26|906,906,1226944,26,2026-05-03,1,-1,4,5,3,176.0487,176.0487,-96.2251,0.0000,-54.658251,35.2097,44.0122,1.2500,0,1,6,1848779,A168_HF9F_20260827_0900,2026-08-27 09:00:00,185
1226944|27|906,906,1226944,27,2026-05-03,1,-1,7,8,3,293.7978,293.7978,-25.4279,0.0000,-8.654913,36.7247,41.9711,1.1429,0,1,21,1848780,A168_HF9F_20260827_0900,2026-08-27 09:00:00,185
1226944|28|906,906,1226944,28,2026-05-03,1,-1,14,14,2,1762.8922,1762.8922,-1470.6489,0.0000,-83.422505,125.9209,125.9209,1.0000,0,1,91,1848781,A168_HF9F_20260827_0900,2026-08-27 09:00:00,185
1226944|29|906,906,1226944,29,2026-05-03,1,-1,12,12,2,868.6075,868.6075,-704.7592,0.0000,-81.136666,72.3840,72.3840,1.0000,0,1,66,1848782,A168_HF9F_20260827_0900,2026-08-27 09:00:00,185
1226944|3|906,906,1226944,3,2026-05-03,1,-1,4,6,4,109.6080,109.6080,83.3582,0.0000,76.051189,18.2680,27.4020,1.5000,0,1,6,1848783,A168_HF9F_20260827_0900,2026-08-27 09:00:00,185
1226944|30|906,906,1226944,30,2026-05-03,1,-1,13,14,3,809.1616,809.1616,704.7428,0.0000,87.095442,57.7973,62.2432,1.0769,0,1,78,1848784,A168_HF9F_20260827_0900,2026-08-27 09:00:00,185
1226944|31|906,906,1226944,31,2026-05-03,1,-1,7,7,1,690.6429,690.6429,-690.6429,0.0000,-100.000000,98.6633,98.6633,1.0000,0,1,21,1848785,A168_HF9F_20260827_0900,2026-08-27 09:00:00,185
1226944|32|906,906,1226944,32,2026-05-03,1,-1,18,22,5,3951.2046,3951.2046,3801.2882,0.0000,96.205807,179.6002,219.5114,1.2222,0,1,153,1848786,A168_HF9F_20260827_0900,2026-08-27 09:00:00,185
1226944|33|906,906,1226944,33,2026-05-03,1,-1,7,8,3,378.2034,378.2034,220.3983,0.0945,58.275072,47.2754,54.0291,1.1429,0,1,21,1848787,A168_HF9F_20260827_0900,2026-08-27 09:00:00,185
1226944|34|906,906,1226944,34,2026-05-03,1,-1,9,13,5,495.3054,495.3054,155.0105,0.0000,31.295947,38.1004,55.0339,1.4444,0,1,36,1848788,A168_HF9F_20260827_0900,2026-08-27 09:00:00,185
1226944|35|906,906,1226944,35,2026-05-03,1,-1,20,27,8,2848.1535,2848.1535,1846.2687,0.0000,64.823358,105.4872,142.4077,1.3500,0,1,190,1848789,A168_HF9F_20260827_0900,2026-08-27 09:00:00,185
1226944|36|906,906,1226944,36,2026-05-03,1,-1,9,12,4,685.1576,685.1576,110.0869,0.0000,16.067385,57.0965,76.1286,1.3333,0,1,36,1848790,A168_HF9F_20260827_0900,2026-08-27 09:00:00,185
1226944|37|906,906,1226944,37,2026-05-03,1,-1,6,8,3,773.5779,773.5779,432.6568,0.0000,55.929316,96.6972,128.9297,1.3333,0,1,15,1848791,A168_HF9F_20260827_0900,2026-08-27 09:00:00,185
1226944|38|906,906,1226944,38,2026-05-03,1,-1,4,7,5,189.5231,189.5231,-48.7839,0.0000,-25.740344,27.0747,47.3808,1.7500,0,1,6,1848792,A168_HF9F_20260827_0900,2026-08-27 09:00:00,185
1226944|39|906,906,1226944,39,2026-05-03,1,-1,5,8,5,239.5033,239.5033,116.6171,0.0000,48.691211,29.9379,47.9007,1.6000,0,1,10,1848793,A168_HF9F_20260827_0900,2026-08-27 09:00:00,185
1226944|4|906,906,1226944,4,2026-05-03,1,-1,5,5,2,136.2193,136.2193,28.9432,0.2736,21.247539,27.2439,27.2439,1.0000,0,1,10,1848794,A168_HF9F_20260827_0900,2026-08-27 09:00:00,185
1226944|40|906,906,1226944,40,2026-05-03,1,-1,7,9,4,408.1111,408.1111,132.9508,0.6891,32.577099,45.3457,58.3016,1.2857,0,1,21,1848795,A168_HF9F_20260827_0900,2026-08-27 09:00:00,185
1226944|41|906,906,1226944,41,2026-05-03,1,-1,6,8,3,674.6920,674.6920,-357.9155,0.0000,-53.048732,84.3365,112.4487,1.3333,0,1,15,1848796,A168_HF9F_20260827_0900,2026-08-27 09:00:00,185
1226944|42|906,906,1226944,42,2026-05-03,1,-1,14,16,3,2563.6765,2563.6765,2028.5530,0.0000,79.126712,160.2298,183.1198,1.1429,0,1,91,1848797,A168_HF9F_20260827_0900,2026-08-27 09:00:00,185
1226944|43|906,906,1226944,43,2026-05-03,1,-1,6,8,4,748.5950,748.5950,302.8148,0.0000,40.451091,93.5744,124.7658,1.3333,0,1,15,1848798,A168_HF9F_20260827_0900,2026-08-27 09:00:00,185
1226944|44|906,906,1226944,44,2026-05-03,1,-1,13,18,6,932.0063,932.0063,53.0692,0.0000,5.694084,51.7781,71.6928,1.3846,0,1,78,1848799,A168_HF9F_20260827_0900,2026-08-27 09:00:00,185
1226944|45|906,906,1226944,45,2026-05-03,1,-1,14,14,2,2346.1942,2346.1942,2066.1494,0.0000,88.063873,167.5853,167.5853,1.0000,0,1,91,1848800,A168_HF9F_20260827_0900,2026-08-27 09:00:00,185
1226944|46|906,906,1226944,46,2026-05-03,1,-1,8,10,4,732.9451,732.9451,245.7464,0.0000,33.528628,73.2945,91.6181,1.2500,0,1,28,1848801,A168_HF9F_20260827_0900,2026-08-27 09:00:00,185
1226944|47|906,906,1226944,47,2026-05-03,1,-1,5,5,2,269.7804,269.7804,100.1070,0.0000,37.106848,53.9561,53.9561,1.0000,0,1,10,1848802,A168_HF9F_20260827_0900,2026-08-27 09:00:00,185
1226944|48|906,906,1226944,48,2026-05-03,1,-1,5,5,2,575.4577,575.4577,-163.5604,0.0000,-28.422660,115.0915,115.0915,1.0000,0,1,10,1848803,A168_HF9F_20260827_0900,2026-08-27 09:00:00,185
1226944|49|906,906,1226944,49,2026-05-03,1,-1,3,3,2,171.9045,0.0000,0.0000,0.0000,,57.3015,57.3015,1.0000,3,1,3,1848804,A168_HF9F_20260827_0900,2026-08-27 09:00:00,185
1226944|5|906,906,1226944,5,2026-05-03,1,-1,8,8,2,470.7705,470.7705,366.1622,0.1094,77.779353,58.8463,58.8463,1.0000,0,1,28,1848805,A168_HF9F_20260827_0900,2026-08-27 09:00:00,185
1226944|50|906,906,1226944,50,2026-05-03,1,-1,2,2,2,2075.6577,2075.6577,1316.7454,0.0000,63.437500,1037.8289,1037.8289,1.0000,0,1,1,1848806,A168_HF9F_20260827_0900,2026-08-27 09:00:00,185
1226944|51|906,906,1226944,51,2026-05-03,1,-1,3,3,2,387.1833,0.0000,0.0000,0.0000,,129.0611,129.0611,1.0000,3,1,3,1848807,A168_HF9F_20260827_0900,2026-08-27 09:00:00,185
1226944|52|906,906,1226944,52,2026-05-03,1,-1,4,4,2,472.6607,0.0000,0.0000,0.0000,,118.1652,118.1652,1.0000,4,1,6,1848808,A168_HF9F_20260827_0900,2026-08-27 09:00:00,185
1226944|53|906,906,1226944,53,2026-05-03,1,-1,5,5,2,364.0545,364.0545,35.8535,0.0000,9.848386,72.8109,72.8109,1.0000,0,1,10,1848809,A168_HF9F_20260827_0900,2026-08-27 09:00:00,185
1226944|54|906,906,1226944,54,2026-05-03,1,-1,7,9,4,666.2707,666.2707,-204.1355,0.0000,-30.638523,74.0301,95.1815,1.2857,0,1,21,1848810,A168_HF9F_20260827_0900,2026-08-27 09:00:00,185
1226944|55|906,906,1226944,55,2026-05-03,1,-1,7,10,5,2100.2644,2100.2644,1713.7762,0.0000,81.598117,210.0264,300.0378,1.4286,0,1,21,1848811,A168_HF9F_20260827_0900,2026-08-27 09:00:00,185
1226944|6|906,906,1226944,6,2026-05-03,1,-1,5,5,2,307.1744,307.1744,-134.0567,0.2736,-43.641888,61.4349,61.4349,1.0000,0,1,10,1848812,A168_HF9F_20260827_0900,2026-08-27 09:00:00,185
1226944|7|906,906,1226944,7,2026-05-03,1,-1,4,4,2,362.3972,362.3972,352.0189,0.0000,97.136212,90.5993,90.5993,1.0000,0,1,6,1848813,A168_HF9F_20260827_0900,2026-08-27 09:00:00,185
1226944|8|906,906,1226944,8,2026-05-03,1,-1,8,10,3,963.9156,963.9156,674.5325,0.0547,69.978375,96.3916,120.4895,1.2500,0,1,28,1848814,A168_HF9F_20260827_0900,2026-08-27 09:00:00,185
1226944|9|906,906,1226944,9,2026-05-03,1,-1,17,20,7,2226.8703,2226.8703,-2160.1680,0.0000,-97.004662,111.3435,130.9924,1.1765,0,1,136,1848815,A168_HF9F_20260827_0900,2026-08-27 09:00:00,185
1226988|1|906,906,1226988,1,2026-05-03,1,-1,1,1,1,2.5946,2.5946,2.5946,0.0000,100.000000,2.5946,2.5946,1.0000,0,0,0,1848816,A168_HF9F_20260827_0900,2026-08-27 09:00:00,185
1226988|10|906,906,1226988,10,2026-05-03,1,-1,4,4,2,550.4064,550.4064,325.3418,0.0000,59.109379,137.6016,137.6016,1.0000,0,1,6,1848817,A168_HF9F_20260827_0900,2026-08-27 09:00:00,185
1226988|11|906,906,1226988,11,2026-05-03,1,-1,2,2,1,492.4006,492.4006,492.4006,0.0000,100.000000,246.2003,246.2003,1.0000,0,1,1,1848818,A168_HF9F_20260827_0900,2026-08-27 09:00:00,185
1226988|12|906,906,1226988,12,2026-05-03,1,-1,2,2,1,36.2045,36.2045,36.2045,0.0000,100.000000,18.1022,18.1022,1.0000,0,1,1,1848819,A168_HF9F_20260827_0900,2026-08-27 09:00:00,185
1226988|13|906,906,1226988,13,2026-05-03,1,-1,10,11,2,2477.8272,2323.8484,2141.4492,0.4077,92.150985,225.2570,247.7827,1.1000,1,1,45,1848820,A168_HF9F_20260827_0900,2026-08-27 09:00:00,185
1226988|14|906,906,1226988,14,2026-05-03,1,-1,8,8,3,1699.3960,1699.3960,1154.5358,0.6099,67.938011,212.4245,212.4245,1.0000,0,1,28,1848821,A168_HF9F_20260827_0900,2026-08-27 09:00:00,185
1226988|15|906,906,1226988,15,2026-05-03,1,-1,1,1,1,17.0000,17.0000,-16.1500,0.0000,-95.000000,17.0000,17.0000,1.0000,0,0,0,1848822,A168_HF9F_20260827_0900,2026-08-27 09:00:00,185
1226988|16|906,906,1226988,16,2026-05-03,1,-1,2,2,2,218.3227,218.3227,-176.3103,0.0000,-80.756744,109.1613,109.1613,1.0000,0,1,1,1848823,A168_HF9F_20260827_0900,2026-08-27 09:00:00,185
1226988|17|906,906,1226988,17,2026-05-03,1,-1,1,1,1,42.0124,42.0124,42.0124,0.0000,100.000000,42.0124,42.0124,1.0000,0,0,0,1848824,A168_HF9F_20260827_0900,2026-08-27 09:00:00,185
1226988|18|906,906,1226988,18,2026-05-03,1,-1,1,1,1,105.0310,105.0310,-99.7794,0.0000,-95.000000,105.0310,105.0310,1.0000,0,0,0,1848825,A168_HF9F_20260827_0900,2026-08-27 09:00:00,185
1226988|20|906,906,1226988,20,2026-05-03,1,-1,6,6,2,1830.0132,1830.0132,1246.7927,0.0000,68.130256,305.0022,305.0022,1.0000,0,1,15,1848826,A168_HF9F_20260827_0900,2026-08-27 09:00:00,185
1226988|21|906,906,1226988,21,2026-05-03,1,-1,4,10,8,1445.8042,1445.8042,1374.3832,0.4033,95.060115,144.5804,361.4511,2.5000,0,1,6,1848827,A168_HF9F_20260827_0900,2026-08-27 09:00:00,185
1226988|22|906,906,1226988,22,2026-05-03,1,-1,6,11,5,522.5296,522.5296,-40.1529,0.3193,-7.684335,47.5027,87.0883,1.8333,0,1,15,1848828,A168_HF9F_20260827_0900,2026-08-27 09:00:00,185
1226988|23|906,906,1226988,23,2026-05-03,1,-1,7,9,3,1932.7044,1932.7044,-1627.5124,0.1680,-84.209071,214.7449,276.1006,1.2857,0,1,21,1848829,A168_HF9F_20260827_0900,2026-08-27 09:00:00,185
1226988|24|906,906,1226988,24,2026-05-03,1,-1,5,11,6,878.1838,878.1838,64.5724,0.2588,7.352943,79.8349,175.6368,2.2000,0,1,10,1848830,A168_HF9F_20260827_0900,2026-08-27 09:00:00,185
1226988|25|906,906,1226988,25,2026-05-03,1,-1,10,12,4,2525.5759,2525.5759,-552.9241,0.0000,-21.892992,210.4647,252.5576,1.2000,0,1,45,1848831,A168_HF9F_20260827_0900,2026-08-27 09:00:00,185
1226988|26|906,906,1226988,26,2026-05-03,1,-1,12,18,5,3342.0268,3342.0268,516.8426,0.0000,15.464946,185.6682,278.5022,1.5000,0,1,66,1848832,A168_HF9F_20260827_0900,2026-08-27 09:00:00,185
1226988|27|906,906,1226988,27,2026-05-03,1,-1,13,16,6,2036.8492,2036.8492,2002.5010,0.5672,98.313660,127.3031,156.6807,1.2308,0,1,78,1848833,A168_HF9F_20260827_0900,2026-08-27 09:00:00,185
1226988|28|906,906,1226988,28,2026-05-03,1,-1,4,6,3,135.7120,135.7120,69.0226,0.0000,50.859581,22.6187,33.9280,1.5000,0,1,6,1848834,A168_HF9F_20260827_0900,2026-08-27 09:00:00,185
1226988|29|906,906,1226988,29,2026-05-03,1,-1,5,6,3,288.8384,288.8384,-105.7946,0.0945,-36.627609,48.1397,57.7677,1.2000,0,1,10,1848835,A168_HF9F_20260827_0900,2026-08-27 09:00:00,185
1226988|3|906,906,1226988,3,2026-05-03,1,-1,1,1,1,2.5946,2.5946,2.5946,0.0000,100.000000,2.5946,2.5946,1.0000,0,0,0,1848836,A168_HF9F_20260827_0900,2026-08-27 09:00:00,185
1226988|30|906,906,1226988,30,2026-05-03,1,-1,4,6,4,117.8331,117.8331,-29.1257,0.0000,-24.717788,19.6389,29.4583,1.5000,0,1,6,1848837,A168_HF9F_20260827_0900,2026-08-27 09:00:00,185
1226988|31|906,906,1226988,31,2026-05-03,1,-1,8,13,5,1571.0186,1543.6589,-1395.0567,0.0000,-90.373379,120.8476,196.3773,1.6250,1,1,28,1848838,A168_HF9F_20260827_0900,2026-08-27 09:00:00,185
1226988|32|906,906,1226988,32,2026-05-03,1,-1,2,3,3,58.2579,58.2579,38.0202,0.0000,65.261946,19.4193,29.1290,1.5000,0,1,1,1848839,A168_HF9F_20260827_0900,2026-08-27 09:00:00,185
1226988|33|906,906,1226988,33,2026-05-03,1,-1,10,15,7,2046.3202,41.0397,-82.0793,0.0000,-200.000000,136.4213,204.6320,1.5000,10,1,45,1848840,A168_HF9F_20260827_0900,2026-08-27 09:00:00,185
1226988|34|906,906,1226988,34,2026-05-03,1,-1,5,5,2,1425.9284,1425.9284,1200.8803,0.5672,84.217435,285.1857,285.1857,1.0000,0,1,10,1848841,A168_HF9F_20260827_0900,2026-08-27 09:00:00,185
1226988|35|906,906,1226988,35,2026-05-03,1,-1,3,3,2,123.6145,123.6145,-66.8396,0.0000,-54.071022,41.2048,41.2048,1.0000,0,1,3,1848842,A168_HF9F_20260827_0900,2026-08-27 09:00:00,185
1226988|36|906,906,1226988,36,2026-05-03,1,-1,6,7,3,212.7449,212.7449,8.1244,0.0000,3.818824,30.3921,35.4575,1.1667,0,1,15,1848843,A168_HF9F_20260827_0900,2026-08-27 09:00:00,185
1226988|37|906,906,1226988,37,2026-05-03,1,-1,17,23,8,1339.7054,1339.7054,973.9232,0.5672,72.696817,58.2481,78.8062,1.3529,0,1,136,1848844,A168_HF9F_20260827_0900,2026-08-27 09:00:00,185
1226988|38|906,906,1226988,38,2026-05-03,1,-1,4,4,2,1171.1905,1171.1905,-1142.3933,0.6617,-97.541204,292.7976,292.7976,1.0000,0,1,6,1848845,A168_HF9F_20260827_0900,2026-08-27 09:00:00,185
1226988|39|906,906,1226988,39,2026-05-03,1,-1,8,10,4,625.2145,625.2145,-264.5651,0.5483,-42.315887,62.5215,78.1518,1.2500,0,1,28,1848846,A168_HF9F_20260827_0900,2026-08-27 09:00:00,185
1226988|4|906,906,1226988,4,2026-05-03,1,-1,6,7,3,801.6666,801.6666,796.6071,1.1847,99.368888,114.5238,133.6111,1.1667,0,1,15,1848847,A168_HF9F_20260827_0900,2026-08-27 09:00:00,185
1226988|40|906,906,1226988,40,2026-05-03,1,-1,5,6,2,484.8248,484.8248,484.8248,1.2289,100.000000,80.8041,96.9650,1.2000,0,1,10,1848848,A168_HF9F_20260827_0900,2026-08-27 09:00:00,185
1226988|41|906,906,1226988,41,2026-05-03,1,-1,6,6,2,362.4883,0.0000,0.0000,0.0000,,60.4147,60.4147,1.0000,6,1,15,1848849,A168_HF9F_20260827_0900,2026-08-27 09:00:00,185
1226988|42|906,906,1226988,42,2026-05-03,1,-1,4,4,2,76.0111,76.0111,6.7163,0.1891,8.835963,19.0028,19.0028,1.0000,0,1,6,1848850,A168_HF9F_20260827_0900,2026-08-27 09:00:00,185
1226988|43|906,906,1226988,43,2026-05-03,1,-1,4,4,2,219.2027,219.2027,-188.0049,1.7393,-85.767605,54.8007,54.8007,1.0000,0,1,6,1848851,A168_HF9F_20260827_0900,2026-08-27 09:00:00,185
1226988|44|906,906,1226988,44,2026-05-03,1,-1,7,8,3,140.9219,140.9219,57.8956,0.6617,41.083476,17.6152,20.1317,1.1429,0,1,21,1848852,A168_HF9F_20260827_0900,2026-08-27 09:00:00,185
1226988|45|906,906,1226988,45,2026-05-03,1,-1,5,5,2,372.8500,372.8500,348.5161,0.5672,93.473549,74.5700,74.5700,1.0000,0,1,10,1848853,A168_HF9F_20260827_0900,2026-08-27 09:00:00,185
1226988|46|906,906,1226988,46,2026-05-03,1,-1,3,4,2,370.7494,349.7432,350.2683,2.2687,100.150154,92.6873,123.5831,1.3333,1,1,3,1848854,A168_HF9F_20260827_0900,2026-08-27 09:00:00,185
1226988|47|906,906,1226988,47,2026-05-03,1,-1,2,2,2,97.6688,97.6688,76.9122,0.0000,78.747994,48.8344,48.8344,1.0000,0,1,1,1848855,A168_HF9F_20260827_0900,2026-08-27 09:00:00,185
1226988|48|906,906,1226988,48,2026-05-03,1,-1,3,3,1,1130.5065,1130.5065,1130.5065,0.0000,100.000000,376.8355,376.8355,1.0000,0,1,3,1848856,A168_HF9F_20260827_0900,2026-08-27 09:00:00,185
1226988|49|906,906,1226988,49,2026-05-03,1,-1,6,6,2,277.8138,277.8138,103.2328,0.3361,37.158987,46.3023,46.3023,1.0000,0,1,15,1848857,A168_HF9F_20260827_0900,2026-08-27 09:00:00,185
1226988|5|906,906,1226988,5,2026-05-03,1,-1,5,5,2,1962.8571,1962.8571,-1952.4788,0.0000,-99.471266,392.5714,392.5714,1.0000,0,1,10,1848858,A168_HF9F_20260827_0900,2026-08-27 09:00:00,185
1226988|50|906,906,1226988,50,2026-05-03,1,-1,5,6,3,279.4613,279.4613,172.0048,0.3361,61.548717,46.5769,55.8923,1.2000,0,1,10,1848859,A168_HF9F_20260827_0900,2026-08-27 09:00:00,185
1226988|51|906,906,1226988,51,2026-05-03,1,-1,2,2,2,303.1025,303.1025,-202.8391,0.0000,-66.920967,151.5512,151.5512,1.0000,0,1,1,1848860,A168_HF9F_20260827_0900,2026-08-27 09:00:00,185
1226988|52|906,906,1226988,52,2026-05-03,1,-1,2,2,1,412.7950,412.7950,412.7950,0.0000,100.000000,206.3975,206.3975,1.0000,0,1,1,1848861,A168_HF9F_20260827_0900,2026-08-27 09:00:00,185
1226988|6|906,906,1226988,6,2026-05-03,1,-1,4,4,1,976.7564,976.7564,976.7564,0.0000,100.000000,244.1891,244.1891,1.0000,0,1,6,1848862,A168_HF9F_20260827_0900,2026-08-27 09:00:00,185
1226988|7|906,906,1226988,7,2026-05-03,1,-1,4,4,2,321.4281,321.4281,280.4661,0.5672,87.256223,80.3570,80.3570,1.0000,0,1,6,1848863,A168_HF9F_20260827_0900,2026-08-27 09:00:00,185
1226988|8|906,906,1226988,8,2026-05-03,1,-1,2,2,1,134.8598,134.8598,-128.1168,0.2685,-95.000000,67.4299,67.4299,1.0000,0,1,1,1848864,A168_HF9F_20260827_0900,2026-08-27 09:00:00,185
1226988|9|906,906,1226988,9,2026-05-03,1,-1,5,5,2,287.1613,287.1613,-26.7622,0.5237,-9.319576,57.4323,57.4323,1.0000,0,1,10,1848865,A168_HF9F_20260827_0900,2026-08-27 09:00:00,185
1227027|10|906,906,1227027,10,2026-05-03,1,-1,3,3,2,305.9845,305.9845,-217.7585,0.0000,-71.166507,101.9948,101.9948,1.0000,0,1,3,1848866,A168_HF9F_20260827_0900,2026-08-27 09:00:00,185
1227027|11|906,906,1227027,11,2026-05-03,1,-1,9,9,2,2156.1495,2156.1495,-1874.1111,0.0000,-86.919349,239.5722,239.5722,1.0000,0,1,36,1848867,A168_HF9F_20260827_0900,2026-08-27 09:00:00,185
1227027|12|906,906,1227027,12,2026-05-03,1,-1,11,21,8,2665.8354,2665.8354,2216.7565,0.0000,83.154289,126.9445,242.3487,1.9091,0,1,55,1848868,A168_HF9F_20260827_0900,2026-08-27 09:00:00,185
1227027|13|906,906,1227027,13,2026-05-03,1,-1,11,20,7,2297.6136,70.5527,70.5527,0.3361,100.000000,114.8807,208.8740,1.8182,11,1,55,1848869,A168_HF9F_20260827_0900,2026-08-27 09:00:00,185
1227027|14|906,906,1227027,14,2026-05-03,1,-1,8,19,7,2176.2860,2077.6278,884.4497,0.0000,42.570170,114.5414,272.0358,2.3750,0,1,28,1848870,A168_HF9F_20260827_0900,2026-08-27 09:00:00,185
1227027|15|906,906,1227027,15,2026-05-03,1,-1,6,14,7,1714.3441,1714.3441,-1262.6305,0.0000,-73.650938,122.4531,285.7240,2.3333,0,1,15,1848871,A168_HF9F_20260827_0900,2026-08-27 09:00:00,185
1227027|16|906,906,1227027,16,2026-05-03,1,-1,4,12,7,360.6612,360.6612,186.0802,0.0000,51.594176,30.0551,90.1653,3.0000,0,1,6,1848872,A168_HF9F_20260827_0900,2026-08-27 09:00:00,185
1227027|17|906,906,1227027,17,2026-05-03,1,-1,5,5,2,926.6326,926.6326,902.0075,0.0000,97.342518,185.3265,185.3265,1.0000,0,1,10,1848873,A168_HF9F_20260827_0900,2026-08-27 09:00:00,185
1227027|18|906,906,1227027,18,2026-05-03,1,-1,2,2,1,399.8845,399.8845,399.8845,0.0000,100.000000,199.9423,199.9423,1.0000,0,1,1,1848874,A168_HF9F_20260827_0900,2026-08-27 09:00:00,185
1227027|19|906,906,1227027,19,2026-05-03,1,-1,6,6,2,576.0411,576.0411,76.3771,0.3361,13.258967,96.0068,96.0068,1.0000,0,1,15,1848875,A168_HF9F_20260827_0900,2026-08-27 09:00:00,185
1227027|2|906,906,1227027,2,2026-05-03,1,-1,1,1,1,516.7959,516.7959,516.7959,0.0000,100.000000,516.7959,516.7959,1.0000,0,0,0,1848876,A168_HF9F_20260827_0900,2026-08-27 09:00:00,185
1227027|20|906,906,1227027,20,2026-05-03,1,-1,2,2,1,36.4488,36.4488,36.4488,0.0000,100.000000,18.2244,18.2244,1.0000,0,1,1,1848877,A168_HF9F_20260827_0900,2026-08-27 09:00:00,185
1227027|21|906,906,1227027,21,2026-05-03,1,-1,2,2,2,97.7936,97.7936,-72.4229,0.0000,-74.056869,48.8968,48.8968,1.0000,0,1,1,1848878,A168_HF9F_20260827_0900,2026-08-27 09:00:00,185
1227027|23|906,906,1227027,23,2026-05-03,1,-1,2,3,3,71.7042,71.7042,58.0244,0.0000,80.921785,23.9014,35.8521,1.5000,0,1,1,1848879,A168_HF9F_20260827_0900,2026-08-27 09:00:00,185
1227027|24|906,906,1227027,24,2026-05-03,1,-1,6,11,7,311.0841,311.0841,-185.9541,0.3361,-59.776141,28.2804,51.8474,1.8333,0,1,15,1848880,A168_HF9F_20260827_0900,2026-08-27 09:00:00,185
1227027|25|906,906,1227027,25,2026-05-03,1,-1,4,7,5,3637.7279,3637.7279,-3341.3153,0.0000,-91.851710,519.6754,909.4320,1.7500,0,1,6,1848881,A168_HF9F_20260827_0900,2026-08-27 09:00:00,185
1227027|26|906,906,1227027,26,2026-05-03,1,-1,10,11,3,1058.9663,1058.9663,-488.1635,0.0000,-46.098113,96.2697,105.8966,1.1000,0,1,45,1848882,A168_HF9F_20260827_0900,2026-08-27 09:00:00,185
1227027|27|906,906,1227027,27,2026-05-03,1,-1,5,5,1,171.4830,171.4830,-171.4830,0.0000,-100.000000,34.2966,34.2966,1.0000,0,1,10,1848883,A168_HF9F_20260827_0900,2026-08-27 09:00:00,185
1227027|28|906,906,1227027,28,2026-05-03,1,-1,7,7,2,577.3422,577.3422,363.6623,0.0000,62.989041,82.4775,82.4775,1.0000,0,1,21,1848884,A168_HF9F_20260827_0900,2026-08-27 09:00:00,185
1227027|29|906,906,1227027,29,2026-05-03,1,-1,7,8,3,369.9957,359.4926,167.5653,0.0000,46.611624,46.2495,52.8565,1.1429,0,1,21,1848885,A168_HF9F_20260827_0900,2026-08-27 09:00:00,185
1227027|3|906,906,1227027,3,2026-05-03,1,-1,3,3,2,915.8125,915.8125,806.8404,0.0000,88.101054,305.2708,305.2708,1.0000,0,1,3,1848886,A168_HF9F_20260827_0900,2026-08-27 09:00:00,185
1227027|30|906,906,1227027,30,2026-05-03,1,-1,4,7,5,160.2825,160.2825,-104.0910,0.0000,-64.942171,22.8975,40.0706,1.7500,0,1,6,1848887,A168_HF9F_20260827_0900,2026-08-27 09:00:00,185
1227027|31|906,906,1227027,31,2026-05-03,1,-1,7,11,5,492.9797,484.5772,13.2696,0.3361,2.738390,44.8163,70.4257,1.5714,1,1,21,1848888,A168_HF9F_20260827_0900,2026-08-27 09:00:00,185
1227027|32|906,906,1227027,32,2026-05-03,1,-1,2,2,1,16.8399,16.8399,16.8399,0.0000,100.000000,8.4200,8.4200,1.0000,0,1,1,1848889,A168_HF9F_20260827_0900,2026-08-27 09:00:00,185
1227027|33|906,906,1227027,33,2026-05-03,1,-1,2,2,2,16.8399,16.8399,3.1601,0.0000,18.765232,8.4200,8.4200,1.0000,0,1,1,1848890,A168_HF9F_20260827_0900,2026-08-27 09:00:00,185
1227027|34|906,906,1227027,34,2026-05-03,1,-1,1,2,2,13.6799,13.6799,13.6799,0.0000,100.000000,6.8399,13.6799,2.0000,0,0,0,1848891,A168_HF9F_20260827_0900,2026-08-27 09:00:00,185
1227027|35|906,906,1227027,35,2026-05-03,1,-1,5,5,2,150.6667,150.6667,18.2394,0.3361,12.105811,30.1333,30.1333,1.0000,0,1,10,1848892,A168_HF9F_20260827_0900,2026-08-27 09:00:00,185
1227027|36|906,906,1227027,36,2026-05-03,1,-1,8,9,2,911.2700,827.2452,510.9729,0.0000,61.768008,101.2522,113.9088,1.1250,2,1,28,1848893,A168_HF9F_20260827_0900,2026-08-27 09:00:00,185
1227027|37|906,906,1227027,37,2026-05-03,1,-1,2,2,1,52.5155,52.5155,52.5155,0.0000,100.000000,26.2577,26.2577,1.0000,0,1,1,1848894,A168_HF9F_20260827_0900,2026-08-27 09:00:00,185
1227027|38|906,906,1227027,38,2026-05-03,1,-1,1,1,1,2162.7233,2162.7233,-2054.5871,0.0000,-95.000000,2162.7233,2162.7233,1.0000,0,0,0,1848895,A168_HF9F_20260827_0900,2026-08-27 09:00:00,185
1227027|39|906,906,1227027,39,2026-05-03,1,-1,1,1,1,10.0000,10.0000,10.0000,0.0000,100.000000,10.0000,10.0000,1.0000,0,0,0,1848896,A168_HF9F_20260827_0900,2026-08-27 09:00:00,185
1227027|4|906,906,1227027,4,2026-05-03,1,-1,2,2,2,5183.5261,5183.5261,-5152.3912,0.0000,-99.399350,2591.7630,2591.7630,1.0000,0,1,1,1848897,A168_HF9F_20260827_0900,2026-08-27 09:00:00,185
1227027|40|906,906,1227027,40,2026-05-03,1,-1,1,1,1,42.0321,42.0321,42.0321,0.0000,100.000000,42.0321,42.0321,1.0000,0,0,0,1848898,A168_HF9F_20260827_0900,2026-08-27 09:00:00,185
1227027|42|906,906,1227027,42,2026-05-03,1,-1,4,4,2,174.8895,174.8895,6.8399,0.0000,3.911009,43.7224,43.7224,1.0000,0,1,6,1848899,A168_HF9F_20260827_0900,2026-08-27 09:00:00,185
1227027|43|906,906,1227027,43,2026-05-03,1,-1,6,6,2,223.4991,223.4991,119.2170,0.0000,53.341139,37.2498,37.2498,1.0000,0,1,15,1848900,A168_HF9F_20260827_0900,2026-08-27 09:00:00,185
1227027|45|906,906,1227027,45,2026-05-03,1,-1,4,4,2,716.2897,716.2897,-497.9701,0.0000,-69.520768,179.0724,179.0724,1.0000,0,1,6,1848901,A168_HF9F_20260827_0900,2026-08-27 09:00:00,185
1227027|46|906,906,1227027,46,2026-05-03,1,-1,1,1,1,174.5810,174.5810,-174.5810,0.0000,-100.000000,174.5810,174.5810,1.0000,0,0,0,1848902,A168_HF9F_20260827_0900,2026-08-27 09:00:00,185
1227027|47|906,906,1227027,47,2026-05-03,1,-1,1,1,1,10.0000,0.0000,0.0000,0.0000,,10.0000,10.0000,1.0000,1,0,0,1848903,A168_HF9F_20260827_0900,2026-08-27 09:00:00,185
1227027|48|906,906,1227027,48,2026-05-03,1,-1,2,2,2,238.8846,238.8846,181.2394,0.0000,75.869017,119.4423,119.4423,1.0000,0,1,1,1848904,A168_HF9F_20260827_0900,2026-08-27 09:00:00,185
1227027|49|906,906,1227027,49,2026-05-03,1,-1,4,4,2,1221.3491,1221.3491,-524.4609,0.0000,-42.941114,305.3373,305.3373,1.0000,0,1,6,1848905,A168_HF9F_20260827_0900,2026-08-27 09:00:00,185
1227027|5|906,906,1227027,5,2026-05-03,1,-1,1,1,1,10.5031,10.5031,10.5031,0.0000,100.000000,10.5031,10.5031,1.0000,0,0,0,1848906,A168_HF9F_20260827_0900,2026-08-27 09:00:00,185
1227027|50|906,906,1227027,50,2026-05-03,1,-1,1,1,1,105.0310,105.0310,105.0310,0.0000,100.000000,105.0310,105.0310,1.0000,0,0,0,1848907,A168_HF9F_20260827_0900,2026-08-27 09:00:00,185
1227027|52|906,906,1227027,52,2026-05-03,1,-1,6,10,5,1687.2038,1687.2038,-572.6945,0.0000,-33.943410,168.7204,281.2006,1.6667,0,1,15,1848908,A168_HF9F_20260827_0900,2026-08-27 09:00:00,185
1227027|53|906,906,1227027,53,2026-05-03,1,-1,3,6,4,168.6850,168.6850,168.6850,0.0000,100.000000,28.1142,56.2283,2.0000,0,1,3,1848909,A168_HF9F_20260827_0900,2026-08-27 09:00:00,185
1227027|6|906,906,1227027,6,2026-05-03,1,-1,1,1,1,122.2067,122.2067,122.2067,0.0000,100.000000,122.2067,122.2067,1.0000,0,0,0,1848910,A168_HF9F_20260827_0900,2026-08-27 09:00:00,185
1227027|7|906,906,1227027,7,2026-05-03,1,-1,5,8,5,349.1943,349.1943,-70.6730,0.0000,-20.238885,43.6493,69.8389,1.6000,0,1,10,1848911,A168_HF9F_20260827_0900,2026-08-27 09:00:00,185
1227027|8|906,906,1227027,8,2026-05-03,1,-1,3,3,2,142.1485,142.1485,121.6674,0.0000,85.591796,47.3828,47.3828,1.0000,0,1,3,1848912,A168_HF9F_20260827_0900,2026-08-27 09:00:00,185
1227027|9|906,906,1227027,9,2026-05-03,1,-1,1,1,1,261.8715,261.8715,-261.8715,0.0000,-100.000000,261.8715,261.8715,1.0000,0,0,0,1848913,A168_HF9F_20260827_0900,2026-08-27 09:00:00,185
1227064|10|906,906,1227064,10,2026-05-03,1,-1,8,12,6,633.5898,633.5898,411.0489,0.7898,64.876191,52.7992,79.1987,1.5000,0,1,28,1848914,A168_HF9F_20260827_0900,2026-08-27 09:00:00,185
1227064|11|906,906,1227064,11,2026-05-03,1,-1,11,18,7,1514.7469,1514.7469,-719.1591,0.5041,-47.477179,84.1526,137.7043,1.6364,0,1,55,1848915,A168_HF9F_20260827_0900,2026-08-27 09:00:00,185
1227064|12|906,906,1227064,12,2026-05-03,1,-1,13,15,3,4017.7787,4017.7787,-3971.5650,0.0000,-98.849772,267.8519,309.0599,1.1538,0,1,78,1848916,A168_HF9F_20260827_0900,2026-08-27 09:00:00,185
1227064|13|906,906,1227064,13,2026-05-03,1,-1,16,20,6,7200.2169,7200.2169,3878.9713,0.3361,53.872978,360.0108,450.0136,1.2500,0,1,120,1848917,A168_HF9F_20260827_0900,2026-08-27 09:00:00,185
1227064|14|906,906,1227064,14,2026-05-03,1,-1,5,7,4,3067.6003,3067.6003,-2887.5711,0.0000,-94.131271,438.2286,613.5201,1.4000,0,1,10,1848918,A168_HF9F_20260827_0900,2026-08-27 09:00:00,185
1227064|15|906,906,1227064,15,2026-05-03,1,-1,3,5,3,701.9059,701.9059,701.9059,0.0000,100.000000,140.3812,233.9686,1.6667,0,1,3,1848919,A168_HF9F_20260827_0900,2026-08-27 09:00:00,185
1227064|16|906,906,1227064,16,2026-05-03,1,-1,6,11,6,1199.2833,1199.2833,956.5841,0.3563,79.762983,109.0258,199.8805,1.8333,0,1,15,1848920,A168_HF9F_20260827_0900,2026-08-27 09:00:00,185
1227064|17|906,906,1227064,17,2026-05-03,1,-1,3,6,5,920.1948,920.1948,-852.9750,0.2689,-92.695044,153.3658,306.7316,2.0000,0,1,3,1848921,A168_HF9F_20260827_0900,2026-08-27 09:00:00,185
1227064|18|906,906,1227064,18,2026-05-03,1,-1,9,11,4,1492.3301,1492.3301,1364.9703,0.3361,91.465710,135.6664,165.8145,1.2222,0,1,36,1848922,A168_HF9F_20260827_0900,2026-08-27 09:00:00,185
1227064|19|906,906,1227064,19,2026-05-03,1,-1,5,6,3,1500.6431,1500.6431,-1448.0759,0.0000,-96.497021,250.1072,300.1286,1.2000,0,1,10,1848923,A168_HF9F_20260827_0900,2026-08-27 09:00:00,185
1227064|2|906,906,1227064,2,2026-05-03,1,-1,3,6,5,311.3539,311.3539,249.9108,0.3529,80.265827,51.8923,103.7846,2.0000,0,1,3,1848924,A168_HF9F_20260827_0900,2026-08-27 09:00:00,185
1227064|20|906,906,1227064,20,2026-05-03,1,-1,12,14,3,1927.2015,1927.2015,1358.7857,0.0000,70.505639,137.6573,160.6001,1.1667,0,1,66,1848925,A168_HF9F_20260827_0900,2026-08-27 09:00:00,185
1227064|21|906,906,1227064,21,2026-05-03,1,-1,2,2,1,1029.4834,1029.4834,1029.4834,0.0314,100.000000,514.7417,514.7417,1.0000,0,1,1,1848926,A168_HF9F_20260827_0900,2026-08-27 09:00:00,185
1227064|23|906,906,1227064,23,2026-05-03,1,-1,2,2,1,1486.7624,1486.7624,-1486.7624,0.0000,-100.000000,743.3812,743.3812,1.0000,0,1,1,1848927,A168_HF9F_20260827_0900,2026-08-27 09:00:00,185
1227064|24|906,906,1227064,24,2026-05-03,1,-1,7,10,4,1664.1477,1664.1477,997.6827,0.3361,59.951568,166.4148,237.7354,1.4286,0,1,21,1848928,A168_HF9F_20260827_0900,2026-08-27 09:00:00,185
1227064|25|906,906,1227064,25,2026-05-03,1,-1,12,21,7,1405.5954,1405.5954,-741.4796,0.4201,-52.751994,66.9331,117.1330,1.7500,0,1,66,1848929,A168_HF9F_20260827_0900,2026-08-27 09:00:00,185
1227064|26|906,906,1227064,26,2026-05-03,1,-1,12,20,8,2054.0894,2054.0894,-1525.9339,0.3361,-74.287608,102.7045,171.1741,1.6667,0,1,66,1848930,A168_HF9F_20260827_0900,2026-08-27 09:00:00,185
1227064|27|906,906,1227064,27,2026-05-03,1,-1,6,14,9,1349.4916,1349.4916,-1170.6803,0.6722,-86.749729,96.3923,224.9153,2.3333,0,1,15,1848931,A168_HF9F_20260827_0900,2026-08-27 09:00:00,185
1227064|28|906,906,1227064,28,2026-05-03,1,-1,9,17,9,4831.5958,4831.5958,4102.7865,2.0166,84.915765,284.2115,536.8440,1.8889,0,1,36,1848932,A168_HF9F_20260827_0900,2026-08-27 09:00:00,185
1227064|29|906,906,1227064,29,2026-05-03,1,-1,2,7,6,384.9824,384.9824,-245.6922,0.0000,-63.819082,54.9975,192.4912,3.5000,0,1,1,1848933,A168_HF9F_20260827_0900,2026-08-27 09:00:00,185
1227064|3|906,906,1227064,3,2026-05-03,1,-1,3,9,7,190.5449,169.5387,-104.3963,0.6050,-61.576660,21.1717,63.5150,3.0000,1,1,3,1848934,A168_HF9F_20260827_0900,2026-08-27 09:00:00,185
1227064|30|906,906,1227064,30,2026-05-03,1,-1,1,6,6,259.9179,259.9179,-164.1587,0.0000,-63.157895,43.3197,259.9179,6.0000,0,0,0,1848935,A168_HF9F_20260827_0900,2026-08-27 09:00:00,185
1227064|31|906,906,1227064,31,2026-05-03,1,-1,2,7,7,363.0035,363.0035,322.0414,0.1680,88.715787,51.8576,181.5017,3.5000,0,1,1,1848936,A168_HF9F_20260827_0900,2026-08-27 09:00:00,185
1227064|32|906,906,1227064,32,2026-05-03,1,-1,5,5,3,122.0879,122.0879,82.0742,0.2521,67.225506,24.4176,24.4176,1.0000,0,1,10,1848937,A168_HF9F_20260827_0900,2026-08-27 09:00:00,185
1227064|33|906,906,1227064,33,2026-05-03,1,-1,2,2,2,67.6971,67.6971,11.5790,0.2302,17.104162,33.8485,33.8485,1.0000,0,1,1,1848938,A168_HF9F_20260827_0900,2026-08-27 09:00:00,185
1227064|34|906,906,1227064,34,2026-05-03,1,-1,1,1,1,21.0062,21.0062,21.0062,0.1680,100.000000,21.0062,21.0062,1.0000,0,0,0,1848939,A168_HF9F_20260827_0900,2026-08-27 09:00:00,185
1227064|35|906,906,1227064,35,2026-05-03,1,-1,1,1,1,35.0803,35.0803,35.0803,0.2806,100.000000,35.0803,35.0803,1.0000,0,0,0,1848940,A168_HF9F_20260827_0900,2026-08-27 09:00:00,185
1227064|36|906,906,1227064,36,2026-05-03,1,-1,1,1,1,436.4525,436.4525,-436.4525,0.0000,-100.000000,436.4525,436.4525,1.0000,0,0,0,1848941,A168_HF9F_20260827_0900,2026-08-27 09:00:00,185
1227064|37|906,906,1227064,37,2026-05-03,1,-1,1,1,1,94.5279,94.5279,-89.8015,0.0000,-95.000000,94.5279,94.5279,1.0000,0,0,0,1848942,A168_HF9F_20260827_0900,2026-08-27 09:00:00,185
1227064|38|906,906,1227064,38,2026-05-03,1,-1,5,15,8,728.9604,724.7592,-392.4411,0.3361,-54.147798,48.5974,145.7921,3.0000,1,1,10,1848943,A168_HF9F_20260827_0900,2026-08-27 09:00:00,185
1227064|39|906,906,1227064,39,2026-05-03,1,-1,14,32,8,6947.7954,6943.5942,6452.7907,0.3361,92.931564,217.1186,496.2711,2.2857,1,1,91,1848944,A168_HF9F_20260827_0900,2026-08-27 09:00:00,185
1227064|4|906,906,1227064,4,2026-05-03,1,-1,3,10,8,476.8479,455.8417,-277.1836,0.4369,-60.806994,47.6848,158.9493,3.3333,1,1,3,1848945,A168_HF9F_20260827_0900,2026-08-27 09:00:00,185
1227064|40|906,906,1227064,40,2026-05-03,1,-1,5,21,8,677.6285,671.3266,-307.6120,0.0000,-45.821511,32.2680,135.5257,4.2000,1,1,10,1848946,A168_HF9F_20260827_0900,2026-08-27 09:00:00,185
1227064|41|906,906,1227064,41,2026-05-03,1,-1,5,10,6,207.3928,58.1933,29.8349,0.0000,51.268678,20.7393,41.4786,2.0000,4,1,10,1848947,A168_HF9F_20260827_0900,2026-08-27 09:00:00,185
1227064|42|906,906,1227064,42,2026-05-03,1,-1,4,7,4,291.3442,289.2436,-124.3001,0.0000,-42.974184,41.6206,72.8361,1.7500,1,1,6,1848948,A168_HF9F_20260827_0900,2026-08-27 09:00:00,185
1227064|43|906,906,1227064,43,2026-05-03,1,-1,6,11,6,399.0055,399.0055,251.1096,0.0000,62.933869,36.2732,66.5009,1.8333,0,1,15,1848949,A168_HF9F_20260827_0900,2026-08-27 09:00:00,185
1227064|44|906,906,1227064,44,2026-05-03,1,-1,4,5,3,142.8292,142.8292,-114.2378,0.0000,-79.982065,28.5658,35.7073,1.2500,0,1,6,1848950,A168_HF9F_20260827_0900,2026-08-27 09:00:00,185
1227064|45|906,906,1227064,45,2026-05-03,1,-1,3,4,3,61.2818,61.2818,57.1856,0.0000,93.315786,15.3205,20.4273,1.3333,0,1,3,1848951,A168_HF9F_20260827_0900,2026-08-27 09:00:00,185
1227064|46|906,906,1227064,46,2026-05-03,1,-1,2,2,1,53.9921,53.9921,-53.9921,0.0000,-100.000000,26.9960,26.9960,1.0000,0,1,1,1848952,A168_HF9F_20260827_0900,2026-08-27 09:00:00,185
1227064|47|906,906,1227064,47,2026-05-03,1,-1,2,2,2,311.3487,311.3487,-207.5658,0.0000,-66.666667,155.6743,155.6743,1.0000,0,1,1,1848953,A168_HF9F_20260827_0900,2026-08-27 09:00:00,185
1227064|48|906,906,1227064,48,2026-05-03,1,-1,7,10,4,1473.2537,1398.2537,-1846.7049,0.0000,-132.072233,147.3254,210.4648,1.4286,0,1,21,1848954,A168_HF9F_20260827_0900,2026-08-27 09:00:00,185
1227064|49|906,906,1227064,49,2026-05-03,1,-1,4,5,5,971.0048,971.0048,-731.1600,0.0000,-75.299316,194.2010,242.7512,1.2500,0,1,6,1848955,A168_HF9F_20260827_0900,2026-08-27 09:00:00,185
1227064|5|906,906,1227064,5,2026-05-03,1,-1,6,11,7,1220.7762,1220.7762,1034.6947,0.6554,84.757118,110.9797,203.4627,1.8333,0,1,15,1848956,A168_HF9F_20260827_0900,2026-08-27 09:00:00,185
1227064|50|906,906,1227064,50,2026-05-03,1,-1,7,8,3,2592.1355,2592.1355,1737.5123,0.0000,67.030150,324.0169,370.3051,1.1429,0,1,21,1848957,A168_HF9F_20260827_0900,2026-08-27 09:00:00,185
1227064|51|906,906,1227064,51,2026-05-03,1,-1,8,9,3,2355.2849,2355.2849,2296.4984,1.6805,97.504057,261.6983,294.4106,1.1250,0,1,28,1848958,A168_HF9F_20260827_0900,2026-08-27 09:00:00,185
1227064|52|906,906,1227064,52,2026-05-03,1,-1,2,3,2,56.0927,56.0927,56.0927,0.0000,100.000000,18.6976,28.0463,1.5000,0,1,1,1848959,A168_HF9F_20260827_0900,2026-08-27 09:00:00,185
1227064|53|906,906,1227064,53,2026-05-03,1,-1,4,5,3,79.8952,79.8952,-49.7483,0.0000,-62.266875,15.9790,19.9738,1.2500,0,1,6,1848960,A168_HF9F_20260827_0900,2026-08-27 09:00:00,185
1227064|54|906,906,1227064,54,2026-05-03,1,-1,3,4,4,84.1390,84.1390,-17.0493,0.0000,-20.263238,21.0348,28.0463,1.3333,0,1,3,1848961,A168_HF9F_20260827_0900,2026-08-27 09:00:00,185
1227064|6|906,906,1227064,6,2026-05-03,1,-1,7,14,8,4206.0659,4206.0659,4179.3901,0.5714,99.365778,300.4333,600.8666,2.0000,0,1,21,1848962,A168_HF9F_20260827_0900,2026-08-27 09:00:00,185
1227064|7|906,906,1227064,7,2026-05-03,1,-1,5,11,7,1007.1751,986.1689,958.8092,0.5041,97.225650,91.5614,201.4350,2.2000,1,1,10,1848963,A168_HF9F_20260827_0900,2026-08-27 09:00:00,185
1227064|8|906,906,1227064,8,2026-05-03,1,-1,6,12,7,2080.9824,18.9056,18.9056,0.1512,100.000000,173.4152,346.8304,2.0000,7,1,15,1848964,A168_HF9F_20260827_0900,2026-08-27 09:00:00,185
1227064|9|906,906,1227064,9,2026-05-03,1,-1,3,8,6,131.8433,106.6359,-41.2285,0.5714,-38.662843,16.4804,43.9478,2.6667,1,1,3,1848965,A168_HF9F_20260827_0900,2026-08-27 09:00:00,185
1227096|10|906,906,1227096,10,2026-05-03,1,-1,2,4,3,109.4391,13.6799,13.6799,0.0000,100.000000,27.3598,54.7196,2.0000,2,1,1,1848966,A168_HF9F_20260827_0900,2026-08-27 09:00:00,185
1227096|12|906,906,1227096,12,2026-05-03,1,-1,1,1,1,2.1006,2.1006,-16.8050,0.0168,-800.000000,2.1006,2.1006,1.0000,0,0,0,1848967,A168_HF9F_20260827_0900,2026-08-27 09:00:00,185
1227096|13|906,906,1227096,13,2026-05-03,1,-1,1,1,1,31.5093,31.5093,31.5093,0.0000,100.000000,31.5093,31.5093,1.0000,0,0,0,1848968,A168_HF9F_20260827_0900,2026-08-27 09:00:00,185
1227096|14|906,906,1227096,14,2026-05-03,1,-1,2,5,4,140.7415,25.2074,-163.8483,0.0000,-650.000000,28.1483,70.3708,2.5000,2,1,1,1848969,A168_HF9F_20260827_0900,2026-08-27 09:00:00,185
1227096|15|906,906,1227096,15,2026-05-03,1,-1,2,5,4,4363.2578,4363.2578,4363.2578,0.0000,100.000000,872.6516,2181.6289,2.5000,0,1,1,1848970,A168_HF9F_20260827_0900,2026-08-27 09:00:00,185
1227096|16|906,906,1227096,16,2026-05-03,1,-1,3,7,6,170.1574,170.1574,23.1141,0.0000,13.583923,24.3082,56.7191,2.3333,0,1,3,1848971,A168_HF9F_20260827_0900,2026-08-27 09:00:00,185
1227096|17|906,906,1227096,17,2026-05-03,1,-1,2,2,2,6.3019,6.3019,-2.1006,0.0168,-33.333333,3.1509,3.1509,1.0000,0,1,1,1848972,A168_HF9F_20260827_0900,2026-08-27 09:00:00,185
1227096|18|906,906,1227096,18,2026-05-03,1,-1,4,4,2,144.5351,144.5351,128.1503,0.0000,88.663770,36.1338,36.1338,1.0000,0,1,6,1848973,A168_HF9F_20260827_0900,2026-08-27 09:00:00,185
1227096|19|906,906,1227096,19,2026-05-03,1,-1,4,8,6,68.3273,68.3273,19.1728,0.0000,28.060188,8.5409,17.0818,2.0000,0,1,6,1848974,A168_HF9F_20260827_0900,2026-08-27 09:00:00,185
1227096|20|906,906,1227096,20,2026-05-03,1,-1,4,5,3,290.9665,290.9665,-223.1675,0.0000,-76.698681,58.1933,72.7416,1.2500,0,1,6,1848975,A168_HF9F_20260827_0900,2026-08-27 09:00:00,185
1227096|21|906,906,1227096,21,2026-05-03,1,-1,3,5,4,957.0441,957.0441,952.8428,0.0000,99.561019,191.4088,319.0147,1.6667,0,1,3,1848976,A168_HF9F_20260827_0900,2026-08-27 09:00:00,185
1227096|22|906,906,1227096,22,2026-05-03,1,-1,2,4,3,188.8798,188.8798,188.8798,0.0000,100.000000,47.2199,94.4399,2.0000,0,1,1,1848977,A168_HF9F_20260827_0900,2026-08-27 09:00:00,185
1227096|23|906,906,1227096,23,2026-05-03,1,-1,4,5,2,59.6576,59.6576,-52.5785,0.0000,-88.133803,11.9315,14.9144,1.2500,0,1,6,1848978,A168_HF9F_20260827_0900,2026-08-27 09:00:00,185
1227096|24|906,906,1227096,24,2026-05-03,1,-1,3,10,7,913.4470,911.3464,-850.5706,0.0000,-93.331207,91.3447,304.4823,3.3333,1,1,3,1848979,A168_HF9F_20260827_0900,2026-08-27 09:00:00,185
1227096|25|906,906,1227096,25,2026-05-03,1,-1,7,14,5,1326.2649,1326.2649,-1169.8666,0.0000,-88.207611,94.7332,189.4664,2.0000,0,1,21,1848980,A168_HF9F_20260827_0900,2026-08-27 09:00:00,185
1227096|26|906,906,1227096,26,2026-05-03,1,-1,6,10,5,1325.6193,1325.6193,420.1908,0.0000,31.697699,132.5619,220.9365,1.6667,0,1,15,1848981,A168_HF9F_20260827_0900,2026-08-27 09:00:00,185
1227096|27|906,906,1227096,27,2026-05-03,1,-1,6,12,7,1004.3604,1004.3604,830.2716,0.0000,82.666695,83.6967,167.3934,2.0000,0,1,15,1848982,A168_HF9F_20260827_0900,2026-08-27 09:00:00,185
1227096|28|906,906,1227096,28,2026-05-03,1,-1,1,1,1,2.1006,2.1006,2.1006,0.0000,100.000000,2.1006,2.1006,1.0000,0,0,0,1848983,A168_HF9F_20260827_0900,2026-08-27 09:00:00,185
1227096|29|906,906,1227096,29,2026-05-03,1,-1,1,2,2,6.3019,6.3019,-1.8906,0.0000,-30.000000,3.1509,6.3019,2.0000,0,0,0,1848984,A168_HF9F_20260827_0900,2026-08-27 09:00:00,185
1227096|3|906,906,1227096,3,2026-05-03,1,-1,3,5,3,255.4778,255.4778,255.4778,0.0000,100.000000,51.0956,85.1593,1.6667,0,1,3,1848985,A168_HF9F_20260827_0900,2026-08-27 09:00:00,185
1227096|30|906,906,1227096,30,2026-05-03,1,-1,5,5,2,398.0981,398.0981,332.5588,0.8402,83.536889,79.6196,79.6196,1.0000,0,1,10,1848986,A168_HF9F_20260827_0900,2026-08-27 09:00:00,185
1227096|31|906,906,1227096,31,2026-05-03,1,-1,5,9,4,1108.6156,68.4025,-7.2198,0.0000,-10.554924,123.1795,221.7231,1.8000,5,1,10,1848987,A168_HF9F_20260827_0900,2026-08-27 09:00:00,185
1227096|32|906,906,1227096,32,2026-05-03,1,-1,3,5,3,155.2074,155.2074,155.2074,0.0000,100.000000,31.0415,51.7358,1.6667,0,1,3,1848988,A168_HF9F_20260827_0900,2026-08-27 09:00:00,185
1227096|33|906,906,1227096,33,2026-05-03,1,-1,3,5,3,28.7899,28.7899,13.2225,0.0000,45.927475,5.7580,9.5966,1.6667,0,1,3,1848989,A168_HF9F_20260827_0900,2026-08-27 09:00:00,185
1227096|34|906,906,1227096,34,2026-05-03,1,-1,1,2,2,6.3019,6.3019,-1.8906,0.0000,-30.000000,3.1509,6.3019,2.0000,0,0,0,1848990,A168_HF9F_20260827_0900,2026-08-27 09:00:00,185
1227096|35|906,906,1227096,35,2026-05-03,1,-1,3,3,1,527.9443,527.9443,527.9443,0.0000,100.000000,175.9814,175.9814,1.0000,0,1,3,1848991,A168_HF9F_20260827_0900,2026-08-27 09:00:00,185
1227096|36|906,906,1227096,36,2026-05-03,1,-1,1,2,2,6.3019,6.3019,-1.8906,0.0000,-30.000000,3.1509,6.3019,2.0000,0,0,0,1848992,A168_HF9F_20260827_0900,2026-08-27 09:00:00,185
1227096|37|906,906,1227096,37,2026-05-03,1,-1,1,1,1,4.2012,0.0000,0.0000,0.0000,,4.2012,4.2012,1.0000,1,0,0,1848993,A168_HF9F_20260827_0900,2026-08-27 09:00:00,185
1227096|38|906,906,1227096,38,2026-05-03,1,-1,2,2,1,30.1470,30.1470,30.1470,0.0000,100.000000,15.0735,15.0735,1.0000,0,1,1,1848994,A168_HF9F_20260827_0900,2026-08-27 09:00:00,185
1227096|39|906,906,1227096,39,2026-05-03,1,-1,5,8,5,1686.2930,1686.2930,-1306.0809,0.8402,-77.452782,210.7866,337.2586,1.6000,0,1,10,1848995,A168_HF9F_20260827_0900,2026-08-27 09:00:00,185
1227096|4|906,906,1227096,4,2026-05-03,1,-1,1,1,1,129.7286,129.7286,129.7286,0.0000,100.000000,129.7286,129.7286,1.0000,0,0,0,1848996,A168_HF9F_20260827_0900,2026-08-27 09:00:00,185
1227096|40|906,906,1227096,40,2026-05-03,1,-1,4,4,2,675.7415,0.0000,0.0000,0.0000,,168.9354,168.9354,1.0000,4,1,6,1848997,A168_HF9F_20260827_0900,2026-08-27 09:00:00,185
1227096|41|906,906,1227096,41,2026-05-03,1,-1,5,5,2,251.1553,0.0000,0.0000,0.0000,,50.2311,50.2311,1.0000,5,1,10,1848998,A168_HF9F_20260827_0900,2026-08-27 09:00:00,185
1227096|42|906,906,1227096,42,2026-05-03,1,-1,4,4,2,232.1626,232.1626,-11.6478,0.8402,-5.017101,58.0406,58.0406,1.0000,0,1,6,1848999,A168_HF9F_20260827_0900,2026-08-27 09:00:00,185
1227096|43|906,906,1227096,43,2026-05-03,1,-1,2,2,2,9.3904,0.0000,0.0000,0.0000,,4.6952,4.6952,1.0000,2,1,1,1849000,A168_HF9F_20260827_0900,2026-08-27 09:00:00,185
1227096|44|906,906,1227096,44,2026-05-03,1,-1,2,6,5,24.9578,14.5795,-16.5553,0.0000,-113.551947,4.1596,12.4789,3.0000,2,1,1,1849001,A168_HF9F_20260827_0900,2026-08-27 09:00:00,185
1227096|45|906,906,1227096,45,2026-05-03,1,-1,4,8,5,95.7548,85.3765,-19.6485,0.0000,-23.013951,11.9694,23.9387,2.0000,2,1,6,1849002,A168_HF9F_20260827_0900,2026-08-27 09:00:00,185
1227096|46|906,906,1227096,46,2026-05-03,1,-1,4,6,3,196.7430,196.7430,78.3806,0.0000,39.839085,32.7905,49.1858,1.5000,0,1,6,1849003,A168_HF9F_20260827_0900,2026-08-27 09:00:00,185
1227096|47|906,906,1227096,47,2026-05-03,1,-1,6,8,3,1134.1587,1134.1587,-41.2337,0.8402,-3.635622,141.7698,189.0264,1.3333,0,1,15,1849004,A168_HF9F_20260827_0900,2026-08-27 09:00:00,185
1227096|5|906,906,1227096,5,2026-05-03,1,-1,1,1,1,11.1494,11.1494,-11.1494,0.0000,-100.000000,11.1494,11.1494,1.0000,0,0,0,1849005,A168_HF9F_20260827_0900,2026-08-27 09:00:00,185
1227096|6|906,906,1227096,6,2026-05-03,1,-1,1,1,1,5.5747,5.5747,5.5747,0.0000,100.000000,5.5747,5.5747,1.0000,0,0,0,1849006,A168_HF9F_20260827_0900,2026-08-27 09:00:00,185
1227096|8|906,906,1227096,8,2026-05-03,1,-1,1,1,1,51.8914,51.8914,-51.8914,0.0000,-100.000000,51.8914,51.8914,1.0000,0,0,0,1849007,A168_HF9F_20260827_0900,2026-08-27 09:00:00,185
1227096|9|906,906,1227096,9,2026-05-03,1,-1,1,2,2,155.6743,155.6743,155.6743,0.0000,100.000000,77.8372,155.6743,2.0000,0,0,0,1849008,A168_HF9F_20260827_0900,2026-08-27 09:00:00,185
1227126|1|906,906,1227126,1,2026-05-03,1,-1,1,1,1,297.0000,297.0000,297.0000,0.0000,100.000000,297.0000,297.0000,1.0000,0,0,0,1849009,A168_HF9F_20260827_0900,2026-08-27 09:00:00,185
1227126|10|906,906,1227126,10,2026-05-03,1,-1,4,4,1,768.7464,768.7464,-768.7464,0.0000,-100.000000,192.1866,192.1866,1.0000,0,1,6,1849010,A168_HF9F_20260827_0900,2026-08-27 09:00:00,185
1227126|11|906,906,1227126,11,2026-05-03,1,-1,1,1,1,518.9144,518.9144,-518.9144,0.0000,-100.000000,518.9144,518.9144,1.0000,0,0,0,1849011,A168_HF9F_20260827_0900,2026-08-27 09:00:00,185
1227126|12|906,906,1227126,12,2026-05-03,1,-1,3,3,2,79.8279,79.8279,79.3089,0.0000,99.349958,26.6093,26.6093,1.0000,0,1,3,1849012,A168_HF9F_20260827_0900,2026-08-27 09:00:00,185
1227126|13|906,906,1227126,13,2026-05-03,1,-1,8,8,2,1242.0561,0.0000,0.0000,0.0000,,155.2570,155.2570,1.0000,8,1,28,1849013,A168_HF9F_20260827_0900,2026-08-27 09:00:00,185
1227126|14|906,906,1227126,14,2026-05-03,1,-1,7,7,2,308.6850,308.6850,247.1207,0.3361,80.055957,44.0979,44.0979,1.0000,0,1,21,1849014,A168_HF9F_20260827_0900,2026-08-27 09:00:00,185
1227126|15|906,906,1227126,15,2026-05-03,1,-1,5,5,2,520.1133,520.1133,229.1969,0.0000,44.066729,104.0227,104.0227,1.0000,0,1,10,1849015,A168_HF9F_20260827_0900,2026-08-27 09:00:00,185
1227126|16|906,906,1227126,16,2026-05-03,1,-1,5,5,2,595.0254,595.0254,9.5901,0.0000,1.611709,119.0051,119.0051,1.0000,0,1,10,1849016,A168_HF9F_20260827_0900,2026-08-27 09:00:00,185
1227126|17|906,906,1227126,17,2026-05-03,1,-1,2,2,2,879.7450,6.8399,6.8399,0.0000,100.000000,439.8725,439.8725,1.0000,1,1,1,1849017,A168_HF9F_20260827_0900,2026-08-27 09:00:00,185
1227126|18|906,906,1227126,18,2026-05-03,1,-1,4,6,4,84.7693,84.7693,-54.9043,0.0000,-64.769099,14.1282,21.1923,1.5000,0,1,6,1849018,A168_HF9F_20260827_0900,2026-08-27 09:00:00,185
1227126|19|906,906,1227126,19,2026-05-03,1,-1,2,2,1,149.7718,149.7718,149.7718,0.0000,100.000000,74.8859,74.8859,1.0000,0,1,1,1849019,A168_HF9F_20260827_0900,2026-08-27 09:00:00,185
1227126|20|906,906,1227126,20,2026-05-03,1,-1,3,3,2,158.4069,158.4069,56.0017,0.0000,35.353077,52.8023,52.8023,1.0000,0,1,3,1849020,A168_HF9F_20260827_0900,2026-08-27 09:00:00,185
1227126|21|906,906,1227126,21,2026-05-03,1,-1,8,8,2,2638.6349,2638.6349,-1860.5049,0.0000,-70.510131,329.8294,329.8294,1.0000,0,1,28,1849021,A168_HF9F_20260827_0900,2026-08-27 09:00:00,185
1227126|22|906,906,1227126,22,2026-05-03,1,-1,8,8,2,1320.9221,1320.9221,691.5958,0.0000,52.357048,165.1153,165.1153,1.0000,0,1,28,1849022,A168_HF9F_20260827_0900,2026-08-27 09:00:00,185
1227126|23|906,906,1227126,23,2026-05-03,1,-1,4,5,3,183.3437,183.3437,-25.5629,0.3361,-13.942612,36.6687,45.8359,1.2500,0,1,6,1849023,A168_HF9F_20260827_0900,2026-08-27 09:00:00,185
1227126|24|906,906,1227126,24,2026-05-03,1,-1,4,4,2,135.7678,135.7678,-89.5541,0.0000,-65.961260,33.9419,33.9419,1.0000,0,1,6,1849024,A168_HF9F_20260827_0900,2026-08-27 09:00:00,185
1227126|25|906,906,1227126,25,2026-05-03,1,-1,1,1,1,42.0124,42.0124,42.0124,0.0000,100.000000,42.0124,42.0124,1.0000,0,0,0,1849025,A168_HF9F_20260827_0900,2026-08-27 09:00:00,185
1227126|26|906,906,1227126,26,2026-05-03,1,-1,1,1,1,197.3165,197.3165,197.3165,0.0000,100.000000,197.3165,197.3165,1.0000,0,0,0,1849026,A168_HF9F_20260827_0900,2026-08-27 09:00:00,185
1227126|27|906,906,1227126,27,2026-05-03,1,-1,2,2,1,72.9029,72.9029,72.9029,0.0000,100.000000,36.4515,36.4515,1.0000,0,1,1,1849027,A168_HF9F_20260827_0900,2026-08-27 09:00:00,185
1227126|28|906,906,1227126,28,2026-05-03,1,-1,3,3,2,192.7472,192.7472,69.8609,0.0000,36.244857,64.2491,64.2491,1.0000,0,1,3,1849028,A168_HF9F_20260827_0900,2026-08-27 09:00:00,185
1227126|29|906,906,1227126,29,2026-05-03,1,-1,4,7,5,214.1225,214.1225,90.0717,0.0000,42.065511,30.5889,53.5306,1.7500,0,1,6,1849029,A168_HF9F_20260827_0900,2026-08-27 09:00:00,185
1227126|3|906,906,1227126,3,2026-05-03,1,-1,1,1,1,12.9729,12.9729,-12.3242,0.0000,-95.000000,12.9729,12.9729,1.0000,0,0,0,1849030,A168_HF9F_20260827_0900,2026-08-27 09:00:00,185
1227126|30|906,906,1227126,30,2026-05-03,1,-1,4,4,2,140.9806,140.9806,49.6677,0.0000,35.230177,35.2451,35.2451,1.0000,0,1,6,1849031,A168_HF9F_20260827_0900,2026-08-27 09:00:00,185
1227126|31|906,906,1227126,31,2026-05-03,1,-1,3,3,2,302.2629,302.2629,266.8470,0.0000,88.283078,100.7543,100.7543,1.0000,0,1,3,1849032,A168_HF9F_20260827_0900,2026-08-27 09:00:00,185
1227126|32|906,906,1227126,32,2026-05-03,1,-1,4,4,2,962.4828,962.4828,-739.6820,0.0000,-76.851449,240.6207,240.6207,1.0000,0,1,6,1849033,A168_HF9F_20260827_0900,2026-08-27 09:00:00,185
1227126|33|906,906,1227126,33,2026-05-03,1,-1,3,3,2,935.2996,935.2996,-787.3463,0.0000,-84.181187,311.7665,311.7665,1.0000,0,1,3,1849034,A168_HF9F_20260827_0900,2026-08-27 09:00:00,185
1227126|34|906,906,1227126,34,2026-05-03,1,-1,7,8,3,3742.5171,3742.5171,2005.5345,0.0672,53.587852,467.8146,534.6453,1.1429,0,1,21,1849035,A168_HF9F_20260827_0900,2026-08-27 09:00:00,185
1227126|35|906,906,1227126,35,2026-05-03,1,-1,6,6,2,8883.6160,8883.6160,8440.1301,0.0000,95.007821,1480.6027,1480.6027,1.0000,0,1,15,1849036,A168_HF9F_20260827_0900,2026-08-27 09:00:00,185
1227126|36|906,906,1227126,36,2026-05-03,1,-1,3,3,1,157.4445,157.4445,157.4445,0.0000,100.000000,52.4815,52.4815,1.0000,0,1,3,1849037,A168_HF9F_20260827_0900,2026-08-27 09:00:00,185
1227126|37|906,906,1227126,37,2026-05-03,1,-1,6,6,2,280.6886,0.0000,0.0000,0.0000,,46.7814,46.7814,1.0000,6,1,15,1849038,A168_HF9F_20260827_0900,2026-08-27 09:00:00,185
1227126|38|906,906,1227126,38,2026-05-03,1,-1,2,2,2,36.4488,36.4488,15.9678,0.0000,43.808765,18.2244,18.2244,1.0000,0,1,1,1849039,A168_HF9F_20260827_0900,2026-08-27 09:00:00,185
1227126|39|906,906,1227126,39,2026-05-03,1,-1,6,6,2,1193.4262,1193.4262,1058.5084,1.6805,88.694923,198.9044,198.9044,1.0000,0,1,15,1849040,A168_HF9F_20260827_0900,2026-08-27 09:00:00,185
1227126|4|906,906,1227126,4,2026-05-03,1,-1,1,3,3,84.0248,84.0248,84.0248,0.6722,100.000000,28.0083,84.0248,3.0000,0,0,0,1849041,A168_HF9F_20260827_0900,2026-08-27 09:00:00,185
1227126|40|906,906,1227126,40,2026-05-03,1,-1,6,6,2,302.8387,0.0000,0.0000,0.0000,,50.4731,50.4731,1.0000,6,1,15,1849042,A168_HF9F_20260827_0900,2026-08-27 09:00:00,185
1227126|41|906,906,1227126,41,2026-05-03,1,-1,7,7,2,205.7496,205.7496,15.4335,0.0000,7.501095,29.3928,29.3928,1.0000,0,1,21,1849043,A168_HF9F_20260827_0900,2026-08-27 09:00:00,185
1227126|42|906,906,1227126,42,2026-05-03,1,-1,5,5,2,205.4863,205.4863,132.0894,0.0000,64.281376,41.0973,41.0973,1.0000,0,1,10,1849044,A168_HF9F_20260827_0900,2026-08-27 09:00:00,185
1227126|43|906,906,1227126,43,2026-05-03,1,-1,4,4,2,454.1829,454.1829,-172.3586,0.0000,-37.949168,113.5457,113.5457,1.0000,0,1,6,1849045,A168_HF9F_20260827_0900,2026-08-27 09:00:00,185
1227126|44|906,906,1227126,44,2026-05-03,1,-1,5,5,1,1435.2195,1435.2195,-1373.3244,0.0000,-95.687409,287.0439,287.0439,1.0000,0,1,10,1849046,A168_HF9F_20260827_0900,2026-08-27 09:00:00,185
1227126|45|906,906,1227126,45,2026-05-03,1,-1,3,3,2,367.9902,367.9902,-26.6428,0.0000,-7.240095,122.6634,122.6634,1.0000,0,1,3,1849047,A168_HF9F_20260827_0900,2026-08-27 09:00:00,185
1227126|46|906,906,1227126,46,2026-05-03,1,-1,4,4,2,668.3112,668.3112,-120.9548,0.0000,-18.098578,167.0778,167.0778,1.0000,0,1,6,1849048,A168_HF9F_20260827_0900,2026-08-27 09:00:00,185
1227126|47|906,906,1227126,47,2026-05-03,1,-1,6,7,3,893.7826,893.7826,-10.3800,1.0083,-1.161353,127.6832,148.9638,1.1667,0,1,15,1849049,A168_HF9F_20260827_0900,2026-08-27 09:00:00,185
1227126|48|906,906,1227126,48,2026-05-03,1,-1,8,8,2,2291.4444,2291.4444,-220.7424,0.0000,-9.633331,286.4305,286.4305,1.0000,0,1,28,1849050,A168_HF9F_20260827_0900,2026-08-27 09:00:00,185
1227126|49|906,906,1227126,49,2026-05-03,1,-1,5,6,3,3365.7341,3365.7341,1090.9382,0.0000,32.413085,560.9557,673.1468,1.2000,0,1,10,1849051,A168_HF9F_20260827_0900,2026-08-27 09:00:00,185
1227126|50|906,906,1227126,50,2026-05-03,1,-1,12,12,2,1906.4106,1906.4106,1328.9284,0.0000,69.708406,158.8676,158.8676,1.0000,0,1,66,1849052,A168_HF9F_20260827_0900,2026-08-27 09:00:00,185
1227126|51|906,906,1227126,51,2026-05-03,1,-1,3,3,2,1048.3320,1048.3320,1027.8509,0.0000,98.046321,349.4440,349.4440,1.0000,0,1,3,1849053,A168_HF9F_20260827_0900,2026-08-27 09:00:00,185
1227126|6|906,906,1227126,6,2026-05-03,1,-1,2,2,1,226.7754,226.7754,-215.4367,0.0000,-95.000000,113.3877,113.3877,1.0000,0,1,1,1849054,A168_HF9F_20260827_0900,2026-08-27 09:00:00,185
1227126|7|906,906,1227126,7,2026-05-03,1,-1,2,2,1,42.0124,42.0124,42.0124,0.0000,100.000000,21.0062,21.0062,1.0000,0,1,1,1849055,A168_HF9F_20260827_0900,2026-08-27 09:00:00,185
1227126|8|906,906,1227126,8,2026-05-03,1,-1,2,2,2,220.5651,220.5651,200.0840,0.0000,90.714286,110.2825,110.2825,1.0000,0,1,1,1849056,A168_HF9F_20260827_0900,2026-08-27 09:00:00,185
1227126|9|906,906,1227126,9,2026-05-03,1,-1,3,3,2,560.9268,560.9268,-512.3994,0.0000,-91.348714,186.9756,186.9756,1.0000,0,1,3,1849057,A168_HF9F_20260827_0900,2026-08-27 09:00:00,185
1227159|10|906,906,1227159,10,2026-05-03,1,-1,8,12,6,400.4829,400.4829,187.9564,0.0168,46.932453,33.3736,50.0604,1.5000,0,1,28,1849058,A168_HF9F_20260827_0900,2026-08-27 09:00:00,185
1227159|11|906,906,1227159,11,2026-05-03,1,-1,5,12,8,233.0788,233.0788,102.0001,0.0000,43.762074,19.4232,46.6158,2.4000,0,1,10,1849059,A168_HF9F_20260827_0900,2026-08-27 09:00:00,185
1227159|12|906,906,1227159,12,2026-05-03,1,-1,4,5,3,257.2635,257.2635,-157.4167,0.0000,-61.188915,51.4527,64.3159,1.2500,0,1,6,1849060,A168_HF9F_20260827_0900,2026-08-27 09:00:00,185
1227159|13|906,906,1227159,13,2026-05-03,1,-1,3,4,2,114.9039,114.9039,-93.8977,0.0000,-81.718464,28.7260,38.3013,1.3333,0,1,3,1849061,A168_HF9F_20260827_0900,2026-08-27 09:00:00,185
1227159|14|906,906,1227159,14,2026-05-03,1,-1,5,8,5,114.1829,114.1829,-113.8303,0.0000,-99.691229,14.2729,22.8366,1.6000,0,1,10,1849062,A168_HF9F_20260827_0900,2026-08-27 09:00:00,185
1227159|15|906,906,1227159,15,2026-05-03,1,-1,3,5,4,30.4590,30.4590,9.4528,0.0000,31.034483,6.0918,10.1530,1.6667,0,1,3,1849063,A168_HF9F_20260827_0900,2026-08-27 09:00:00,185
1227159|16|906,906,1227159,16,2026-05-03,1,-1,1,1,1,430.6632,430.6632,-409.1301,0.0000,-95.000000,430.6632,430.6632,1.0000,0,0,0,1849064,A168_HF9F_20260827_0900,2026-08-27 09:00:00,185
1227159|17|906,906,1227159,17,2026-05-03,1,-1,3,4,3,332.1052,332.1052,-191.9983,0.0000,-57.812500,83.0263,110.7017,1.3333,0,1,3,1849065,A168_HF9F_20260827_0900,2026-08-27 09:00:00,185
1227159|18|906,906,1227159,18,2026-05-03,1,-1,9,9,2,1745.5949,1745.5949,1226.6805,0.0000,70.272918,193.9550,193.9550,1.0000,0,1,36,1849066,A168_HF9F_20260827_0900,2026-08-27 09:00:00,185
1227159|19|906,906,1227159,19,2026-05-03,1,-1,4,4,1,110.5400,110.5400,110.5400,0.2958,100.000000,27.6350,27.6350,1.0000,0,1,6,1849067,A168_HF9F_20260827_0900,2026-08-27 09:00:00,185
1227159|20|906,906,1227159,20,2026-05-03,1,-1,5,5,3,1439.8076,1439.8076,-726.1263,0.0000,-50.432178,287.9615,287.9615,1.0000,0,1,10,1849068,A168_HF9F_20260827_0900,2026-08-27 09:00:00,185
1227159|21|906,906,1227159,21,2026-05-03,1,-1,5,5,3,1513.5081,1513.5081,-652.4259,0.0000,-43.106862,302.7016,302.7016,1.0000,0,1,10,1849069,A168_HF9F_20260827_0900,2026-08-27 09:00:00,185
1227159|22|906,906,1227159,22,2026-05-03,1,-1,8,9,3,1647.8239,1647.8239,-998.5867,0.0000,-60.600333,183.0915,205.9780,1.1250,0,1,28,1849070,A168_HF9F_20260827_0900,2026-08-27 09:00:00,185
1227159|23|906,906,1227159,23,2026-05-03,1,-1,7,8,3,2025.0197,2025.0197,1984.5444,0.0000,98.001238,253.1275,289.2885,1.1429,0,1,21,1849071,A168_HF9F_20260827_0900,2026-08-27 09:00:00,185
1227159|24|906,906,1227159,24,2026-05-03,1,-1,3,6,4,124.1076,124.1076,92.9727,0.0000,74.913009,20.6846,41.3692,2.0000,0,1,3,1849072,A168_HF9F_20260827_0900,2026-08-27 09:00:00,185
1227159|25|906,906,1227159,25,2026-05-03,1,-1,3,3,1,138.6372,138.6372,138.6372,0.0000,100.000000,46.2124,46.2124,1.0000,0,1,3,1849073,A168_HF9F_20260827_0900,2026-08-27 09:00:00,185
1227159|26|906,906,1227159,26,2026-05-03,1,-1,3,3,1,566.1811,566.1811,-566.1811,0.0000,-100.000000,188.7270,188.7270,1.0000,0,1,3,1849074,A168_HF9F_20260827_0900,2026-08-27 09:00:00,185
1227159|27|906,906,1227159,27,2026-05-03,1,-1,11,13,4,948.5188,948.5188,900.2794,0.0000,94.914242,72.9630,86.2290,1.1818,0,1,55,1849075,A168_HF9F_20260827_0900,2026-08-27 09:00:00,185
1227159|28|906,906,1227159,28,2026-05-03,1,-1,6,6,2,1079.5503,1079.5503,-987.1230,0.0000,-91.438355,179.9250,179.9250,1.0000,0,1,15,1849076,A168_HF9F_20260827_0900,2026-08-27 09:00:00,185
1227159|29|906,906,1227159,29,2026-05-03,1,-1,10,11,4,2579.1641,2579.1641,604.3055,0.0000,23.430285,234.4695,257.9164,1.1000,0,1,45,1849077,A168_HF9F_20260827_0900,2026-08-27 09:00:00,185
1227159|3|906,906,1227159,3,2026-05-03,1,-1,1,1,1,210.0620,210.0620,210.0620,0.0000,100.000000,210.0620,210.0620,1.0000,0,0,0,1849078,A168_HF9F_20260827_0900,2026-08-27 09:00:00,185
1227159|30|906,906,1227159,30,2026-05-03,1,-1,5,6,3,124.1076,124.1076,-114.5930,0.0000,-92.333596,20.6846,24.8215,1.2000,0,1,10,1849079,A168_HF9F_20260827_0900,2026-08-27 09:00:00,185
1227159|31|906,906,1227159,31,2026-05-03,1,-1,3,3,2,39.0434,39.0434,18.5624,0.0000,47.542873,13.0145,13.0145,1.0000,0,1,3,1849080,A168_HF9F_20260827_0900,2026-08-27 09:00:00,185
1227159|32|906,906,1227159,32,2026-05-03,1,-1,6,6,2,365.2819,365.2819,264.0936,0.0000,72.298569,60.8803,60.8803,1.0000,0,1,15,1849081,A168_HF9F_20260827_0900,2026-08-27 09:00:00,185
1227159|33|906,906,1227159,33,2026-05-03,1,-1,3,3,2,152.4663,152.4663,55.0995,0.0000,36.138804,50.8221,50.8221,1.0000,0,1,3,1849082,A168_HF9F_20260827_0900,2026-08-27 09:00:00,185
1227159|34|906,906,1227159,34,2026-05-03,1,-1,3,3,2,168.6472,0.0000,0.0000,0.0000,,56.2157,56.2157,1.0000,3,1,3,1849083,A168_HF9F_20260827_0900,2026-08-27 09:00:00,185
1227159|35|906,906,1227159,35,2026-05-03,1,-1,3,3,2,140.1069,140.1069,124.9286,0.0000,89.166667,46.7023,46.7023,1.0000,0,1,3,1849084,A168_HF9F_20260827_0900,2026-08-27 09:00:00,185
1227159|36|906,906,1227159,36,2026-05-03,1,-1,2,2,2,13.0977,0.0000,0.0000,0.0000,,6.5488,6.5488,1.0000,2,1,1,1849085,A168_HF9F_20260827_0900,2026-08-27 09:00:00,185
1227159|37|906,906,1227159,37,2026-05-03,1,-1,3,3,2,64.9891,64.9891,-38.7938,0.0000,-59.692724,21.6630,21.6630,1.0000,0,1,3,1849086,A168_HF9F_20260827_0900,2026-08-27 09:00:00,185
1227159|38|906,906,1227159,38,2026-05-03,1,-1,4,4,1,51.7092,51.7092,51.7092,0.0000,100.000000,12.9273,12.9273,1.0000,0,1,6,1849087,A168_HF9F_20260827_0900,2026-08-27 09:00:00,185
1227159|39|906,906,1227159,39,2026-05-03,1,-1,5,5,1,2410.9303,2410.9303,-2410.9303,0.0000,-100.000000,482.1861,482.1861,1.0000,0,1,10,1849088,A168_HF9F_20260827_0900,2026-08-27 09:00:00,185
1227159|4|906,906,1227159,4,2026-05-03,1,-1,2,2,2,7.7837,7.7837,-2.5946,0.0000,-33.333333,3.8919,3.8919,1.0000,0,1,1,1849089,A168_HF9F_20260827_0900,2026-08-27 09:00:00,185
1227159|40|906,906,1227159,40,2026-05-03,1,-1,6,7,3,349.8821,349.8821,292.4749,0.1680,83.592412,49.9832,58.3137,1.1667,0,1,15,1849090,A168_HF9F_20260827_0900,2026-08-27 09:00:00,185
1227159|41|906,906,1227159,41,2026-05-03,1,-1,3,3,2,33.7784,33.7784,-12.5895,0.0000,-37.270825,11.2595,11.2595,1.0000,0,1,3,1849091,A168_HF9F_20260827_0900,2026-08-27 09:00:00,185
1227159|42|906,906,1227159,42,2026-05-03,1,-1,3,3,2,61.9885,61.9885,-10.0970,0.0000,-16.288551,20.6628,20.6628,1.0000,0,1,3,1849092,A168_HF9F_20260827_0900,2026-08-27 09:00:00,185
1227159|43|906,906,1227159,43,2026-05-03,1,-1,6,6,2,333.0279,333.0279,-165.1828,0.0000,-49.600289,55.5047,55.5047,1.0000,0,1,15,1849093,A168_HF9F_20260827_0900,2026-08-27 09:00:00,185
1227159|44|906,906,1227159,44,2026-05-03,1,-1,7,7,2,286.6950,286.6950,-159.3747,0.0000,-55.590328,40.9564,40.9564,1.0000,0,1,21,1849094,A168_HF9F_20260827_0900,2026-08-27 09:00:00,185
1227159|45|906,906,1227159,45,2026-05-03,1,-1,4,4,2,938.6023,938.6023,513.2892,0.0000,54.686548,234.6506,234.6506,1.0000,0,1,6,1849095,A168_HF9F_20260827_0900,2026-08-27 09:00:00,185
1227159|46|906,906,1227159,46,2026-05-03,1,-1,6,6,2,1672.5648,1672.5648,1025.7902,0.0000,61.330374,278.7608,278.7608,1.0000,0,1,15,1849096,A168_HF9F_20260827_0900,2026-08-27 09:00:00,185
1227159|47|906,906,1227159,47,2026-05-03,1,-1,11,12,3,1271.8285,7.7837,7.7837,0.0000,100.000000,105.9857,115.6208,1.0909,11,1,55,1849097,A168_HF9F_20260827_0900,2026-08-27 09:00:00,185
1227159|48|906,906,1227159,48,2026-05-03,1,-1,12,12,2,2082.6730,2082.6730,1706.8160,0.0000,81.953142,173.5561,173.5561,1.0000,0,1,66,1849098,A168_HF9F_20260827_0900,2026-08-27 09:00:00,185
1227159|49|906,906,1227159,49,2026-05-03,1,-1,4,8,5,131.3458,18.9056,-75.6223,0.0000,-400.000000,16.4182,32.8365,2.0000,5,1,6,1849099,A168_HF9F_20260827_0900,2026-08-27 09:00:00,185
1227159|50|906,906,1227159,50,2026-05-03,1,-1,2,5,5,59.4475,59.4475,38.9665,0.0000,65.547703,11.8895,29.7238,2.5000,0,1,1,1849100,A168_HF9F_20260827_0900,2026-08-27 09:00:00,185
1227159|51|906,906,1227159,51,2026-05-03,1,-1,9,12,5,204.7322,204.7322,-33.3038,0.0168,-16.266992,17.0610,22.7480,1.3333,0,1,36,1849101,A168_HF9F_20260827_0900,2026-08-27 09:00:00,185
1227159|52|906,906,1227159,52,2026-05-03,1,-1,5,9,6,632.9686,632.9686,-289.1890,0.0168,-45.687743,70.3298,126.5937,1.8000,0,1,10,1849102,A168_HF9F_20260827_0900,2026-08-27 09:00:00,185
1227159|6|906,906,1227159,6,2026-05-03,1,-1,2,2,2,436.1461,436.1461,-353.1198,0.0000,-80.963650,218.0731,218.0731,1.0000,0,1,1,1849103,A168_HF9F_20260827_0900,2026-08-27 09:00:00,185
1227159|7|906,906,1227159,7,2026-05-03,1,-1,2,2,1,249.2079,249.2079,-249.2079,0.0000,-100.000000,124.6040,124.6040,1.0000,0,1,1,1849104,A168_HF9F_20260827_0900,2026-08-27 09:00:00,185
1227159|8|906,906,1227159,8,2026-05-03,1,-1,3,3,1,948.9703,948.9703,948.9703,1.5124,100.000000,316.3234,316.3234,1.0000,0,1,3,1849105,A168_HF9F_20260827_0900,2026-08-27 09:00:00,185
1227159|9|906,906,1227159,9,2026-05-03,1,-1,3,8,6,75.8666,75.8666,-39.3728,0.0168,-51.897403,9.4833,25.2889,2.6667,0,1,3,1849106,A168_HF9F_20260827_0900,2026-08-27 09:00:00,185
1227194|1|906,906,1227194,1,2026-05-03,1,-1,6,6,1,155.6743,155.6743,-147.8906,0.0000,-95.000000,25.9457,25.9457,1.0000,0,1,15,1849107,A168_HF9F_20260827_0900,2026-08-27 09:00:00,185
1227194|10|906,906,1227194,10,2026-05-03,1,-1,11,12,3,1166.2021,1166.2021,-954.4351,0.0336,-81.841311,97.1835,106.0184,1.0909,0,1,55,1849108,A168_HF9F_20260827_0900,2026-08-27 09:00:00,185
1227194|11|906,906,1227194,11,2026-05-03,1,-1,12,15,4,2017.8534,2017.8534,1124.1918,0.0504,55.712263,134.5236,168.1544,1.2500,0,1,66,1849109,A168_HF9F_20260827_0900,2026-08-27 09:00:00,185
1227194|12|906,906,1227194,12,2026-05-03,1,-1,17,18,4,1281.5272,1281.5272,188.9400,0.1008,14.743344,71.1960,75.3840,1.0588,0,1,136,1849110,A168_HF9F_20260827_0900,2026-08-27 09:00:00,185
1227194|13|906,906,1227194,13,2026-05-03,1,-1,16,16,2,998.3067,998.3067,936.0369,0.3361,93.762465,62.3942,62.3942,1.0000,0,1,120,1849111,A168_HF9F_20260827_0900,2026-08-27 09:00:00,185
1227194|14|906,906,1227194,14,2026-05-03,1,-1,8,8,2,559.2408,559.2408,382.1613,0.1680,68.335726,69.9051,69.9051,1.0000,0,1,28,1849112,A168_HF9F_20260827_0900,2026-08-27 09:00:00,185
1227194|15|906,906,1227194,15,2026-05-03,1,-1,7,7,2,556.3272,556.3272,536.3272,0.0487,96.404993,79.4753,79.4753,1.0000,0,1,21,1849113,A168_HF9F_20260827_0900,2026-08-27 09:00:00,185
1227194|16|906,906,1227194,16,2026-05-03,1,-1,12,12,2,2889.6365,2889.6365,765.6365,0.3361,26.495945,240.8030,240.8030,1.0000,0,1,66,1849114,A168_HF9F_20260827_0900,2026-08-27 09:00:00,185
1227194|17|906,906,1227194,17,2026-05-03,1,-1,5,8,5,285.2697,285.2697,133.4872,0.3395,46.793340,35.6587,57.0539,1.6000,0,1,10,1849115,A168_HF9F_20260827_0900,2026-08-27 09:00:00,185
1227194|18|906,906,1227194,18,2026-05-03,1,-1,9,9,2,969.3464,969.3464,-931.9073,0.0000,-96.137700,107.7052,107.7052,1.0000,0,1,36,1849116,A168_HF9F_20260827_0900,2026-08-27 09:00:00,185
1227194|19|906,906,1227194,19,2026-05-03,1,-1,3,3,1,127.5798,127.5798,-121.2008,0.0000,-95.000000,42.5266,42.5266,1.0000,0,1,3,1849117,A168_HF9F_20260827_0900,2026-08-27 09:00:00,185
1227194|2|906,906,1227194,2,2026-05-03,1,-1,4,4,1,103.7829,103.7829,-98.5937,0.0000,-95.000000,25.9457,25.9457,1.0000,0,1,6,1849118,A168_HF9F_20260827_0900,2026-08-27 09:00:00,185
1227194|20|906,906,1227194,20,2026-05-03,1,-1,2,2,1,916.1595,916.1595,916.1595,0.0000,100.000000,458.0797,458.0797,1.0000,0,1,1,1849119,A168_HF9F_20260827_0900,2026-08-27 09:00:00,185
1227194|21|906,906,1227194,21,2026-05-03,1,-1,8,8,2,408.2996,408.2996,70.9826,0.0000,17.384925,51.0374,51.0374,1.0000,0,1,28,1849120,A168_HF9F_20260827_0900,2026-08-27 09:00:00,185
1227194|22|906,906,1227194,22,2026-05-03,1,-1,2,2,1,77.8372,77.8372,77.8372,0.0000,100.000000,38.9186,38.9186,1.0000,0,1,1,1849121,A168_HF9F_20260827_0900,2026-08-27 09:00:00,185
1227194|23|906,906,1227194,23,2026-05-03,1,-1,2,2,1,55.3544,55.3544,55.3544,0.0000,100.000000,27.6772,27.6772,1.0000,0,1,1,1849122,A168_HF9F_20260827_0900,2026-08-27 09:00:00,185
1227194|24|906,906,1227194,24,2026-05-03,1,-1,9,10,3,510.9873,20.0000,-160.0000,0.0000,-800.000000,51.0987,56.7764,1.1111,9,1,36,1849123,A168_HF9F_20260827_0900,2026-08-27 09:00:00,185
1227194|25|906,906,1227194,25,2026-05-03,1,-1,4,4,1,114.2860,114.2860,-111.1663,0.0000,-97.270245,28.5715,28.5715,1.0000,0,1,6,1849124,A168_HF9F_20260827_0900,2026-08-27 09:00:00,185
1227194|26|906,906,1227194,26,2026-05-03,1,-1,4,4,1,92.5415,92.5415,92.5415,0.0000,100.000000,23.1354,23.1354,1.0000,0,1,6,1849125,A168_HF9F_20260827_0900,2026-08-27 09:00:00,185
1227194|27|906,906,1227194,27,2026-05-03,1,-1,7,7,1,159.6113,0.0000,0.0000,0.0000,,22.8016,22.8016,1.0000,7,1,21,1849126,A168_HF9F_20260827_0900,2026-08-27 09:00:00,185
1227194|28|906,906,1227194,28,2026-05-03,1,-1,3,3,1,82.4256,82.4256,82.4256,0.0000,100.000000,27.4752,27.4752,1.0000,0,1,3,1849127,A168_HF9F_20260827_0900,2026-08-27 09:00:00,185
1227194|29|906,906,1227194,29,2026-05-03,1,-1,6,7,3,210.1853,210.1853,58.4028,0.0000,27.786353,30.0265,35.0309,1.1667,0,1,15,1849128,A168_HF9F_20260827_0900,2026-08-27 09:00:00,185
1227194|3|906,906,1227194,3,2026-05-03,1,-1,5,6,2,4186.3416,4186.3416,-3782.0245,0.2353,-90.341995,697.7236,837.2683,1.2000,0,1,10,1849129,A168_HF9F_20260827_0900,2026-08-27 09:00:00,185
1227194|30|906,906,1227194,30,2026-05-03,1,-1,6,7,3,302.8309,302.8309,130.5673,0.0000,43.115601,43.2616,50.4718,1.1667,0,1,15,1849130,A168_HF9F_20260827_0900,2026-08-27 09:00:00,185
1227194|31|906,906,1227194,31,2026-05-03,1,-1,7,7,2,364.1402,364.1402,111.1694,0.0000,30.529292,52.0200,52.0200,1.0000,0,1,21,1849131,A168_HF9F_20260827_0900,2026-08-27 09:00:00,185
1227194|32|906,906,1227194,32,2026-05-03,1,-1,3,3,2,514.2897,514.2897,410.5068,0.0000,79.820150,171.4299,171.4299,1.0000,0,1,3,1849132,A168_HF9F_20260827_0900,2026-08-27 09:00:00,185
1227194|33|906,906,1227194,33,2026-05-03,1,-1,4,4,1,514.2897,514.2897,514.2897,0.0000,100.000000,128.5724,128.5724,1.0000,0,1,6,1849133,A168_HF9F_20260827_0900,2026-08-27 09:00:00,185
1227194|34|906,906,1227194,34,2026-05-03,1,-1,8,9,3,822.2464,822.2464,-50.6586,0.6722,-6.161000,91.3607,102.7808,1.1250,0,1,28,1849134,A168_HF9F_20260827_0900,2026-08-27 09:00:00,185
1227194|35|906,906,1227194,35,2026-05-03,1,-1,11,12,3,1004.1311,18.9056,-151.2446,0.1702,-800.000000,83.6776,91.2846,1.0909,11,1,55,1849135,A168_HF9F_20260827_0900,2026-08-27 09:00:00,185
1227194|36|906,906,1227194,36,2026-05-03,1,-1,7,7,2,564.1044,564.1044,-327.4794,0.0000,-58.052982,80.5863,80.5863,1.0000,0,1,21,1849136,A168_HF9F_20260827_0900,2026-08-27 09:00:00,185
1227194|37|906,906,1227194,37,2026-05-03,1,-1,9,9,2,733.0275,0.0000,0.0000,0.0000,,81.4475,81.4475,1.0000,9,1,36,1849137,A168_HF9F_20260827_0900,2026-08-27 09:00:00,185
1227194|38|906,906,1227194,38,2026-05-03,1,-1,13,16,5,1097.8966,1097.8966,343.4671,1.6250,31.284100,68.6185,84.4536,1.2308,0,1,78,1849138,A168_HF9F_20260827_0900,2026-08-27 09:00:00,185
1227194|39|906,906,1227194,39,2026-05-03,1,-1,7,8,3,638.9323,638.9323,-385.8866,3.0249,-60.395528,79.8665,91.2760,1.1429,0,1,21,1849139,A168_HF9F_20260827_0900,2026-08-27 09:00:00,185
1227194|4|906,906,1227194,4,2026-05-03,1,-1,6,9,4,5284.4556,5284.4556,234.4556,0.1344,4.436703,587.1617,880.7426,1.5000,0,1,15,1849140,A168_HF9F_20260827_0900,2026-08-27 09:00:00,185
1227194|40|906,906,1227194,40,2026-05-03,1,-1,3,4,3,219.9410,219.9410,118.7527,1.5124,53.992977,54.9853,73.3137,1.3333,0,1,3,1849141,A168_HF9F_20260827_0900,2026-08-27 09:00:00,185
1227194|42|906,906,1227194,42,2026-05-03,1,-1,8,10,4,264.2280,264.2280,38.4897,0.4201,14.566841,26.4228,33.0285,1.2500,0,1,28,1849142,A168_HF9F_20260827_0900,2026-08-27 09:00:00,185
1227194|43|906,906,1227194,43,2026-05-03,1,-1,6,8,4,195.4841,195.4841,-126.9234,0.0000,-64.927702,24.4355,32.5807,1.3333,0,1,15,1849143,A168_HF9F_20260827_0900,2026-08-27 09:00:00,185
1227194|44|906,906,1227194,44,2026-05-03,1,-1,5,9,6,533.1953,533.1953,-364.9172,0.0000,-68.439695,59.2439,106.6391,1.8000,0,1,10,1849144,A168_HF9F_20260827_0900,2026-08-27 09:00:00,185
1227194|45|906,906,1227194,45,2026-05-03,1,-1,3,7,5,487.6057,487.6057,-446.8406,0.0000,-91.639737,69.6580,162.5352,2.3333,0,1,3,1849145,A168_HF9F_20260827_0900,2026-08-27 09:00:00,185
1227194|46|906,906,1227194,46,2026-05-03,1,-1,9,10,4,1374.2627,1374.2627,-1084.1487,0.0000,-78.889481,137.4263,152.6959,1.1111,0,1,36,1849146,A168_HF9F_20260827_0900,2026-08-27 09:00:00,185
1227194|47|906,906,1227194,47,2026-05-03,1,-1,18,22,6,1407.4234,8.4025,8.4025,0.0000,100.000000,63.9738,78.1902,1.2222,18,1,153,1849147,A168_HF9F_20260827_0900,2026-08-27 09:00:00,185
1227194|48|906,906,1227194,48,2026-05-03,1,-1,23,27,6,2515.6468,2515.6468,2449.9857,0.0000,97.389894,93.1721,109.3759,1.1739,0,1,253,1849148,A168_HF9F_20260827_0900,2026-08-27 09:00:00,185
1227194|49|906,906,1227194,49,2026-05-03,1,-1,6,6,2,157.3997,0.0000,0.0000,0.0000,,26.2333,26.2333,1.0000,6,1,15,1849149,A168_HF9F_20260827_0900,2026-08-27 09:00:00,185
1227194|5|906,906,1227194,5,2026-05-03,1,-1,5,5,2,682.4826,682.4826,-267.3510,0.1680,-39.173313,136.4965,136.4965,1.0000,0,1,10,1849150,A168_HF9F_20260827_0900,2026-08-27 09:00:00,185
1227194|50|906,906,1227194,50,2026-05-03,1,-1,6,6,2,261.1826,261.1826,135.1454,0.0000,51.743645,43.5304,43.5304,1.0000,0,1,15,1849151,A168_HF9F_20260827_0900,2026-08-27 09:00:00,185
1227194|51|906,906,1227194,51,2026-05-03,1,-1,7,7,2,335.2127,335.2127,-156.5659,0.0000,-46.706415,47.8875,47.8875,1.0000,0,1,21,1849152,A168_HF9F_20260827_0900,2026-08-27 09:00:00,185
1227194|52|906,906,1227194,52,2026-05-03,1,-1,5,5,2,147.8898,147.8898,31.5455,0.0000,21.330400,29.5780,29.5780,1.0000,0,1,10,1849153,A168_HF9F_20260827_0900,2026-08-27 09:00:00,185
1227194|53|906,906,1227194,53,2026-05-03,1,-1,5,5,2,179.5133,179.5133,-69.3493,0.0000,-38.631855,35.9027,35.9027,1.0000,0,1,10,1849154,A168_HF9F_20260827_0900,2026-08-27 09:00:00,185
1227194|54|906,906,1227194,54,2026-05-03,1,-1,4,4,2,48.7915,0.0000,0.0000,0.0000,,12.1979,12.1979,1.0000,4,1,6,1849155,A168_HF9F_20260827_0900,2026-08-27 09:00:00,185
1227194|6|906,906,1227194,6,2026-05-03,1,-1,5,5,2,558.2152,558.2152,361.7401,0.1680,64.802980,111.6430,111.6430,1.0000,0,1,10,1849156,A168_HF9F_20260827_0900,2026-08-27 09:00:00,185
1227194|7|906,906,1227194,7,2026-05-03,1,-1,9,9,2,709.8119,709.8119,-56.7585,0.0000,-7.996271,78.8680,78.8680,1.0000,0,1,36,1849157,A168_HF9F_20260827_0900,2026-08-27 09:00:00,185
1227194|8|906,906,1227194,8,2026-05-03,1,-1,13,17,5,5840.9396,5820.9396,-4587.8458,0.0000,-78.816241,343.5847,449.3030,1.3077,1,1,78,1849158,A168_HF9F_20260827_0900,2026-08-27 09:00:00,185
1227194|9|906,906,1227194,9,2026-05-03,1,-1,12,15,5,4273.7874,4273.7874,4073.0215,0.0504,95.302390,284.9192,356.1489,1.2500,0,1,66,1849159,A168_HF9F_20260827_0900,2026-08-27 09:00:00,185
1227234|10|906,906,1227234,10,2026-05-03,1,-1,6,10,6,369.2960,369.2960,146.3013,1.4164,39.616282,36.9296,61.5493,1.6667,0,1,15,1849160,A168_HF9F_20260827_0900,2026-08-27 09:00:00,185
1227234|11|906,906,1227234,11,2026-05-03,1,-1,10,10,2,2325.7226,0.0000,0.0000,0.0000,,232.5723,232.5723,1.0000,10,1,45,1849161,A168_HF9F_20260827_0900,2026-08-27 09:00:00,185
1227234|2|906,906,1227234,2,2026-05-03,1,-1,6,6,2,270.0556,270.0556,-92.7045,0.6722,-34.327928,45.0093,45.0093,1.0000,0,1,15,1849162,A168_HF9F_20260827_0900,2026-08-27 09:00:00,185
1227234|3|906,906,1227234,3,2026-05-03,1,-1,5,5,2,431.7069,431.7069,330.5186,0.7562,76.560878,86.3414,86.3414,1.0000,0,1,10,1849163,A168_HF9F_20260827_0900,2026-08-27 09:00:00,185
1227234|4|906,906,1227234,4,2026-05-03,1,-1,3,3,1,161.8620,161.8620,-153.7689,0.6722,-95.000000,53.9540,53.9540,1.0000,0,1,3,1849164,A168_HF9F_20260827_0900,2026-08-27 09:00:00,185
1227234|5|906,906,1227234,5,2026-05-03,1,-1,4,4,1,1008.8213,1008.8213,1008.8213,0.6722,100.000000,252.2053,252.2053,1.0000,0,1,6,1849165,A168_HF9F_20260827_0900,2026-08-27 09:00:00,185
1227234|6|906,906,1227234,6,2026-05-03,1,-1,3,3,2,196.1032,196.1032,23.8379,1.3613,12.155778,65.3677,65.3677,1.0000,0,1,3,1849166,A168_HF9F_20260827_0900,2026-08-27 09:00:00,185
1227234|7|906,906,1227234,7,2026-05-03,1,-1,4,4,2,161.9893,161.9893,-58.2064,0.6722,-35.932270,40.4973,40.4973,1.0000,0,1,6,1849167,A168_HF9F_20260827_0900,2026-08-27 09:00:00,185
1227234|8|906,906,1227234,8,2026-05-03,1,-1,4,4,2,242.3168,242.3168,-62.2423,1.3613,-25.686330,60.5792,60.5792,1.0000,0,1,6,1849168,A168_HF9F_20260827_0900,2026-08-27 09:00:00,185
1227234|9|906,906,1227234,9,2026-05-03,1,-1,8,8,2,791.6617,0.0000,0.0000,0.0000,,98.9577,98.9577,1.0000,8,1,28,1849169,A168_HF9F_20260827_0900,2026-08-27 09:00:00,185
1226507|34|907,907,1226507,34,2026-05-03,1,-1,8,10,5,495.3524,495.3524,56.9224,0.1109,11.491286,49.5352,61.9190,1.2500,0,1,28,1849170,A168_HF9F_20260827_0900,2026-08-27 09:00:00,185
1226507|35|907,907,1226507,35,2026-05-03,1,-1,5,8,5,121.8482,121.8482,67.1864,0.0000,55.139428,15.2310,24.3696,1.6000,0,1,10,1849171,A168_HF9F_20260827_0900,2026-08-27 09:00:00,185
1226507|36|907,907,1226507,36,2026-05-03,1,-1,11,13,5,4260.0080,4260.0080,-3500.7347,0.3630,-82.176716,327.6929,387.2735,1.1818,0,1,55,1849172,A168_HF9F_20260827_0900,2026-08-27 09:00:00,185
1226507|37|907,907,1226507,37,2026-05-03,1,-1,13,22,9,1363.2065,1337.2608,-782.8081,1.1993,-58.538176,61.9639,104.8620,1.6923,1,1,78,1849173,A168_HF9F_20260827_0900,2026-08-27 09:00:00,185
1226507|38|907,907,1226507,38,2026-05-03,1,-1,15,19,6,1004.2285,1004.2285,898.4573,0.4201,89.467409,52.8541,66.9486,1.2667,0,1,105,1849174,A168_HF9F_20260827_0900,2026-08-27 09:00:00,185
1226507|39|907,907,1226507,39,2026-05-03,1,-1,9,14,6,370.4764,366.2752,-258.5591,0.0000,-70.591476,26.4626,41.1640,1.5556,1,1,36,1849175,A168_HF9F_20260827_0900,2026-08-27 09:00:00,185
1226507|40|907,907,1226507,40,2026-05-03,1,-1,12,13,4,922.4010,922.4010,-326.0780,0.0672,-35.351008,70.9539,76.8667,1.0833,0,1,66,1849176,A168_HF9F_20260827_0900,2026-08-27 09:00:00,185
1226507|41|907,907,1226507,41,2026-05-03,1,-1,19,21,5,3927.8419,3927.8419,-3572.9895,0.0840,-90.965715,187.0401,206.7285,1.1053,0,1,171,1849177,A168_HF9F_20260827_0900,2026-08-27 09:00:00,185
1226507|42|907,907,1226507,42,2026-05-03,1,-1,25,27,4,3199.0319,3.3610,-15.5446,0.0000,-462.500000,118.4827,127.9613,1.0800,25,1,300,1849178,A168_HF9F_20260827_0900,2026-08-27 09:00:00,185
1226507|43|907,907,1226507,43,2026-05-03,1,-1,18,19,4,1793.9236,1793.9236,-1262.0649,0.0000,-70.352211,94.4170,99.6624,1.0556,0,1,153,1849179,A168_HF9F_20260827_0900,2026-08-27 09:00:00,185
1226507|44|907,907,1226507,44,2026-05-03,1,-1,24,30,6,2216.1519,2216.1519,823.5272,0.8551,37.160235,73.8717,92.3397,1.2500,0,1,276,1849180,A168_HF9F_20260827_0900,2026-08-27 09:00:00,185
1226507|45|907,907,1226507,45,2026-05-03,1,-1,12,17,5,517.4030,517.4030,-347.9290,0.5781,-67.245256,30.4355,43.1169,1.4167,0,1,66,1849181,A168_HF9F_20260827_0900,2026-08-27 09:00:00,185
1226507|46|907,907,1226507,46,2026-05-03,1,-1,8,11,3,772.1151,746.1693,-584.6035,0.0000,-78.347299,70.1923,96.5144,1.3750,2,1,28,1849182,A168_HF9F_20260827_0900,2026-08-27 09:00:00,185
1226507|47|907,907,1226507,47,2026-05-03,1,-1,9,13,4,1096.2685,8.4934,-31.4943,0.0000,-370.809518,84.3283,121.8076,1.4444,9,1,36,1849183,A168_HF9F_20260827_0900,2026-08-27 09:00:00,185
1226507|48|907,907,1226507,48,2026-05-03,1,-1,11,16,4,1899.1523,1878.1461,1347.1424,0.0000,71.727243,118.6970,172.6502,1.4545,1,1,55,1849184,A168_HF9F_20260827_0900,2026-08-27 09:00:00,185
1226507|49|907,907,1226507,49,2026-05-03,1,-1,9,14,6,919.3116,915.1104,557.5459,0.0000,60.926627,65.6651,102.1457,1.5556,1,1,36,1849185,A168_HF9F_20260827_0900,2026-08-27 09:00:00,185
1226507|50|907,907,1226507,50,2026-05-03,1,-1,6,8,3,105.4989,101.2977,92.8952,0.0000,91.705162,13.1874,17.5832,1.3333,1,1,15,1849186,A168_HF9F_20260827_0900,2026-08-27 09:00:00,185
1226507|51|907,907,1226507,51,2026-05-03,1,-1,3,3,1,28.7899,28.7899,-28.7899,0.0000,-100.000000,9.5966,9.5966,1.0000,0,1,3,1849187,A168_HF9F_20260827_0900,2026-08-27 09:00:00,185
1226507|52|907,907,1226507,52,2026-05-03,1,-1,4,4,1,326.0530,326.0530,-326.0530,0.0840,-100.000000,81.5132,81.5132,1.0000,0,1,6,1849188,A168_HF9F_20260827_0900,2026-08-27 09:00:00,185
1226507|53|907,907,1226507,53,2026-05-03,1,-1,4,4,1,1639.7688,1639.7688,-1639.7688,0.0000,-100.000000,409.9422,409.9422,1.0000,0,1,6,1849189,A168_HF9F_20260827_0900,2026-08-27 09:00:00,185
1226507|54|907,907,1226507,54,2026-05-03,1,-1,7,9,3,690.4058,690.4058,685.2167,0.0000,99.248392,76.7118,98.6294,1.2857,0,1,21,1849190,A168_HF9F_20260827_0900,2026-08-27 09:00:00,185
1226507|55|907,907,1226507,55,2026-05-03,1,-1,4,5,3,219.5863,219.5863,153.8139,1.3781,70.047134,43.9173,54.8966,1.2500,0,1,6,1849191,A168_HF9F_20260827_0900,2026-08-27 09:00:00,185
1226545|1|907,907,1226545,1,2026-05-03,1,-1,1,1,1,259.4572,259.4572,259.4572,0.0000,100.000000,259.4572,259.4572,1.0000,0,0,0,1849192,A168_HF9F_20260827_0900,2026-08-27 09:00:00,185
1226545|10|907,907,1226545,10,2026-05-03,1,-1,21,26,4,3408.5741,3408.5741,-3071.7875,0.0000,-90.119428,131.0990,162.3131,1.2381,0,1,210,1849193,A168_HF9F_20260827_0900,2026-08-27 09:00:00,185
1226545|11|907,907,1226545,11,2026-05-03,1,-1,34,44,8,3972.1630,3972.1630,3590.9770,0.1512,90.403566,90.2764,116.8283,1.2941,0,1,561,1849194,A168_HF9F_20260827_0900,2026-08-27 09:00:00,185
1226545|12|907,907,1226545,12,2026-05-03,1,-1,12,20,8,1802.7922,1802.7922,-1233.8316,0.0000,-68.440034,90.1396,150.2327,1.6667,0,1,66,1849195,A168_HF9F_20260827_0900,2026-08-27 09:00:00,185
1226545|13|907,907,1226545,13,2026-05-03,1,-1,11,19,6,2094.9831,2094.9831,-1836.6591,0.0000,-87.669400,110.2623,190.4530,1.7273,0,1,55,1849196,A168_HF9F_20260827_0900,2026-08-27 09:00:00,185
1226545|14|907,907,1226545,14,2026-05-03,1,-1,8,18,6,410.1681,410.1681,316.7635,0.0000,77.227730,22.7871,51.2710,2.2500,0,1,28,1849197,A168_HF9F_20260827_0900,2026-08-27 09:00:00,185
1226545|15|907,907,1226545,15,2026-05-03,1,-1,12,26,8,9885.5293,9885.5293,9861.5594,0.4470,99.757525,380.2127,823.7941,2.1667,0,1,66,1849198,A168_HF9F_20260827_0900,2026-08-27 09:00:00,185
1226545|16|907,907,1226545,16,2026-05-03,1,-1,5,5,2,91.3475,4.2012,4.2012,0.0000,100.000000,18.2695,18.2695,1.0000,4,1,10,1849199,A168_HF9F_20260827_0900,2026-08-27 09:00:00,185
1226545|17|907,907,1226545,17,2026-05-03,1,-1,7,10,5,336.9008,336.9008,-110.8828,0.0000,-32.912581,33.6901,48.1287,1.4286,0,1,21,1849200,A168_HF9F_20260827_0900,2026-08-27 09:00:00,185
1226545|18|907,907,1226545,18,2026-05-03,1,-1,6,13,5,299.5875,299.5875,-92.2220,0.0000,-30.782981,23.0452,49.9312,2.1667,0,1,15,1849201,A168_HF9F_20260827_0900,2026-08-27 09:00:00,185
1226545|19|907,907,1226545,19,2026-05-03,1,-1,7,19,7,446.6197,446.6197,174.8507,0.0000,39.149797,23.5063,63.8028,2.7143,0,1,21,1849202,A168_HF9F_20260827_0900,2026-08-27 09:00:00,185
1226545|2|907,907,1226545,2,2026-05-03,1,-1,3,3,1,565.3027,0.0000,0.0000,0.0000,,188.4342,188.4342,1.0000,3,1,3,1849203,A168_HF9F_20260827_0900,2026-08-27 09:00:00,185
1226545|20|907,907,1226545,20,2026-05-03,1,-1,7,14,7,357.7881,357.7881,-176.5213,0.0000,-49.336837,25.5563,51.1126,2.0000,0,1,21,1849204,A168_HF9F_20260827_0900,2026-08-27 09:00:00,185
1226545|21|907,907,1226545,21,2026-05-03,1,-1,12,21,7,1624.8441,1624.8441,327.5580,0.0000,20.159351,77.3735,135.4037,1.7500,0,1,66,1849205,A168_HF9F_20260827_0900,2026-08-27 09:00:00,185
1226545|22|907,907,1226545,22,2026-05-03,1,-1,5,13,6,449.9509,449.9509,166.6236,0.0336,37.031505,34.6116,89.9902,2.6000,0,1,10,1849206,A168_HF9F_20260827_0900,2026-08-27 09:00:00,185
1226545|23|907,907,1226545,23,2026-05-03,1,-1,8,15,6,373.0709,373.0709,255.1971,0.2756,68.404462,24.8714,46.6339,1.8750,0,1,28,1849207,A168_HF9F_20260827_0900,2026-08-27 09:00:00,185
1226545|24|907,907,1226545,24,2026-05-03,1,-1,10,20,8,461.8835,86.3571,-426.5284,0.1378,-493.912240,23.0942,46.1884,2.0000,9,1,45,1849208,A168_HF9F_20260827_0900,2026-08-27 09:00:00,185
1226545|25|907,907,1226545,25,2026-05-03,1,-1,7,8,4,250.7573,17.2265,-60.2929,0.1378,-350.000000,31.3447,35.8225,1.1429,6,1,21,1849209,A168_HF9F_20260827_0900,2026-08-27 09:00:00,185
1226545|26|907,907,1226545,26,2026-05-03,1,-1,5,9,6,264.6421,264.6421,236.9916,0.3260,89.551743,29.4047,52.9284,1.8000,0,1,10,1849210,A168_HF9F_20260827_0900,2026-08-27 09:00:00,185
1226545|27|907,907,1226545,27,2026-05-03,1,-1,6,11,6,110.4934,110.4934,34.6021,0.2756,31.316037,10.0449,18.4156,1.8333,0,1,15,1849211,A168_HF9F_20260827_0900,2026-08-27 09:00:00,185
1226545|28|907,907,1226545,28,2026-05-03,1,-1,5,7,4,525.1861,525.1861,491.4567,0.5512,93.577622,75.0266,105.0372,1.4000,0,1,10,1849212,A168_HF9F_20260827_0900,2026-08-27 09:00:00,185
1226545|29|907,907,1226545,29,2026-05-03,1,-1,6,9,4,52.1480,52.1480,-1.4818,0.1378,-2.841508,5.7942,8.6913,1.5000,0,1,15,1849213,A168_HF9F_20260827_0900,2026-08-27 09:00:00,185
1226545|3|907,907,1226545,3,2026-05-03,1,-1,1,1,1,10.5031,10.5031,10.5031,0.0000,100.000000,10.5031,10.5031,1.0000,0,0,0,1849214,A168_HF9F_20260827_0900,2026-08-27 09:00:00,185
1226545|30|907,907,1226545,30,2026-05-03,1,-1,4,5,4,91.3289,91.3289,-41.2278,0.0000,-45.142045,18.2658,22.8322,1.2500,0,1,6,1849215,A168_HF9F_20260827_0900,2026-08-27 09:00:00,185
1226545|31|907,907,1226545,31,2026-05-03,1,-1,2,4,4,19.1998,19.1998,-1.5567,0.0000,-8.108108,4.8000,9.5999,2.0000,0,1,1,1849216,A168_HF9F_20260827_0900,2026-08-27 09:00:00,185
1226545|32|907,907,1226545,32,2026-05-03,1,-1,3,5,4,139.7921,139.7921,33.8464,0.0000,24.211950,27.9584,46.5974,1.6667,0,1,3,1849217,A168_HF9F_20260827_0900,2026-08-27 09:00:00,185
1226545|33|907,907,1226545,33,2026-05-03,1,-1,1,3,3,23.1068,23.1068,23.1068,0.0000,100.000000,7.7023,23.1068,3.0000,0,0,0,1849218,A168_HF9F_20260827_0900,2026-08-27 09:00:00,185
1226545|34|907,907,1226545,34,2026-05-03,1,-1,4,4,2,100.6273,100.6273,37.6087,0.1378,37.374240,25.1568,25.1568,1.0000,0,1,6,1849219,A168_HF9F_20260827_0900,2026-08-27 09:00:00,185
1226545|35|907,907,1226545,35,2026-05-03,1,-1,2,2,1,298.3758,298.3758,-283.4570,0.0000,-95.000000,149.1879,149.1879,1.0000,0,1,1,1849220,A168_HF9F_20260827_0900,2026-08-27 09:00:00,185
1226545|36|907,907,1226545,36,2026-05-03,1,-1,5,9,6,453.9106,453.9106,-120.2031,0.2736,-26.481668,50.4345,90.7821,1.8000,0,1,10,1849221,A168_HF9F_20260827_0900,2026-08-27 09:00:00,185
1226545|37|907,907,1226545,37,2026-05-03,1,-1,7,13,7,1579.5335,1579.5335,906.5906,0.1680,57.396096,121.5026,225.6476,1.8571,0,1,21,1849222,A168_HF9F_20260827_0900,2026-08-27 09:00:00,185
1226545|38|907,907,1226545,38,2026-05-03,1,-1,13,17,6,2169.0868,2169.0868,-1692.1008,0.4585,-78.009824,127.5933,166.8528,1.3077,0,1,78,1849223,A168_HF9F_20260827_0900,2026-08-27 09:00:00,185
1226545|39|907,907,1226545,39,2026-05-03,1,-1,17,18,4,3365.5786,3365.5786,-3069.4713,0.0000,-91.201891,186.9766,197.9752,1.0588,0,1,136,1849224,A168_HF9F_20260827_0900,2026-08-27 09:00:00,185
1226545|4|907,907,1226545,4,2026-05-03,1,-1,1,1,1,38.9186,0.0000,0.0000,0.0000,,38.9186,38.9186,1.0000,1,0,0,1849225,A168_HF9F_20260827_0900,2026-08-27 09:00:00,185
1226545|40|907,907,1226545,40,2026-05-03,1,-1,18,18,2,5234.7972,5234.7972,-4954.6769,0.0840,-94.648880,290.8221,290.8221,1.0000,0,1,153,1849226,A168_HF9F_20260827_0900,2026-08-27 09:00:00,185
1226545|41|907,907,1226545,41,2026-05-03,1,-1,18,18,2,3442.8554,3442.8554,-728.7248,0.0840,-21.166291,191.2697,191.2697,1.0000,0,1,153,1849227,A168_HF9F_20260827_0900,2026-08-27 09:00:00,185
1226545|42|907,907,1226545,42,2026-05-03,1,-1,27,34,6,3295.3453,3295.3453,-2873.5763,0.2857,-87.201071,96.9219,122.0498,1.2593,0,1,351,1849228,A168_HF9F_20260827_0900,2026-08-27 09:00:00,185
1226545|43|907,907,1226545,43,2026-05-03,1,-1,28,39,8,4916.9386,4916.9386,-1857.9379,0.8403,-37.786479,126.0753,175.6049,1.3929,0,1,378,1849229,A168_HF9F_20260827_0900,2026-08-27 09:00:00,185
1226545|44|907,907,1226545,44,2026-05-03,1,-1,29,40,8,4618.8312,4618.8312,472.3555,1.6134,10.226732,115.4708,159.2700,1.3793,0,1,406,1849230,A168_HF9F_20260827_0900,2026-08-27 09:00:00,185
1226545|45|907,907,1226545,45,2026-05-03,1,-1,3,5,3,83.9791,83.9791,69.2747,0.0000,82.490471,16.7958,27.9930,1.6667,0,1,3,1849231,A168_HF9F_20260827_0900,2026-08-27 09:00:00,185
1226545|46|907,907,1226545,46,2026-05-03,1,-1,6,6,2,490.4989,490.4989,-132.1984,0.0000,-26.951815,81.7498,81.7498,1.0000,0,1,15,1849232,A168_HF9F_20260827_0900,2026-08-27 09:00:00,185
1226545|47|907,907,1226545,47,2026-05-03,1,-1,11,13,4,2274.4923,2274.4923,-235.9515,0.0000,-10.373808,174.9609,206.7720,1.1818,0,1,55,1849233,A168_HF9F_20260827_0900,2026-08-27 09:00:00,185
1226545|48|907,907,1226545,48,2026-05-03,1,-1,7,9,4,233.9763,233.9763,-179.2168,0.0000,-76.596160,25.9974,33.4252,1.2857,0,1,21,1849234,A168_HF9F_20260827_0900,2026-08-27 09:00:00,185
1226545|49|907,907,1226545,49,2026-05-03,1,-1,18,18,2,1577.2537,1577.2537,-1340.3809,0.0168,-84.981949,87.6252,87.6252,1.0000,0,1,153,1849235,A168_HF9F_20260827_0900,2026-08-27 09:00:00,185
1226545|5|907,907,1226545,5,2026-05-03,1,-1,2,2,2,163.7586,0.0000,0.0000,0.0000,,81.8793,81.8793,1.0000,2,1,1,1849236,A168_HF9F_20260827_0900,2026-08-27 09:00:00,185
1226545|50|907,907,1226545,50,2026-05-03,1,-1,13,13,2,839.0974,839.0974,747.4737,0.1344,89.080685,64.5460,64.5460,1.0000,0,1,78,1849237,A168_HF9F_20260827_0900,2026-08-27 09:00:00,185
1226545|51|907,907,1226545,51,2026-05-03,1,-1,8,8,3,538.1111,538.1111,-57.6477,0.0336,-10.712980,67.2639,67.2639,1.0000,0,1,28,1849238,A168_HF9F_20260827_0900,2026-08-27 09:00:00,185
1226545|52|907,907,1226545,52,2026-05-03,1,-1,27,31,5,3428.9128,10.5031,-52.5155,0.0504,-500.000000,110.6101,126.9968,1.1481,27,1,351,1849239,A168_HF9F_20260827_0900,2026-08-27 09:00:00,185
1226545|6|907,907,1226545,6,2026-05-03,1,-1,3,5,4,295.1678,295.1678,-255.8321,0.0000,-86.673464,59.0336,98.3893,1.6667,0,1,3,1849240,A168_HF9F_20260827_0900,2026-08-27 09:00:00,185
1226545|7|907,907,1226545,7,2026-05-03,1,-1,3,5,5,749.2927,749.2927,-30.7073,0.2736,-4.098174,149.8585,249.7642,1.6667,0,1,3,1849241,A168_HF9F_20260827_0900,2026-08-27 09:00:00,185
1226545|8|907,907,1226545,8,2026-05-03,1,-1,11,16,8,1371.1559,1371.1559,-233.4980,0.0000,-17.029283,85.6972,124.6505,1.4545,0,1,55,1849242,A168_HF9F_20260827_0900,2026-08-27 09:00:00,185
1226545|9|907,907,1226545,9,2026-05-03,1,-1,17,20,3,1743.8277,1743.8277,-1528.2629,0.0840,-87.638412,87.1914,102.5781,1.1765,0,1,136,1849243,A168_HF9F_20260827_0900,2026-08-27 09:00:00,185
1226579|10|907,907,1226579,10,2026-05-03,1,-1,4,4,1,402.3276,402.3276,-402.3276,0.0504,-100.000000,100.5819,100.5819,1.0000,0,1,6,1849244,A168_HF9F_20260827_0900,2026-08-27 09:00:00,185
1226579|11|907,907,1226579,11,2026-05-03,1,-1,4,4,2,90.9790,0.0000,0.0000,0.0000,,22.7447,22.7447,1.0000,4,1,6,1849245,A168_HF9F_20260827_0900,2026-08-27 09:00:00,185
1226579|12|907,907,1226579,12,2026-05-03,1,-1,3,3,2,53.0536,53.0536,44.6511,0.0336,84.162277,17.6845,17.6845,1.0000,0,1,3,1849246,A168_HF9F_20260827_0900,2026-08-27 09:00:00,185
1226579|13|907,907,1226579,13,2026-05-03,1,-1,13,16,5,2144.0202,2144.0202,704.9596,0.1008,32.880267,134.0013,164.9246,1.2308,0,1,78,1849247,A168_HF9F_20260827_0900,2026-08-27 09:00:00,185
1226579|14|907,907,1226579,14,2026-05-03,1,-1,4,6,4,294.3142,294.3142,270.9658,1.7378,92.066849,49.0524,73.5785,1.5000,0,1,6,1849248,A168_HF9F_20260827_0900,2026-08-27 09:00:00,185
1226579|15|907,907,1226579,15,2026-05-03,1,-1,2,9,7,99.5245,99.5245,99.5245,0.0000,100.000000,11.0583,49.7623,4.5000,0,1,1,1849249,A168_HF9F_20260827_0900,2026-08-27 09:00:00,185
1226579|16|907,907,1226579,16,2026-05-03,1,-1,6,11,7,888.9136,888.9136,783.8827,0.0000,88.184343,80.8103,148.1523,1.8333,0,1,15,1849250,A168_HF9F_20260827_0900,2026-08-27 09:00:00,185
1226579|17|907,907,1226579,17,2026-05-03,1,-1,2,6,6,175.9422,175.9422,175.9422,0.0000,100.000000,29.3237,87.9711,3.0000,0,1,1,1849251,A168_HF9F_20260827_0900,2026-08-27 09:00:00,185
1226579|18|907,907,1226579,18,2026-05-03,1,-1,3,9,8,211.1123,211.1123,-108.3920,0.0000,-51.343284,23.4569,70.3708,3.0000,0,1,3,1849252,A168_HF9F_20260827_0900,2026-08-27 09:00:00,185
1226579|19|907,907,1226579,19,2026-05-03,1,-1,17,28,8,2217.8155,2217.8155,633.9482,0.0000,28.584354,79.2077,130.4597,1.6471,0,1,136,1849253,A168_HF9F_20260827_0900,2026-08-27 09:00:00,185
1226579|2|907,907,1226579,2,2026-05-03,1,-1,3,3,2,217.6347,217.6347,-192.4273,0.0000,-88.417547,72.5449,72.5449,1.0000,0,1,3,1849254,A168_HF9F_20260827_0900,2026-08-27 09:00:00,185
1226579|20|907,907,1226579,20,2026-05-03,1,-1,12,18,8,2050.5705,2050.5705,-133.4494,0.0000,-6.507917,113.9206,170.8809,1.5000,0,1,66,1849255,A168_HF9F_20260827_0900,2026-08-27 09:00:00,185
1226579|21|907,907,1226579,21,2026-05-03,1,-1,6,14,8,169.9006,169.9006,3.1905,0.0000,1.877855,12.1358,28.3168,2.3333,0,1,15,1849256,A168_HF9F_20260827_0900,2026-08-27 09:00:00,185
1226579|22|907,907,1226579,22,2026-05-03,1,-1,6,13,7,612.5014,612.5014,152.5990,0.0000,24.914062,47.1155,102.0836,2.1667,0,1,15,1849257,A168_HF9F_20260827_0900,2026-08-27 09:00:00,185
1226579|23|907,907,1226579,23,2026-05-03,1,-1,9,16,8,2024.1769,54.6161,-21.0062,0.0000,-38.461538,126.5111,224.9085,1.7778,8,1,36,1849258,A168_HF9F_20260827_0900,2026-08-27 09:00:00,185
1226579|24|907,907,1226579,24,2026-05-03,1,-1,7,14,8,414.0321,414.0321,-251.8643,0.0000,-60.832065,29.5737,59.1474,2.0000,0,1,21,1849259,A168_HF9F_20260827_0900,2026-08-27 09:00:00,185
1226579|25|907,907,1226579,25,2026-05-03,1,-1,8,13,8,530.0192,530.0192,196.8241,0.0000,37.135280,40.7707,66.2524,1.6250,0,1,28,1849260,A168_HF9F_20260827_0900,2026-08-27 09:00:00,185
1226579|26|907,907,1226579,26,2026-05-03,1,-1,6,11,8,274.9313,274.9313,169.0601,0.0000,61.491751,24.9938,45.8219,1.8333,0,1,15,1849261,A168_HF9F_20260827_0900,2026-08-27 09:00:00,185
1226579|27|907,907,1226579,27,2026-05-03,1,-1,9,16,8,1694.4562,1694.4562,-734.0992,0.0000,-43.323585,105.9035,188.2729,1.7778,0,1,36,1849262,A168_HF9F_20260827_0900,2026-08-27 09:00:00,185
1226579|28|907,907,1226579,28,2026-05-03,1,-1,10,17,8,372.7417,372.7417,64.7932,0.0672,17.382876,21.9260,37.2742,1.7000,0,1,45,1849263,A168_HF9F_20260827_0900,2026-08-27 09:00:00,185
1226579|29|907,907,1226579,29,2026-05-03,1,-1,8,13,8,650.2323,650.2323,-281.0978,0.0504,-43.230366,50.0179,81.2790,1.6250,0,1,28,1849264,A168_HF9F_20260827_0900,2026-08-27 09:00:00,185
1226579|3|907,907,1226579,3,2026-05-03,1,-1,3,3,2,464.4882,464.4882,-264.4882,0.0000,-56.941856,154.8294,154.8294,1.0000,0,1,3,1849265,A168_HF9F_20260827_0900,2026-08-27 09:00:00,185
1226579|30|907,907,1226579,30,2026-05-03,1,-1,9,9,2,629.1866,629.1866,-445.3705,0.3596,-70.785116,69.9096,69.9096,1.0000,0,1,36,1849266,A168_HF9F_20260827_0900,2026-08-27 09:00:00,185
1226579|31|907,907,1226579,31,2026-05-03,1,-1,8,9,3,1163.7158,1163.7158,-1072.8180,0.0000,-92.189003,129.3018,145.4645,1.1250,0,1,28,1849267,A168_HF9F_20260827_0900,2026-08-27 09:00:00,185
1226579|32|907,907,1226579,32,2026-05-03,1,-1,9,10,3,1166.8912,1166.8912,627.2202,0.0000,53.751387,116.6891,129.6546,1.1111,0,1,36,1849268,A168_HF9F_20260827_0900,2026-08-27 09:00:00,185
1226579|33|907,907,1226579,33,2026-05-03,1,-1,11,13,4,1236.6142,1236.6142,-906.3808,0.0000,-73.295355,95.1242,112.4195,1.1818,0,1,55,1849269,A168_HF9F_20260827_0900,2026-08-27 09:00:00,185
1226579|34|907,907,1226579,34,2026-05-03,1,-1,9,10,3,3963.3699,3963.3699,-2555.6893,0.0000,-64.482735,396.3370,440.3744,1.1111,0,1,36,1849270,A168_HF9F_20260827_0900,2026-08-27 09:00:00,185
1226579|35|907,907,1226579,35,2026-05-03,1,-1,7,8,3,1125.3622,31.5093,-252.0744,0.0000,-800.000000,140.6703,160.7660,1.1429,7,1,21,1849271,A168_HF9F_20260827_0900,2026-08-27 09:00:00,185
1226579|36|907,907,1226579,36,2026-05-03,1,-1,15,23,8,1081.5578,1081.5578,-828.9403,0.9109,-76.643181,47.0243,72.1039,1.5333,0,1,105,1849272,A168_HF9F_20260827_0900,2026-08-27 09:00:00,185
1226579|37|907,907,1226579,37,2026-05-03,1,-1,7,11,6,852.0054,852.0054,623.1224,0.0000,73.135960,77.4550,121.7151,1.5714,0,1,21,1849273,A168_HF9F_20260827_0900,2026-08-27 09:00:00,185
1226579|38|907,907,1226579,38,2026-05-03,1,-1,6,8,4,568.5382,568.5382,415.0788,0.0000,73.008065,71.0673,94.7564,1.3333,0,1,15,1849274,A168_HF9F_20260827_0900,2026-08-27 09:00:00,185
1226579|39|907,907,1226579,39,2026-05-03,1,-1,4,4,2,1154.5899,1154.5899,268.1396,0.0000,23.223800,288.6475,288.6475,1.0000,0,1,6,1849275,A168_HF9F_20260827_0900,2026-08-27 09:00:00,185
1226579|4|907,907,1226579,4,2026-05-03,1,-1,4,4,2,414.4425,414.4425,-130.4177,0.0000,-31.468223,103.6106,103.6106,1.0000,0,1,6,1849276,A168_HF9F_20260827_0900,2026-08-27 09:00:00,185
1226579|40|907,907,1226579,40,2026-05-03,1,-1,8,12,5,721.7659,721.7659,676.1583,0.0592,93.681108,60.1472,90.2207,1.5000,0,1,28,1849277,A168_HF9F_20260827_0900,2026-08-27 09:00:00,185
1226579|41|907,907,1226579,41,2026-05-03,1,-1,8,9,3,18621.7515,18621.7515,-16851.1805,0.2756,-90.491920,2069.0835,2327.7189,1.1250,0,1,28,1849278,A168_HF9F_20260827_0900,2026-08-27 09:00:00,185
1226579|42|907,907,1226579,42,2026-05-03,1,-1,2,2,2,567.7183,0.0000,0.0000,0.0000,,283.8592,283.8592,1.0000,2,1,1,1849279,A168_HF9F_20260827_0900,2026-08-27 09:00:00,185
1226579|43|907,907,1226579,43,2026-05-03,1,-1,2,2,2,720.0311,720.0311,479.9689,0.0000,66.659458,360.0156,360.0156,1.0000,0,1,1,1849280,A168_HF9F_20260827_0900,2026-08-27 09:00:00,185
1226579|44|907,907,1226579,44,2026-05-03,1,-1,2,2,1,412.9729,412.9729,412.9729,0.0000,100.000000,206.4864,206.4864,1.0000,0,1,1,1849281,A168_HF9F_20260827_0900,2026-08-27 09:00:00,185
1226579|45|907,907,1226579,45,2026-05-03,1,-1,10,10,2,696.1985,696.1985,-642.2064,0.0840,-92.244731,69.6198,69.6198,1.0000,0,1,45,1849282,A168_HF9F_20260827_0900,2026-08-27 09:00:00,185
1226579|46|907,907,1226579,46,2026-05-03,1,-1,8,8,1,808.1615,808.1615,-778.2565,0.0000,-96.299629,101.0202,101.0202,1.0000,0,1,28,1849283,A168_HF9F_20260827_0900,2026-08-27 09:00:00,185
1226579|47|907,907,1226579,47,2026-05-03,1,-1,10,10,2,815.8708,815.8708,-16.9059,0.0000,-2.072125,81.5871,81.5871,1.0000,0,1,45,1849284,A168_HF9F_20260827_0900,2026-08-27 09:00:00,185
1226579|48|907,907,1226579,48,2026-05-03,1,-1,10,11,2,1253.5324,1253.5324,-1140.2616,0.0000,-90.963873,113.9575,125.3532,1.1000,0,1,45,1849285,A168_HF9F_20260827_0900,2026-08-27 09:00:00,185
1226579|49|907,907,1226579,49,2026-05-03,1,-1,8,9,3,1095.5431,1095.5431,-555.0003,0.0000,-50.659835,121.7270,136.9429,1.1250,0,1,28,1849286,A168_HF9F_20260827_0900,2026-08-27 09:00:00,185
1226579|5|907,907,1226579,5,2026-05-03,1,-1,15,16,3,2449.8918,1605.3813,-282.7359,0.0000,-17.611760,153.1182,163.3261,1.0667,0,1,105,1849287,A168_HF9F_20260827_0900,2026-08-27 09:00:00,185
1226579|50|907,907,1226579,50,2026-05-03,1,-1,11,13,3,3390.2952,3390.2952,3390.2952,0.0000,100.000000,260.7919,308.2087,1.1818,0,1,55,1849288,A168_HF9F_20260827_0900,2026-08-27 09:00:00,185
1226579|51|907,907,1226579,51,2026-05-03,1,-1,7,7,2,1466.7981,1466.7981,492.7521,0.0000,33.593724,209.5426,209.5426,1.0000,0,1,21,1849289,A168_HF9F_20260827_0900,2026-08-27 09:00:00,185
1226579|52|907,907,1226579,52,2026-05-03,1,-1,6,6,2,871.4134,871.4134,248.7161,0.0000,28.541684,145.2356,145.2356,1.0000,0,1,15,1849290,A168_HF9F_20260827_0900,2026-08-27 09:00:00,185
1226579|53|907,907,1226579,53,2026-05-03,1,-1,7,7,2,1439.0550,1439.0550,1338.2798,0.3361,92.997127,205.5793,205.5793,1.0000,0,1,21,1849291,A168_HF9F_20260827_0900,2026-08-27 09:00:00,185
1226579|6|907,907,1226579,6,2026-05-03,1,-1,3,3,2,787.7324,787.7324,724.7138,0.0000,92.000000,262.5775,262.5775,1.0000,0,1,3,1849292,A168_HF9F_20260827_0900,2026-08-27 09:00:00,185
1226579|7|907,907,1226579,7,2026-05-03,1,-1,4,4,1,100.1532,100.1532,100.1532,0.0000,100.000000,25.0383,25.0383,1.0000,0,1,6,1849293,A168_HF9F_20260827_0900,2026-08-27 09:00:00,185
1226579|8|907,907,1226579,8,2026-05-03,1,-1,3,3,2,262.5775,262.5775,157.5465,2.1006,60.000000,87.5258,87.5258,1.0000,0,1,3,1849294,A168_HF9F_20260827_0900,2026-08-27 09:00:00,185
1226579|9|907,907,1226579,9,2026-05-03,1,-1,2,2,2,47.8465,47.8465,39.4440,0.0336,82.438673,23.9232,23.9232,1.0000,0,1,1,1849295,A168_HF9F_20260827_0900,2026-08-27 09:00:00,185
1226612|1|907,907,1226612,1,2026-05-03,1,-1,2,2,1,520.0000,520.0000,-494.0000,0.0000,-95.000000,260.0000,260.0000,1.0000,0,1,1,1849296,A168_HF9F_20260827_0900,2026-08-27 09:00:00,185
1226612|10|907,907,1226612,10,2026-05-03,1,-1,2,2,1,922.9153,922.9153,922.9153,0.0000,100.000000,461.4576,461.4576,1.0000,0,1,1,1849297,A168_HF9F_20260827_0900,2026-08-27 09:00:00,185
1226612|11|907,907,1226612,11,2026-05-03,1,-1,2,2,2,605.0310,0.0000,0.0000,0.0000,,302.5155,302.5155,1.0000,2,1,1,1849298,A168_HF9F_20260827_0900,2026-08-27 09:00:00,185
1226612|12|907,907,1226612,12,2026-05-03,1,-1,6,7,3,756.6104,756.6104,561.8768,0.0000,74.262371,108.0872,126.1017,1.1667,0,1,15,1849299,A168_HF9F_20260827_0900,2026-08-27 09:00:00,185
1226612|13|907,907,1226612,13,2026-05-03,1,-1,3,6,5,786.1254,786.1254,639.0820,0.0000,81.295175,131.0209,262.0418,2.0000,0,1,3,1849300,A168_HF9F_20260827_0900,2026-08-27 09:00:00,185
1226612|14|907,907,1226612,14,2026-05-03,1,-1,3,6,5,758.4780,758.4780,541.3790,0.0000,71.377016,126.4130,252.8260,2.0000,0,1,3,1849301,A168_HF9F_20260827_0900,2026-08-27 09:00:00,185
1226612|15|907,907,1226612,15,2026-05-03,1,-1,3,4,3,275.4017,275.4017,152.5155,0.0000,55.379276,68.8504,91.8006,1.3333,0,1,3,1849302,A168_HF9F_20260827_0900,2026-08-27 09:00:00,185
1226612|16|907,907,1226612,16,2026-05-03,1,-1,13,14,3,2039.2621,2039.2621,981.3270,4.7264,48.121670,145.6616,156.8663,1.0769,0,1,78,1849303,A168_HF9F_20260827_0900,2026-08-27 09:00:00,185
1226612|17|907,907,1226612,17,2026-05-03,1,-1,10,13,3,1342.9739,1337.7848,-1093.6321,0.0000,-81.749478,103.3057,134.2974,1.3000,1,1,45,1849304,A168_HF9F_20260827_0900,2026-08-27 09:00:00,185
1226612|18|907,907,1226612,18,2026-05-03,1,-1,4,4,2,859.4840,0.0000,0.0000,0.0000,,214.8710,214.8710,1.0000,4,1,6,1849305,A168_HF9F_20260827_0900,2026-08-27 09:00:00,185
1226612|19|907,907,1226612,19,2026-05-03,1,-1,3,3,2,518.0038,518.0038,-261.9962,0.0000,-50.578033,172.6679,172.6679,1.0000,0,1,3,1849306,A168_HF9F_20260827_0900,2026-08-27 09:00:00,185
1226612|2|907,907,1226612,2,2026-05-03,1,-1,3,3,2,306.0077,306.0077,-254.1162,0.0000,-83.042438,102.0026,102.0026,1.0000,0,1,3,1849307,A168_HF9F_20260827_0900,2026-08-27 09:00:00,185
1226612|20|907,907,1226612,20,2026-05-03,1,-1,2,2,1,705.0310,705.0310,-705.0310,0.0000,-100.000000,352.5155,352.5155,1.0000,0,1,1,1849308,A168_HF9F_20260827_0900,2026-08-27 09:00:00,185
1226612|21|907,907,1226612,21,2026-05-03,1,-1,2,2,1,805.0310,805.0310,805.0310,0.0000,100.000000,402.5155,402.5155,1.0000,0,1,1,1849309,A168_HF9F_20260827_0900,2026-08-27 09:00:00,185
1226612|22|907,907,1226612,22,2026-05-03,1,-1,1,1,1,700.0000,700.0000,700.0000,0.0000,100.000000,700.0000,700.0000,1.0000,0,0,0,1849310,A168_HF9F_20260827_0900,2026-08-27 09:00:00,185
1226612|23|907,907,1226612,23,2026-05-03,1,-1,8,8,2,904.7638,904.7638,600.7980,0.0000,66.403848,113.0955,113.0955,1.0000,0,1,28,1849311,A168_HF9F_20260827_0900,2026-08-27 09:00:00,185
1226612|24|907,907,1226612,24,2026-05-03,1,-1,5,5,2,544.4397,544.4397,-251.9452,0.0000,-46.276051,108.8879,108.8879,1.0000,0,1,10,1849312,A168_HF9F_20260827_0900,2026-08-27 09:00:00,185
1226612|25|907,907,1226612,25,2026-05-03,1,-1,4,4,2,236.0077,236.0077,-58.0791,0.5041,-24.608972,59.0019,59.0019,1.0000,0,1,6,1849313,A168_HF9F_20260827_0900,2026-08-27 09:00:00,185
1226612|26|907,907,1226612,26,2026-05-03,1,-1,3,3,2,157.5465,157.5465,-52.5155,0.0000,-33.333333,52.5155,52.5155,1.0000,0,1,3,1849314,A168_HF9F_20260827_0900,2026-08-27 09:00:00,185
1226612|27|907,907,1226612,27,2026-05-03,1,-1,3,3,2,203.7601,0.0000,0.0000,0.0000,,67.9200,67.9200,1.0000,3,1,3,1849315,A168_HF9F_20260827_0900,2026-08-27 09:00:00,185
1226612|28|907,907,1226612,28,2026-05-03,1,-1,1,1,1,105.0310,105.0310,105.0310,0.0000,100.000000,105.0310,105.0310,1.0000,0,0,0,1849316,A168_HF9F_20260827_0900,2026-08-27 09:00:00,185
1226612|29|907,907,1226612,29,2026-05-03,1,-1,1,1,1,105.0310,105.0310,-105.0310,0.0000,-100.000000,105.0310,105.0310,1.0000,0,0,0,1849317,A168_HF9F_20260827_0900,2026-08-27 09:00:00,185
1226612|3|907,907,1226612,3,2026-05-03,1,-1,2,2,1,228.9675,228.9675,228.9675,0.0000,100.000000,114.4838,114.4838,1.0000,0,1,1,1849318,A168_HF9F_20260827_0900,2026-08-27 09:00:00,185
1226612|30|907,907,1226612,30,2026-05-03,1,-1,2,2,2,105.7515,105.7515,-104.3104,0.0000,-98.637249,52.8758,52.8758,1.0000,0,1,1,1849319,A168_HF9F_20260827_0900,2026-08-27 09:00:00,185
1226612|31|907,907,1226612,31,2026-05-03,1,-1,5,5,2,309.7490,309.7490,-89.4512,0.0000,-28.878591,61.9498,61.9498,1.0000,0,1,10,1849320,A168_HF9F_20260827_0900,2026-08-27 09:00:00,185
1226612|32|907,907,1226612,32,2026-05-03,1,-1,4,4,2,256.2398,256.2398,-31.6593,0.0000,-12.355358,64.0599,64.0599,1.0000,0,1,6,1849321,A168_HF9F_20260827_0900,2026-08-27 09:00:00,185
1226612|33|907,907,1226612,33,2026-05-03,1,-1,6,8,4,381.0573,381.0573,108.4760,0.0000,28.467112,47.6322,63.5096,1.3333,0,1,15,1849322,A168_HF9F_20260827_0900,2026-08-27 09:00:00,185
1226612|34|907,907,1226612,34,2026-05-03,1,-1,15,22,8,1014.5553,1014.5553,281.0929,0.0000,27.706022,46.1162,67.6370,1.4667,0,1,105,1849323,A168_HF9F_20260827_0900,2026-08-27 09:00:00,185
1226612|35|907,907,1226612,35,2026-05-03,1,-1,6,8,3,969.4130,732.6332,-612.0475,0.0000,-83.540780,121.1766,161.5688,1.3333,1,1,15,1849324,A168_HF9F_20260827_0900,2026-08-27 09:00:00,185
1226612|36|907,907,1226612,36,2026-05-03,1,-1,4,6,3,471.1681,258.0663,-55.7786,0.0000,-21.614039,78.5280,117.7920,1.5000,1,1,6,1849325,A168_HF9F_20260827_0900,2026-08-27 09:00:00,185
1226612|37|907,907,1226612,37,2026-05-03,1,-1,12,14,5,2680.3177,2680.3177,2063.1946,0.0000,76.975748,191.4513,223.3598,1.1667,0,1,66,1849326,A168_HF9F_20260827_0900,2026-08-27 09:00:00,185
1226612|38|907,907,1226612,38,2026-05-03,1,-1,5,11,8,210.8003,18.9056,-18.9056,0.0000,-100.000000,19.1637,42.1601,2.2000,5,1,10,1849327,A168_HF9F_20260827_0900,2026-08-27 09:00:00,185
1226612|39|907,907,1226612,39,2026-05-03,1,-1,10,16,8,527.9840,527.9840,142.1559,0.0000,26.924286,32.9990,52.7984,1.6000,0,1,45,1849328,A168_HF9F_20260827_0900,2026-08-27 09:00:00,185
1226612|40|907,907,1226612,40,2026-05-03,1,-1,15,23,8,942.2900,942.2900,550.3540,0.4201,58.406008,40.9691,62.8193,1.5333,0,1,105,1849329,A168_HF9F_20260827_0900,2026-08-27 09:00:00,185
1226612|41|907,907,1226612,41,2026-05-03,1,-1,2,2,2,31.3845,31.3845,11.1468,0.0000,35.516984,15.6922,15.6922,1.0000,0,1,1,1849330,A168_HF9F_20260827_0900,2026-08-27 09:00:00,185
1226612|42|907,907,1226612,42,2026-05-03,1,-1,6,6,2,85.9042,85.9042,-5.6520,0.0672,-6.579417,14.3174,14.3174,1.0000,0,1,15,1849331,A168_HF9F_20260827_0900,2026-08-27 09:00:00,185
1226612|43|907,907,1226612,43,2026-05-03,1,-1,4,7,5,141.4692,141.4692,-71.2696,0.0000,-50.378169,20.2099,35.3673,1.7500,0,1,6,1849332,A168_HF9F_20260827_0900,2026-08-27 09:00:00,185
1226612|44|907,907,1226612,44,2026-05-03,1,-1,8,8,2,563.8725,563.8725,23.9518,0.0000,4.247742,70.4841,70.4841,1.0000,0,1,28,1849333,A168_HF9F_20260827_0900,2026-08-27 09:00:00,185
1226612|45|907,907,1226612,45,2026-05-03,1,-1,6,11,7,365.6998,21.8693,-24.8330,0.0000,-113.551947,33.2454,60.9500,1.8333,5,1,15,1849334,A168_HF9F_20260827_0900,2026-08-27 09:00:00,185
1226612|46|907,907,1226612,46,2026-05-03,1,-1,5,5,2,64.9944,64.9944,24.2757,0.0000,37.350442,12.9989,12.9989,1.0000,0,1,10,1849335,A168_HF9F_20260827_0900,2026-08-27 09:00:00,185
1226612|47|907,907,1226612,47,2026-05-03,1,-1,5,7,4,451.3752,451.3752,-315.2681,0.0000,-69.846133,64.4822,90.2750,1.4000,0,1,10,1849336,A168_HF9F_20260827_0900,2026-08-27 09:00:00,185
1226612|48|907,907,1226612,48,2026-05-03,1,-1,5,5,2,115.0181,115.0181,-8.0789,0.0000,-7.024034,23.0036,23.0036,1.0000,0,1,10,1849337,A168_HF9F_20260827_0900,2026-08-27 09:00:00,185
1226612|49|907,907,1226612,49,2026-05-03,1,-1,5,7,4,142.3429,142.3429,-6.8925,0.0000,-4.842172,20.3347,28.4686,1.4000,0,1,10,1849338,A168_HF9F_20260827_0900,2026-08-27 09:00:00,185
1226612|5|907,907,1226612,5,2026-05-03,1,-1,2,2,1,610.0000,610.0000,-579.5000,0.0000,-95.000000,305.0000,305.0000,1.0000,0,1,1,1849339,A168_HF9F_20260827_0900,2026-08-27 09:00:00,185
1226612|50|907,907,1226612,50,2026-05-03,1,-1,5,5,2,229.1960,229.1960,81.0127,0.0000,35.346464,45.8392,45.8392,1.0000,0,1,10,1849340,A168_HF9F_20260827_0900,2026-08-27 09:00:00,185
1226612|51|907,907,1226612,51,2026-05-03,1,-1,6,10,5,167.1190,12.9729,-57.0806,0.0000,-440.000000,16.7119,27.8532,1.6667,6,1,15,1849341,A168_HF9F_20260827_0900,2026-08-27 09:00:00,185
1226612|52|907,907,1226612,52,2026-05-03,1,-1,4,8,6,84.7578,84.7578,11.8601,0.0000,13.992987,10.5947,21.1894,2.0000,0,1,6,1849342,A168_HF9F_20260827_0900,2026-08-27 09:00:00,185
1226612|6|907,907,1226612,6,2026-05-03,1,-1,1,1,1,500.0000,500.0000,-475.0000,0.0000,-95.000000,500.0000,500.0000,1.0000,0,0,0,1849343,A168_HF9F_20260827_0900,2026-08-27 09:00:00,185
1226612|7|907,907,1226612,7,2026-05-03,1,-1,19,25,8,1982.7933,1982.7933,568.5301,0.0672,28.673189,79.3117,104.3575,1.3158,0,1,171,1849344,A168_HF9F_20260827_0900,2026-08-27 09:00:00,185
1226612|8|907,907,1226612,8,2026-05-03,1,-1,3,9,7,200.4904,200.4904,124.8681,0.0000,62.281336,22.2767,66.8301,3.0000,0,1,3,1849345,A168_HF9F_20260827_0900,2026-08-27 09:00:00,185
1226612|9|907,907,1226612,9,2026-05-03,1,-1,2,2,2,563.0186,563.0186,-411.9814,0.0000,-73.173678,281.5093,281.5093,1.0000,0,1,1,1849346,A168_HF9F_20260827_0900,2026-08-27 09:00:00,185
1226650|10|907,907,1226650,10,2026-05-03,1,-1,15,23,8,1710.0169,1689.2603,1282.8660,0.5472,75.942468,74.3486,114.0011,1.5333,1,1,105,1849347,A168_HF9F_20260827_0900,2026-08-27 09:00:00,185
1226650|11|907,907,1226650,11,2026-05-03,1,-1,7,11,5,694.1095,683.7312,505.2178,0.2122,73.891286,63.1009,99.1585,1.5714,1,1,21,1849348,A168_HF9F_20260827_0900,2026-08-27 09:00:00,185
1226650|12|907,907,1226650,12,2026-05-03,1,-1,4,9,6,121.0818,110.7035,74.3795,0.1176,67.188022,13.4535,30.2704,2.2500,1,1,6,1849349,A168_HF9F_20260827_0900,2026-08-27 09:00:00,185
1226650|13|907,907,1226650,13,2026-05-03,1,-1,5,6,3,94.7942,94.7942,26.3948,0.4282,27.844301,15.7990,18.9588,1.2000,0,1,10,1849350,A168_HF9F_20260827_0900,2026-08-27 09:00:00,185
1226650|14|907,907,1226650,14,2026-05-03,1,-1,10,11,2,442.0688,442.0688,-407.4888,0.2189,-92.177687,40.1881,44.2069,1.1000,0,1,45,1849351,A168_HF9F_20260827_0900,2026-08-27 09:00:00,185
1226650|15|907,907,1226650,15,2026-05-03,1,-1,7,8,3,136.8393,136.8393,59.5694,0.1642,43.532364,17.1049,19.5485,1.1429,0,1,21,1849352,A168_HF9F_20260827_0900,2026-08-27 09:00:00,185
1226650|16|907,907,1226650,16,2026-05-03,1,-1,7,8,3,293.6321,293.6321,216.0029,0.1642,73.562447,36.7040,41.9474,1.1429,0,1,21,1849353,A168_HF9F_20260827_0900,2026-08-27 09:00:00,185
1226650|17|907,907,1226650,17,2026-05-03,1,-1,1,1,1,68.3995,68.3995,-68.3995,0.5472,-100.000000,68.3995,68.3995,1.0000,0,0,0,1849354,A168_HF9F_20260827_0900,2026-08-27 09:00:00,185
1226650|18|907,907,1226650,18,2026-05-03,1,-1,2,2,2,63.6488,63.6488,62.4199,0.0000,98.069307,31.8244,31.8244,1.0000,0,1,1,1849355,A168_HF9F_20260827_0900,2026-08-27 09:00:00,185
1226650|19|907,907,1226650,19,2026-05-03,1,-1,4,4,2,69.5866,69.5866,24.0093,0.0000,34.502827,17.3966,17.3966,1.0000,0,1,6,1849356,A168_HF9F_20260827_0900,2026-08-27 09:00:00,185
1226650|2|907,907,1226650,2,2026-05-03,1,-1,4,4,1,107.2620,0.0000,0.0000,0.0000,,26.8155,26.8155,1.0000,4,1,6,1849357,A168_HF9F_20260827_0900,2026-08-27 09:00:00,185
1226650|20|907,907,1226650,20,2026-05-03,1,-1,5,5,2,149.4721,149.4721,24.3704,0.0000,16.304335,29.8944,29.8944,1.0000,0,1,10,1849358,A168_HF9F_20260827_0900,2026-08-27 09:00:00,185
1226650|21|907,907,1226650,21,2026-05-03,1,-1,7,7,2,157.5605,157.5605,48.4663,0.0000,30.760467,22.5086,22.5086,1.0000,0,1,21,1849359,A168_HF9F_20260827_0900,2026-08-27 09:00:00,185
1226650|22|907,907,1226650,22,2026-05-03,1,-1,16,21,5,2035.5010,2035.5010,313.6621,1.6805,15.409579,96.9286,127.2188,1.3125,0,1,120,1849360,A168_HF9F_20260827_0900,2026-08-27 09:00:00,185
1226650|23|907,907,1226650,23,2026-05-03,1,-1,3,6,6,51.8873,51.8873,47.6861,0.0000,91.903149,8.6479,17.2958,2.0000,0,1,3,1849361,A168_HF9F_20260827_0900,2026-08-27 09:00:00,185
1226650|24|907,907,1226650,24,2026-05-03,1,-1,2,2,2,12.4789,12.4789,8.2777,0.0000,66.333278,6.2395,6.2395,1.0000,0,1,1,1849362,A168_HF9F_20260827_0900,2026-08-27 09:00:00,185
1226650|25|907,907,1226650,25,2026-05-03,1,-1,2,3,2,4.8314,4.8314,-2.5417,0.0000,-52.608696,1.6105,2.4157,1.5000,0,1,1,1849363,A168_HF9F_20260827_0900,2026-08-27 09:00:00,185
1226650|26|907,907,1226650,26,2026-05-03,1,-1,5,6,3,84.6013,84.6013,81.1560,0.0000,95.927597,14.1002,16.9203,1.2000,0,1,10,1849364,A168_HF9F_20260827_0900,2026-08-27 09:00:00,185
1226650|27|907,907,1226650,27,2026-05-03,1,-1,3,3,2,73.6510,73.6510,-71.5504,0.5472,-97.147874,24.5503,24.5503,1.0000,0,1,3,1849365,A168_HF9F_20260827_0900,2026-08-27 09:00:00,185
1226650|28|907,907,1226650,28,2026-05-03,1,-1,3,3,2,44.7302,44.7302,42.6821,0.1094,95.421205,14.9101,14.9101,1.0000,0,1,3,1849366,A168_HF9F_20260827_0900,2026-08-27 09:00:00,185
1226650|3|907,907,1226650,3,2026-05-03,1,-1,3,4,2,66.5272,66.5272,-59.1047,0.0706,-88.842810,16.6318,22.1757,1.3333,0,1,3,1849367,A168_HF9F_20260827_0900,2026-08-27 09:00:00,185
1226650|30|907,907,1226650,30,2026-05-03,1,-1,3,3,2,4453.4895,4453.4895,4327.4523,0.5041,97.169923,1484.4965,1484.4965,1.0000,0,1,3,1849368,A168_HF9F_20260827_0900,2026-08-27 09:00:00,185
1226650|32|907,907,1226650,32,2026-05-03,1,-1,8,9,3,5490.0896,5490.0896,-5343.1856,0.0000,-97.324197,610.0100,686.2612,1.1250,0,1,28,1849369,A168_HF9F_20260827_0900,2026-08-27 09:00:00,185
1226650|33|907,907,1226650,33,2026-05-03,1,-1,5,6,3,2264.3322,2264.3322,-1930.9093,0.0000,-85.275001,377.3887,452.8664,1.2000,0,1,10,1849370,A168_HF9F_20260827_0900,2026-08-27 09:00:00,185
1226650|34|907,907,1226650,34,2026-05-03,1,-1,15,28,10,4402.2143,82.8818,-440.6101,0.0000,-531.612445,157.2219,293.4810,1.8667,15,1,105,1849371,A168_HF9F_20260827_0900,2026-08-27 09:00:00,185
1226650|35|907,907,1226650,35,2026-05-03,1,-1,14,23,10,2939.6774,2913.7317,1181.3170,5.6717,40.543095,127.8121,209.9770,1.6429,1,1,91,1849372,A168_HF9F_20260827_0900,2026-08-27 09:00:00,185
1226650|36|907,907,1226650,36,2026-05-03,1,-1,16,20,6,1866.6341,1866.6341,1323.4139,5.6717,70.898408,93.3317,116.6646,1.2500,0,1,120,1849373,A168_HF9F_20260827_0900,2026-08-27 09:00:00,185
1226650|37|907,907,1226650,37,2026-05-03,1,-1,5,9,6,186.3220,186.3220,-66.9128,0.0000,-35.912475,20.7024,37.2644,1.8000,0,1,10,1849374,A168_HF9F_20260827_0900,2026-08-27 09:00:00,185
1226650|38|907,907,1226650,38,2026-05-03,1,-1,8,12,6,237.4610,237.4610,-206.1557,0.0000,-86.816629,19.7884,29.6826,1.5000,0,1,28,1849375,A168_HF9F_20260827_0900,2026-08-27 09:00:00,185
1226650|39|907,907,1226650,39,2026-05-03,1,-1,6,15,8,181.5626,181.5626,20.2358,0.0000,11.145368,12.1042,30.2604,2.5000,0,1,15,1849376,A168_HF9F_20260827_0900,2026-08-27 09:00:00,185
1226650|4|907,907,1226650,4,2026-05-03,1,-1,5,5,2,314.1398,314.1398,-196.0276,0.3170,-62.401392,62.8280,62.8280,1.0000,0,1,10,1849377,A168_HF9F_20260827_0900,2026-08-27 09:00:00,185
1226650|40|907,907,1226650,40,2026-05-03,1,-1,9,14,5,732.2829,732.2829,-432.2316,0.0000,-59.025231,52.3059,81.3648,1.5556,0,1,36,1849378,A168_HF9F_20260827_0900,2026-08-27 09:00:00,185
1226650|41|907,907,1226650,41,2026-05-03,1,-1,5,6,3,180.6213,180.6213,119.9083,0.0000,66.386578,30.1035,36.1243,1.2000,0,1,10,1849379,A168_HF9F_20260827_0900,2026-08-27 09:00:00,185
1226650|42|907,907,1226650,42,2026-05-03,1,-1,4,6,5,21.4286,21.4286,-42.8892,0.0000,-200.149522,3.5714,5.3571,1.5000,0,1,6,1849380,A168_HF9F_20260827_0900,2026-08-27 09:00:00,185
1226650|43|907,907,1226650,43,2026-05-03,1,-1,14,18,5,459.5518,454.3627,-313.4719,0.0000,-68.991554,25.5307,32.8251,1.2857,1,1,91,1849381,A168_HF9F_20260827_0900,2026-08-27 09:00:00,185
1226650|44|907,907,1226650,44,2026-05-03,1,-1,19,24,5,3520.8217,3515.6326,-2639.3000,0.0000,-75.073260,146.7009,185.3064,1.2632,1,1,171,1849382,A168_HF9F_20260827_0900,2026-08-27 09:00:00,185
1226650|45|907,907,1226650,45,2026-05-03,1,-1,23,33,6,6411.4556,172.6665,-1088.2956,0.0000,-630.287610,194.2865,278.7589,1.4348,26,1,253,1849383,A168_HF9F_20260827_0900,2026-08-27 09:00:00,185
1226650|46|907,907,1226650,46,2026-05-03,1,-1,19,25,5,962.9760,957.7869,143.2237,0.5382,14.953609,38.5190,50.6829,1.3158,1,1,171,1849384,A168_HF9F_20260827_0900,2026-08-27 09:00:00,185
1226650|47|907,907,1226650,47,2026-05-03,1,-1,4,7,4,126.5506,126.5506,126.5506,0.0000,100.000000,18.0787,31.6376,1.7500,0,1,6,1849385,A168_HF9F_20260827_0900,2026-08-27 09:00:00,185
1226650|49|907,907,1226650,49,2026-05-03,1,-1,3,7,5,40.2525,33.0469,-45.5668,0.0000,-137.885219,5.7504,13.4175,2.3333,1,1,3,1849386,A168_HF9F_20260827_0900,2026-08-27 09:00:00,185
1226650|5|907,907,1226650,5,2026-05-03,1,-1,11,15,7,683.1275,683.1275,555.9107,1.5491,81.377298,45.5418,62.1025,1.3636,0,1,55,1849387,A168_HF9F_20260827_0900,2026-08-27 09:00:00,185
1226650|50|907,907,1226650,50,2026-05-03,1,-1,4,4,1,35.0291,35.0291,35.0291,0.0874,100.000000,8.7573,8.7573,1.0000,0,1,6,1849388,A168_HF9F_20260827_0900,2026-08-27 09:00:00,185
1226650|51|907,907,1226650,51,2026-05-03,1,-1,5,5,2,313.3818,313.3818,-285.1700,0.0000,-90.997612,62.6764,62.6764,1.0000,0,1,10,1849389,A168_HF9F_20260827_0900,2026-08-27 09:00:00,185
1226650|52|907,907,1226650,52,2026-05-03,1,-1,2,5,4,256.8987,249.6930,249.8732,0.0000,100.072145,51.3797,128.4493,2.5000,1,1,1,1849390,A168_HF9F_20260827_0900,2026-08-27 09:00:00,185
1226650|53|907,907,1226650,53,2026-05-03,1,-1,6,8,4,500.6445,7.2056,-25.2198,0.0000,-350.000000,62.5806,83.4408,1.3333,6,1,15,1849391,A168_HF9F_20260827_0900,2026-08-27 09:00:00,185
1226650|6|907,907,1226650,6,2026-05-03,1,-1,1,1,1,259.4572,259.4572,259.4572,0.0000,100.000000,259.4572,259.4572,1.0000,0,0,0,1849392,A168_HF9F_20260827_0900,2026-08-27 09:00:00,185
1226650|7|907,907,1226650,7,2026-05-03,1,-1,11,12,3,1311.8269,1311.8269,1117.8316,0.2736,85.211822,109.3189,119.2570,1.0909,0,1,55,1849393,A168_HF9F_20260827_0900,2026-08-27 09:00:00,185
1226650|8|907,907,1226650,8,2026-05-03,1,-1,9,11,4,922.1143,922.1143,-770.7494,0.2736,-83.585020,83.8286,102.4571,1.2222,0,1,36,1849394,A168_HF9F_20260827_0900,2026-08-27 09:00:00,185
1226650|9|907,907,1226650,9,2026-05-03,1,-1,11,15,5,1572.3416,1561.9633,-1450.8819,0.1094,-92.888347,104.8228,142.9401,1.3636,1,1,55,1849395,A168_HF9F_20260827_0900,2026-08-27 09:00:00,185
1226684|10|907,907,1226684,10,2026-05-03,1,-1,3,4,2,546.1966,546.1966,546.1966,0.1680,100.000000,136.5491,182.0655,1.3333,0,1,3,1849396,A168_HF9F_20260827_0900,2026-08-27 09:00:00,185
1226684|12|907,907,1226684,12,2026-05-03,1,-1,3,4,3,156.5798,156.5798,-5.1891,0.0000,-3.314058,39.1449,52.1933,1.3333,0,1,3,1849397,A168_HF9F_20260827_0900,2026-08-27 09:00:00,185
1226684|13|907,907,1226684,13,2026-05-03,1,-1,3,3,2,265.9178,265.9178,197.5183,2.2376,74.277967,88.6393,88.6393,1.0000,0,1,3,1849398,A168_HF9F_20260827_0900,2026-08-27 09:00:00,185
1226684|14|907,907,1226684,14,2026-05-03,1,-1,6,7,3,1217.2753,2.1006,-16.8050,0.0000,-800.000000,173.8965,202.8792,1.1667,6,1,15,1849399,A168_HF9F_20260827_0900,2026-08-27 09:00:00,185
1226684|15|907,907,1226684,15,2026-05-03,1,-1,6,7,3,480.9781,8.4025,8.4025,0.0000,100.000000,68.7112,80.1630,1.1667,6,1,15,1849400,A168_HF9F_20260827_0900,2026-08-27 09:00:00,185
1226684|16|907,907,1226684,16,2026-05-03,1,-1,7,11,4,454.7428,280.1618,-72.4380,1.3735,-25.855768,41.3403,64.9633,1.5714,1,1,21,1849401,A168_HF9F_20260827_0900,2026-08-27 09:00:00,185
1226684|17|907,907,1226684,17,2026-05-03,1,-1,6,6,2,1231.5278,1231.5278,1200.1433,5.4993,97.451581,205.2546,205.2546,1.0000,0,1,15,1849402,A168_HF9F_20260827_0900,2026-08-27 09:00:00,185
1226684|18|907,907,1226684,18,2026-05-03,1,-1,7,9,3,955.8098,955.8098,-799.2954,5.4993,-83.624950,106.2011,136.5443,1.2857,0,1,21,1849403,A168_HF9F_20260827_0900,2026-08-27 09:00:00,185
1226684|19|907,907,1226684,19,2026-05-03,1,-1,8,11,5,2167.6747,2167.6747,888.2775,16.0536,40.978356,197.0613,270.9593,1.3750,0,1,28,1849404,A168_HF9F_20260827_0900,2026-08-27 09:00:00,185
1226684|2|907,907,1226684,2,2026-05-03,1,-1,2,2,1,88.9643,88.9643,88.9643,0.0000,100.000000,44.4822,44.4822,1.0000,0,1,1,1849405,A168_HF9F_20260827_0900,2026-08-27 09:00:00,185
1226684|20|907,907,1226684,20,2026-05-03,1,-1,5,7,3,261.0182,261.0182,240.5371,0.3928,92.153404,37.2883,52.2036,1.4000,0,1,10,1849406,A168_HF9F_20260827_0900,2026-08-27 09:00:00,185
1226684|21|907,907,1226684,21,2026-05-03,1,-1,6,7,3,428.7401,428.7401,166.6137,1.5712,38.861237,61.2486,71.4567,1.1667,0,1,15,1849407,A168_HF9F_20260827_0900,2026-08-27 09:00:00,185
1226684|22|907,907,1226684,22,2026-05-03,1,-1,7,9,3,320.6626,320.6626,-3.5605,0.0000,-1.110368,35.6292,45.8089,1.2857,0,1,21,1849408,A168_HF9F_20260827_0900,2026-08-27 09:00:00,185
1226684|23|907,907,1226684,23,2026-05-03,1,-1,5,5,2,997.8295,997.8295,-786.7729,7.8561,-78.848426,199.5659,199.5659,1.0000,0,1,10,1849409,A168_HF9F_20260827_0900,2026-08-27 09:00:00,185
1226684|24|907,907,1226684,24,2026-05-03,1,-1,4,5,2,257.2583,126.3226,116.2037,0.9427,91.989689,51.4517,64.3146,1.2500,1,1,6,1849410,A168_HF9F_20260827_0900,2026-08-27 09:00:00,185
1226684|25|907,907,1226684,25,2026-05-03,1,-1,5,7,2,678.7777,678.7777,-541.0723,4.9427,-79.712743,96.9682,135.7555,1.4000,0,1,10,1849411,A168_HF9F_20260827_0900,2026-08-27 09:00:00,185
1226684|26|907,907,1226684,26,2026-05-03,1,-1,8,10,3,604.7559,430.1749,199.1067,1.1217,46.285064,60.4756,75.5945,1.2500,1,1,28,1849412,A168_HF9F_20260827_0900,2026-08-27 09:00:00,185
1226684|27|907,907,1226684,27,2026-05-03,1,-1,8,10,3,1099.5715,924.9905,-98.9217,0.3928,-10.694347,109.9572,137.4464,1.2500,2,1,28,1849413,A168_HF9F_20260827_0900,2026-08-27 09:00:00,185
1226684|28|907,907,1226684,28,2026-05-03,1,-1,8,11,4,1168.7875,819.6255,-453.4376,1.5712,-55.322532,106.2534,146.0984,1.3750,1,1,28,1849414,A168_HF9F_20260827_0900,2026-08-27 09:00:00,185
1226684|29|907,907,1226684,29,2026-05-03,1,-1,5,9,5,1031.3207,996.4045,-566.1127,1.7284,-56.815548,114.5912,206.2641,1.8000,1,1,10,1849415,A168_HF9F_20260827_0900,2026-08-27 09:00:00,185
1226684|3|907,907,1226684,3,2026-05-03,1,-1,2,2,1,103.7829,103.7829,103.7829,0.0000,100.000000,51.8914,51.8914,1.0000,0,1,1,1849416,A168_HF9F_20260827_0900,2026-08-27 09:00:00,185
1226684|30|907,907,1226684,30,2026-05-03,1,-1,7,12,7,1776.9196,1776.9196,292.9810,7.4633,16.488143,148.0766,253.8457,1.7143,0,1,21,1849417,A168_HF9F_20260827_0900,2026-08-27 09:00:00,185
1226684|31|907,907,1226684,31,2026-05-03,1,-1,6,11,7,1213.4522,1003.3903,-87.1465,5.7178,-8.685200,110.3138,202.2420,1.8333,0,1,15,1849418,A168_HF9F_20260827_0900,2026-08-27 09:00:00,185
1226684|32|907,907,1226684,32,2026-05-03,1,-1,10,19,7,5535.3613,5186.1993,4263.4483,3.7538,82.207568,291.3348,553.5361,1.9000,2,1,45,1849419,A168_HF9F_20260827_0900,2026-08-27 09:00:00,185
1226684|33|907,907,1226684,33,2026-05-03,1,-1,10,15,6,2047.7157,1785.8442,67.6480,2.7497,3.788013,136.5144,204.7716,1.5000,0,1,45,1849420,A168_HF9F_20260827_0900,2026-08-27 09:00:00,185
1226684|34|907,907,1226684,34,2026-05-03,1,-1,12,16,6,1322.5376,1322.5376,-726.8391,0.0168,-54.957918,82.6586,110.2115,1.3333,0,1,66,1849421,A168_HF9F_20260827_0900,2026-08-27 09:00:00,185
1226684|35|907,907,1226684,35,2026-05-03,1,-1,9,12,5,822.8780,44.1130,44.1130,0.0000,100.000000,68.5732,91.4309,1.3333,9,1,36,1849422,A168_HF9F_20260827_0900,2026-08-27 09:00:00,185
1226684|36|907,907,1226684,36,2026-05-03,1,-1,9,14,7,1146.4261,38.6742,-23.5955,0.0000,-61.010834,81.8876,127.3807,1.5556,9,1,36,1849423,A168_HF9F_20260827_0900,2026-08-27 09:00:00,185
1226684|37|907,907,1226684,37,2026-05-03,1,-1,11,15,5,1577.4010,1577.4010,1298.7915,7.5622,82.337430,105.1601,143.4001,1.3636,0,1,55,1849424,A168_HF9F_20260827_0900,2026-08-27 09:00:00,185
1226684|38|907,907,1226684,38,2026-05-03,1,-1,6,8,4,444.5878,444.5878,-122.5795,0.0000,-27.571497,55.5735,74.0980,1.3333,0,1,15,1849425,A168_HF9F_20260827_0900,2026-08-27 09:00:00,185
1226684|39|907,907,1226684,39,2026-05-03,1,-1,4,4,2,329.4229,329.4229,27.6825,0.0000,8.403329,82.3557,82.3557,1.0000,0,1,6,1849426,A168_HF9F_20260827_0900,2026-08-27 09:00:00,185
1226684|40|907,907,1226684,40,2026-05-03,1,-1,7,11,5,1259.3132,1259.3132,737.8984,0.0000,58.595308,114.4830,179.9019,1.5714,0,1,21,1849427,A168_HF9F_20260827_0900,2026-08-27 09:00:00,185
1226684|41|907,907,1226684,41,2026-05-03,1,-1,5,11,6,474.4904,474.4904,-113.6831,0.0000,-23.958983,43.1355,94.8981,2.2000,0,1,10,1849428,A168_HF9F_20260827_0900,2026-08-27 09:00:00,185
1226684|42|907,907,1226684,42,2026-05-03,1,-1,7,8,3,531.1532,531.1532,-206.5881,0.0000,-38.894270,66.3941,75.8790,1.1429,0,1,21,1849429,A168_HF9F_20260827_0900,2026-08-27 09:00:00,185
1226684|43|907,907,1226684,43,2026-05-03,1,-1,7,9,4,441.9392,441.9392,-101.8406,0.7562,-23.044034,49.1044,63.1342,1.2857,0,1,21,1849430,A168_HF9F_20260827_0900,2026-08-27 09:00:00,185
1226684|44|907,907,1226684,44,2026-05-03,1,-1,6,8,3,550.6014,550.6014,193.4961,0.8402,35.142674,68.8252,91.7669,1.3333,0,1,15,1849431,A168_HF9F_20260827_0900,2026-08-27 09:00:00,185
1226684|45|907,907,1226684,45,2026-05-03,1,-1,5,11,7,453.0921,453.0921,-283.7387,0.0000,-62.622738,41.1902,90.6184,2.2000,0,1,10,1849432,A168_HF9F_20260827_0900,2026-08-27 09:00:00,185
1226684|46|907,907,1226684,46,2026-05-03,1,-1,6,10,6,547.4900,547.4900,-405.7712,0.7562,-74.114807,54.7490,91.2483,1.6667,0,1,15,1849433,A168_HF9F_20260827_0900,2026-08-27 09:00:00,185
1226684|47|907,907,1226684,47,2026-05-03,1,-1,6,10,5,457.0614,457.0614,185.3538,0.7562,40.553362,45.7061,76.1769,1.6667,0,1,15,1849434,A168_HF9F_20260827_0900,2026-08-27 09:00:00,185
1226684|48|907,907,1226684,48,2026-05-03,1,-1,6,12,7,330.5301,330.5301,183.7930,0.0000,55.605508,27.5442,55.0884,2.0000,0,1,15,1849435,A168_HF9F_20260827_0900,2026-08-27 09:00:00,185
1226684|49|907,907,1226684,49,2026-05-03,1,-1,5,10,6,124.5045,124.5045,-15.7546,0.0000,-12.653882,12.4504,24.9009,2.0000,0,1,10,1849436,A168_HF9F_20260827_0900,2026-08-27 09:00:00,185
1226684|5|907,907,1226684,5,2026-05-03,1,-1,3,9,7,196.1979,191.9966,-74.7821,0.5041,-38.949672,21.7998,65.3993,3.0000,1,1,3,1849437,A168_HF9F_20260827_0900,2026-08-27 09:00:00,185
1226684|50|907,907,1226684,50,2026-05-03,1,-1,13,19,8,966.9301,966.9301,-485.9300,0.0000,-50.254931,50.8911,74.3792,1.4615,0,1,78,1849438,A168_HF9F_20260827_0900,2026-08-27 09:00:00,185
1226684|6|907,907,1226684,6,2026-05-03,1,-1,3,9,7,237.7066,233.5054,163.1556,0.0000,69.872317,26.4118,79.2355,3.0000,1,1,3,1849439,A168_HF9F_20260827_0900,2026-08-27 09:00:00,185
1226684|7|907,907,1226684,7,2026-05-03,1,-1,3,9,7,137.5396,133.3384,-39.6507,0.0000,-29.736921,15.2822,45.8465,3.0000,1,1,3,1849440,A168_HF9F_20260827_0900,2026-08-27 09:00:00,185
1226684|8|907,907,1226684,8,2026-05-03,1,-1,2,2,1,118.7822,0.0000,0.0000,0.0000,,59.3911,59.3911,1.0000,2,1,1,1849441,A168_HF9F_20260827_0900,2026-08-27 09:00:00,185
1226684|9|907,907,1226684,9,2026-05-03,1,-1,2,2,1,26.7241,26.7241,26.7241,0.0000,100.000000,13.3620,13.3620,1.0000,0,1,1,1849442,A168_HF9F_20260827_0900,2026-08-27 09:00:00,185
1226721|10|907,907,1226721,10,2026-05-03,1,-1,4,4,2,173.2681,173.2681,-28.2823,0.0000,-16.322823,43.3170,43.3170,1.0000,0,1,6,1849443,A168_HF9F_20260827_0900,2026-08-27 09:00:00,185
1226721|11|907,907,1226721,11,2026-05-03,1,-1,3,3,2,701.1006,701.1006,-649.2092,0.0000,-92.598574,233.7002,233.7002,1.0000,0,1,3,1849444,A168_HF9F_20260827_0900,2026-08-27 09:00:00,185
1226721|12|907,907,1226721,12,2026-05-03,1,-1,1,1,1,31.1349,31.1349,-29.5781,0.0000,-95.000000,31.1349,31.1349,1.0000,0,0,0,1849445,A168_HF9F_20260827_0900,2026-08-27 09:00:00,185
1226721|13|907,907,1226721,13,2026-05-03,1,-1,4,8,6,389.7906,389.7906,-86.0003,0.0000,-22.063194,48.7238,97.4476,2.0000,0,1,6,1849446,A168_HF9F_20260827_0900,2026-08-27 09:00:00,185
1226721|14|907,907,1226721,14,2026-05-03,1,-1,8,13,7,426.5640,426.5640,227.4785,0.0000,53.328115,32.8126,53.3205,1.6250,0,1,28,1849447,A168_HF9F_20260827_0900,2026-08-27 09:00:00,185
1226721|15|907,907,1226721,15,2026-05-03,1,-1,3,8,7,255.9012,255.9012,-30.8334,0.0000,-12.048954,31.9876,85.3004,2.6667,0,1,3,1849448,A168_HF9F_20260827_0900,2026-08-27 09:00:00,185
1226721|16|907,907,1226721,16,2026-05-03,1,-1,3,7,6,279.0080,279.0080,-90.7011,0.0000,-32.508415,39.8583,93.0027,2.3333,0,1,3,1849449,A168_HF9F_20260827_0900,2026-08-27 09:00:00,185
1226721|17|907,907,1226721,17,2026-05-03,1,-1,21,36,8,4264.0374,4264.0374,-2317.6216,0.1512,-54.352750,118.4455,203.0494,1.7143,0,1,210,1849450,A168_HF9F_20260827_0900,2026-08-27 09:00:00,185
1226721|18|907,907,1226721,18,2026-05-03,1,-1,26,33,6,3804.4125,3804.4125,-2175.7728,0.0786,-57.190770,115.2852,146.3236,1.2692,0,1,325,1849451,A168_HF9F_20260827_0900,2026-08-27 09:00:00,185
1226721|19|907,907,1226721,19,2026-05-03,1,-1,28,38,7,5469.4124,128.7951,-486.1787,0.0000,-377.482265,143.9319,195.3362,1.3571,28,1,378,1849452,A168_HF9F_20260827_0900,2026-08-27 09:00:00,185
1226721|20|907,907,1226721,20,2026-05-03,1,-1,33,45,7,4613.4553,4613.4553,1321.7660,6.8005,28.650239,102.5212,139.8017,1.3636,0,1,528,1849453,A168_HF9F_20260827_0900,2026-08-27 09:00:00,185
1226721|21|907,907,1226721,21,2026-05-03,1,-1,14,22,8,671.6279,671.6279,447.0291,0.0000,66.559044,30.5285,47.9734,1.5714,0,1,91,1849454,A168_HF9F_20260827_0900,2026-08-27 09:00:00,185
1226721|22|907,907,1226721,22,2026-05-03,1,-1,12,13,3,254.3828,254.3828,3.1410,0.0000,1.234738,19.5679,21.1986,1.0833,0,1,66,1849455,A168_HF9F_20260827_0900,2026-08-27 09:00:00,185
1226721|23|907,907,1226721,23,2026-05-03,1,-1,8,8,2,277.1508,277.1508,-168.9796,0.0000,-60.970276,34.6439,34.6439,1.0000,0,1,28,1849456,A168_HF9F_20260827_0900,2026-08-27 09:00:00,185
1226721|24|907,907,1226721,24,2026-05-03,1,-1,10,14,6,2094.9747,31.4728,-15.2295,0.0000,-48.389621,149.6410,209.4975,1.4000,10,1,45,1849457,A168_HF9F_20260827_0900,2026-08-27 09:00:00,185
1226721|25|907,907,1226721,25,2026-05-03,1,-1,8,9,3,411.1705,411.1705,-18.4916,0.7836,-4.497316,45.6856,51.3963,1.1250,0,1,28,1849458,A168_HF9F_20260827_0900,2026-08-27 09:00:00,185
1226721|26|907,907,1226721,26,2026-05-03,1,-1,14,24,8,875.8531,875.8531,-392.3683,0.6891,-44.798409,36.4939,62.5609,1.7143,0,1,91,1849459,A168_HF9F_20260827_0900,2026-08-27 09:00:00,185
1226721|27|907,907,1226721,27,2026-05-03,1,-1,17,20,4,2099.2765,2096.1255,-2310.2027,0.0252,-110.212996,104.9638,123.4869,1.1765,0,1,136,1849460,A168_HF9F_20260827_0900,2026-08-27 09:00:00,185
1226721|28|907,907,1226721,28,2026-05-03,1,-1,15,24,8,1597.6438,1597.6438,-782.9530,0.0000,-49.006731,66.5685,106.5096,1.6000,0,1,105,1849461,A168_HF9F_20260827_0900,2026-08-27 09:00:00,185
1226721|29|907,907,1226721,29,2026-05-03,1,-1,23,36,8,3181.1261,3181.1261,2662.8290,0.0000,83.707117,88.3646,138.3098,1.5652,0,1,253,1849462,A168_HF9F_20260827_0900,2026-08-27 09:00:00,185
1226721|3|907,907,1226721,3,2026-05-03,1,-1,1,1,1,31.5093,31.5093,-31.5093,0.0000,-100.000000,31.5093,31.5093,1.0000,0,0,0,1849463,A168_HF9F_20260827_0900,2026-08-27 09:00:00,185
1226721|30|907,907,1226721,30,2026-05-03,1,-1,11,15,5,915.1258,915.1258,133.5061,0.0000,14.588828,61.0084,83.1933,1.3636,0,1,55,1849464,A168_HF9F_20260827_0900,2026-08-27 09:00:00,185
1226721|31|907,907,1226721,31,2026-05-03,1,-1,11,16,6,906.3428,47.5674,16.5597,0.0689,34.813045,56.6464,82.3948,1.4545,11,1,55,1849465,A168_HF9F_20260827_0900,2026-08-27 09:00:00,185
1226721|32|907,907,1226721,32,2026-05-03,1,-1,10,14,5,986.2661,986.2661,829.1047,0.3170,84.065009,70.4476,98.6266,1.4000,0,1,45,1849466,A168_HF9F_20260827_0900,2026-08-27 09:00:00,185
1226721|33|907,907,1226721,33,2026-05-03,1,-1,5,5,2,59.3616,59.3616,-18.4756,0.0000,-31.123821,11.8723,11.8723,1.0000,0,1,10,1849467,A168_HF9F_20260827_0900,2026-08-27 09:00:00,185
1226721|34|907,907,1226721,34,2026-05-03,1,-1,9,13,6,1476.3180,1476.3180,-1379.7580,0.0000,-93.459406,113.5629,164.0353,1.4444,0,1,36,1849468,A168_HF9F_20260827_0900,2026-08-27 09:00:00,185
1226721|35|907,907,1226721,35,2026-05-03,1,-1,12,17,6,6974.7677,6974.7677,-5480.4322,0.0000,-78.575121,410.2805,581.2306,1.4167,0,1,66,1849469,A168_HF9F_20260827_0900,2026-08-27 09:00:00,185
1226721|36|907,907,1226721,36,2026-05-03,1,-1,9,17,8,1320.5398,1320.5398,-1166.8094,0.0000,-88.358518,77.6788,146.7266,1.8889,0,1,36,1849470,A168_HF9F_20260827_0900,2026-08-27 09:00:00,185
1226721|37|907,907,1226721,37,2026-05-03,1,-1,6,6,2,284.0900,284.0900,247.7660,0.0000,87.213909,47.3483,47.3483,1.0000,0,1,15,1849471,A168_HF9F_20260827_0900,2026-08-27 09:00:00,185
1226721|38|907,907,1226721,38,2026-05-03,1,-1,6,6,2,330.6728,330.6728,280.6689,0.0000,84.878133,55.1121,55.1121,1.0000,0,1,15,1849472,A168_HF9F_20260827_0900,2026-08-27 09:00:00,185
1226721|39|907,907,1226721,39,2026-05-03,1,-1,2,2,1,19.8128,19.8128,19.8128,0.0000,100.000000,9.9064,9.9064,1.0000,0,1,1,1849473,A168_HF9F_20260827_0900,2026-08-27 09:00:00,185
1226721|4|907,907,1226721,4,2026-05-03,1,-1,3,3,2,77.4512,77.4512,-35.4388,0.0000,-45.756292,25.8171,25.8171,1.0000,0,1,3,1849474,A168_HF9F_20260827_0900,2026-08-27 09:00:00,185
1226721|40|907,907,1226721,40,2026-05-03,1,-1,5,9,5,544.8666,544.8666,-554.7256,0.0000,-101.809443,60.5407,108.9733,1.8000,0,1,10,1849475,A168_HF9F_20260827_0900,2026-08-27 09:00:00,185
1226721|41|907,907,1226721,41,2026-05-03,1,-1,10,15,7,736.4775,725.9744,402.8257,0.0000,55.487592,49.0985,73.6477,1.5000,0,1,45,1849476,A168_HF9F_20260827_0900,2026-08-27 09:00:00,185
1226721|42|907,907,1226721,42,2026-05-03,1,-1,11,13,4,1749.9314,1749.9314,-1222.0721,0.0000,-69.835428,134.6101,159.0847,1.1818,0,1,55,1849477,A168_HF9F_20260827_0900,2026-08-27 09:00:00,185
1226721|43|907,907,1226721,43,2026-05-03,1,-1,5,8,5,160.3604,6.3019,-12.6037,0.0000,-200.000000,20.0451,32.0721,1.6000,5,1,10,1849478,A168_HF9F_20260827_0900,2026-08-27 09:00:00,185
1226721|44|907,907,1226721,44,2026-05-03,1,-1,2,6,5,48.3143,48.3143,11.4484,0.0000,23.695652,8.0524,24.1571,3.0000,0,1,1,1849479,A168_HF9F_20260827_0900,2026-08-27 09:00:00,185
1226721|45|907,907,1226721,45,2026-05-03,1,-1,4,11,8,4559.3417,4559.3417,-363.6191,0.0000,-7.975255,414.4856,1139.8354,2.7500,0,1,6,1849480,A168_HF9F_20260827_0900,2026-08-27 09:00:00,185
1226721|46|907,907,1226721,46,2026-05-03,1,-1,3,4,3,686.4564,686.4564,56.6554,0.0000,8.253316,171.6141,228.8188,1.3333,0,1,3,1849481,A168_HF9F_20260827_0900,2026-08-27 09:00:00,185
1226721|47|907,907,1226721,47,2026-05-03,1,-1,4,5,3,389.5662,389.5662,-232.1749,0.0000,-59.598322,77.9132,97.3915,1.2500,0,1,6,1849482,A168_HF9F_20260827_0900,2026-08-27 09:00:00,185
1226721|48|907,907,1226721,48,2026-05-03,1,-1,10,11,3,971.4556,971.4556,-699.5441,0.0000,-72.009885,88.3141,97.1456,1.1000,0,1,45,1849483,A168_HF9F_20260827_0900,2026-08-27 09:00:00,185
1226721|49|907,907,1226721,49,2026-05-03,1,-1,9,13,6,754.4879,754.4879,463.8641,0.0000,61.480657,58.0375,83.8320,1.4444,0,1,36,1849484,A168_HF9F_20260827_0900,2026-08-27 09:00:00,185
1226721|5|907,907,1226721,5,2026-05-03,1,-1,5,5,1,348.6583,348.6583,348.6583,0.0000,100.000000,69.7317,69.7317,1.0000,0,1,10,1849485,A168_HF9F_20260827_0900,2026-08-27 09:00:00,185
1226721|50|907,907,1226721,50,2026-05-03,1,-1,5,6,3,95.7548,95.7548,-46.3956,0.0000,-48.452446,15.9591,19.1510,1.2000,0,1,10,1849486,A168_HF9F_20260827_0900,2026-08-27 09:00:00,185
1226721|51|907,907,1226721,51,2026-05-03,1,-1,5,5,2,105.8607,105.8607,-80.3300,0.0000,-75.882735,21.1721,21.1721,1.0000,0,1,10,1849487,A168_HF9F_20260827_0900,2026-08-27 09:00:00,185
1226721|6|907,907,1226721,6,2026-05-03,1,-1,3,3,2,103.7829,103.7829,53.1887,0.0000,51.250000,34.5943,34.5943,1.0000,0,1,3,1849488,A168_HF9F_20260827_0900,2026-08-27 09:00:00,185
1226721|7|907,907,1226721,7,2026-05-03,1,-1,2,4,4,129.7286,129.7286,89.2533,0.0000,68.800000,32.4322,64.8643,2.0000,0,1,1,1849489,A168_HF9F_20260827_0900,2026-08-27 09:00:00,185
1226721|8|907,907,1226721,8,2026-05-03,1,-1,3,3,2,178.3227,178.3227,-156.5283,0.0000,-87.778111,59.4409,59.4409,1.0000,0,1,3,1849490,A168_HF9F_20260827_0900,2026-08-27 09:00:00,185
1226721|9|907,907,1226721,9,2026-05-03,1,-1,2,2,1,136.5403,136.5403,136.5403,0.0000,100.000000,68.2701,68.2701,1.0000,0,1,1,1849491,A168_HF9F_20260827_0900,2026-08-27 09:00:00,185
1226749|1|907,907,1226749,1,2026-05-03,1,-1,2,2,2,663.0186,663.0186,536.9814,0.0000,80.990400,331.5093,331.5093,1.0000,0,1,1,1849492,A168_HF9F_20260827_0900,2026-08-27 09:00:00,185
1226749|10|907,907,1226749,10,2026-05-03,1,-1,3,3,2,122.5788,122.5788,-55.0067,0.0000,-44.874581,40.8596,40.8596,1.0000,0,1,3,1849493,A168_HF9F_20260827_0900,2026-08-27 09:00:00,185
1226749|11|907,907,1226749,11,2026-05-03,1,-1,3,3,1,135.1674,135.1674,-128.4090,0.0000,-95.000000,45.0558,45.0558,1.0000,0,1,3,1849494,A168_HF9F_20260827_0900,2026-08-27 09:00:00,185
1226749|12|907,907,1226749,12,2026-05-03,1,-1,4,4,2,145.5509,145.5509,3.8770,0.0000,2.663671,36.3877,36.3877,1.0000,0,1,6,1849495,A168_HF9F_20260827_0900,2026-08-27 09:00:00,185
1226749|13|907,907,1226749,13,2026-05-03,1,-1,3,3,2,53.7107,53.7107,-11.6983,0.0000,-21.780268,17.9036,17.9036,1.0000,0,1,3,1849496,A168_HF9F_20260827_0900,2026-08-27 09:00:00,185
1226749|14|907,907,1226749,14,2026-05-03,1,-1,1,1,1,25.9457,25.9457,-25.9457,0.0000,-100.000000,25.9457,25.9457,1.0000,0,0,0,1849497,A168_HF9F_20260827_0900,2026-08-27 09:00:00,185
1226749|15|907,907,1226749,15,2026-05-03,1,-1,1,1,1,31.9294,31.9294,-30.3329,0.0000,-95.000000,31.9294,31.9294,1.0000,0,0,0,1849498,A168_HF9F_20260827_0900,2026-08-27 09:00:00,185
1226749|16|907,907,1226749,16,2026-05-03,1,-1,3,3,2,76.2586,76.2586,-64.2533,0.0000,-84.257063,25.4195,25.4195,1.0000,0,1,3,1849499,A168_HF9F_20260827_0900,2026-08-27 09:00:00,185
1226749|17|907,907,1226749,17,2026-05-03,1,-1,4,5,2,353.4445,353.4445,-285.1782,0.0000,-80.685413,70.6889,88.3611,1.2500,0,1,6,1849500,A168_HF9F_20260827_0900,2026-08-27 09:00:00,185
1226749|18|907,907,1226749,18,2026-05-03,1,-1,8,8,2,287.4870,287.4870,-182.7808,0.0000,-63.578817,35.9359,35.9359,1.0000,0,1,28,1849501,A168_HF9F_20260827_0900,2026-08-27 09:00:00,185
1226749|19|907,907,1226749,19,2026-05-03,1,-1,11,13,5,773.4214,773.4214,745.4000,0.0000,96.376958,59.4940,70.3110,1.1818,0,1,55,1849502,A168_HF9F_20260827_0900,2026-08-27 09:00:00,185
1226749|2|907,907,1226749,2,2026-05-03,1,-1,2,2,2,52.5155,52.5155,-10.5031,0.1891,-20.000000,26.2577,26.2577,1.0000,0,1,1,1849503,A168_HF9F_20260827_0900,2026-08-27 09:00:00,185
1226749|20|907,907,1226749,20,2026-05-03,1,-1,7,9,5,1839.3429,10.5031,-27.3081,0.0000,-260.000000,204.3714,262.7633,1.2857,6,1,21,1849504,A168_HF9F_20260827_0900,2026-08-27 09:00:00,185
1226749|21|907,907,1226749,21,2026-05-03,1,-1,4,5,3,615.1014,615.1014,615.1014,0.0000,100.000000,123.0203,153.7753,1.2500,0,1,6,1849505,A168_HF9F_20260827_0900,2026-08-27 09:00:00,185
1226749|22|907,907,1226749,22,2026-05-03,1,-1,4,4,2,280.8205,280.8205,-78.7198,0.0000,-28.032089,70.2051,70.2051,1.0000,0,1,6,1849506,A168_HF9F_20260827_0900,2026-08-27 09:00:00,185
1226749|23|907,907,1226749,23,2026-05-03,1,-1,10,10,2,533.5135,533.5135,259.8159,0.0000,48.699034,53.3513,53.3513,1.0000,0,1,45,1849507,A168_HF9F_20260827_0900,2026-08-27 09:00:00,185
1226749|24|907,907,1226749,24,2026-05-03,1,-1,9,14,6,357.1851,357.1851,80.2007,0.0000,22.453540,25.5132,39.6872,1.5556,0,1,36,1849508,A168_HF9F_20260827_0900,2026-08-27 09:00:00,185
1226749|25|907,907,1226749,25,2026-05-03,1,-1,14,20,6,1692.4254,1692.4254,1272.3938,0.0000,75.181677,84.6213,120.8875,1.4286,0,1,91,1849509,A168_HF9F_20260827_0900,2026-08-27 09:00:00,185
1226749|26|907,907,1226749,26,2026-05-03,1,-1,5,11,4,269.7714,227.7590,217.6760,0.7562,95.572963,24.5247,53.9543,2.2000,1,1,10,1849510,A168_HF9F_20260827_0900,2026-08-27 09:00:00,185
1226749|27|907,907,1226749,27,2026-05-03,1,-1,3,6,5,160.5726,160.5726,63.9441,0.7562,39.822543,26.7621,53.5242,2.0000,0,1,3,1849511,A168_HF9F_20260827_0900,2026-08-27 09:00:00,185
1226749|28|907,907,1226749,28,2026-05-03,1,-1,4,6,4,291.4798,291.4798,117.9994,0.7562,40.482872,48.5800,72.8700,1.5000,0,1,6,1849512,A168_HF9F_20260827_0900,2026-08-27 09:00:00,185
1226749|29|907,907,1226749,29,2026-05-03,1,-1,4,6,4,2297.7543,2297.7543,-2042.4424,0.7562,-88.888634,382.9590,574.4386,1.5000,0,1,6,1849513,A168_HF9F_20260827_0900,2026-08-27 09:00:00,185
1226749|3|907,907,1226749,3,2026-05-03,1,-1,3,3,2,1052.5155,1052.5155,947.4845,0.0000,90.020956,350.8385,350.8385,1.0000,0,1,3,1849514,A168_HF9F_20260827_0900,2026-08-27 09:00:00,185
1226749|30|907,907,1226749,30,2026-05-03,1,-1,4,6,4,445.0310,445.0310,-357.3553,0.7562,-80.298963,74.1718,111.2577,1.5000,0,1,6,1849515,A168_HF9F_20260827_0900,2026-08-27 09:00:00,185
1226749|31|907,907,1226749,31,2026-05-03,1,-1,6,8,4,433.9851,433.9851,-334.3427,0.7562,-77.040138,54.2481,72.3309,1.3333,0,1,15,1849516,A168_HF9F_20260827_0900,2026-08-27 09:00:00,185
1226749|32|907,907,1226749,32,2026-05-03,1,-1,3,5,4,324.5899,324.5899,201.7036,0.7562,62.141068,64.9180,108.1966,1.6667,0,1,3,1849517,A168_HF9F_20260827_0900,2026-08-27 09:00:00,185
1226749|33|907,907,1226749,33,2026-05-03,1,-1,9,17,6,414.4248,414.4248,52.5949,0.7562,12.691069,24.3779,46.0472,1.8889,0,1,36,1849518,A168_HF9F_20260827_0900,2026-08-27 09:00:00,185
1226749|34|907,907,1226749,34,2026-05-03,1,-1,2,4,3,114.5279,114.5279,-47.3584,0.7562,-41.350947,28.6320,57.2639,2.0000,0,1,1,1849519,A168_HF9F_20260827_0900,2026-08-27 09:00:00,185
1226749|35|907,907,1226749,35,2026-05-03,1,-1,4,7,4,195.4589,195.4589,195.4589,0.7562,100.000000,27.9227,48.8647,1.7500,0,1,6,1849520,A168_HF9F_20260827_0900,2026-08-27 09:00:00,185
1226749|36|907,907,1226749,36,2026-05-03,1,-1,4,7,5,947.5156,947.5156,-732.1953,0.7730,-77.275275,135.3594,236.8789,1.7500,0,1,6,1849521,A168_HF9F_20260827_0900,2026-08-27 09:00:00,185
1226749|37|907,907,1226749,37,2026-05-03,1,-1,5,8,5,228.2955,228.2955,3.2244,0.7730,1.412400,28.5369,45.6591,1.6000,0,1,10,1849522,A168_HF9F_20260827_0900,2026-08-27 09:00:00,185
1226749|38|907,907,1226749,38,2026-05-03,1,-1,11,13,5,931.5108,931.5108,653.2945,0.7730,70.132790,71.6547,84.6828,1.1818,0,1,55,1849523,A168_HF9F_20260827_0900,2026-08-27 09:00:00,185
1226749|39|907,907,1226749,39,2026-05-03,1,-1,6,8,4,386.3339,386.3339,-73.7900,0.7730,-19.100069,48.2917,64.3890,1.3333,0,1,15,1849524,A168_HF9F_20260827_0900,2026-08-27 09:00:00,185
1226749|4|907,907,1226749,4,2026-05-03,1,-1,2,2,1,23.6008,23.6008,23.6008,0.0000,100.000000,11.8004,11.8004,1.0000,0,1,1,1849525,A168_HF9F_20260827_0900,2026-08-27 09:00:00,185
1226749|40|907,907,1226749,40,2026-05-03,1,-1,5,18,10,468.4040,468.4040,220.9783,0.8066,47.176861,26.0224,93.6808,3.6000,0,1,10,1849526,A168_HF9F_20260827_0900,2026-08-27 09:00:00,185
1226749|41|907,907,1226749,41,2026-05-03,1,-1,4,10,8,438.0742,438.0742,228.0686,0.7730,52.061648,43.8074,109.5186,2.5000,0,1,6,1849527,A168_HF9F_20260827_0900,2026-08-27 09:00:00,185
1226749|42|907,907,1226749,42,2026-05-03,1,-1,6,13,7,494.1810,494.1810,-331.1744,0.7730,-67.014795,38.0139,82.3635,2.1667,0,1,15,1849528,A168_HF9F_20260827_0900,2026-08-27 09:00:00,185
1226749|43|907,907,1226749,43,2026-05-03,1,-1,5,7,3,205.4561,205.4561,-410.9169,0.7730,-200.002330,29.3509,41.0912,1.4000,0,1,10,1849529,A168_HF9F_20260827_0900,2026-08-27 09:00:00,185
1226749|44|907,907,1226749,44,2026-05-03,1,-1,8,11,4,2243.8430,2243.8430,-964.9208,0.7730,-43.003043,203.9857,280.4804,1.3750,0,1,28,1849530,A168_HF9F_20260827_0900,2026-08-27 09:00:00,185
1226749|45|907,907,1226749,45,2026-05-03,1,-1,10,14,4,3448.4788,3448.4788,-1923.0996,0.7730,-55.766608,246.3199,344.8479,1.4000,0,1,45,1849531,A168_HF9F_20260827_0900,2026-08-27 09:00:00,185
1226749|46|907,907,1226749,46,2026-05-03,1,-1,18,22,4,7010.9165,7010.9165,6156.0316,0.7730,87.806374,318.6780,389.4954,1.2222,0,1,153,1849532,A168_HF9F_20260827_0900,2026-08-27 09:00:00,185
1226749|47|907,907,1226749,47,2026-05-03,1,-1,5,7,4,235.6005,235.6005,123.7091,0.7730,52.507984,33.6572,47.1201,1.4000,0,1,10,1849533,A168_HF9F_20260827_0900,2026-08-27 09:00:00,185
1226749|48|907,907,1226749,48,2026-05-03,1,-1,8,10,4,2598.2153,2598.2153,-1750.1738,1.7813,-67.360617,259.8215,324.7769,1.2500,0,1,28,1849534,A168_HF9F_20260827_0900,2026-08-27 09:00:00,185
1226749|49|907,907,1226749,49,2026-05-03,1,-1,4,6,4,221.1564,221.1564,-91.3085,0.7730,-41.286860,36.8594,55.2891,1.5000,0,1,6,1849535,A168_HF9F_20260827_0900,2026-08-27 09:00:00,185
1226749|5|907,907,1226749,5,2026-05-03,1,-1,3,3,2,2138.4308,2138.4308,-2104.8209,0.0000,-98.428291,712.8103,712.8103,1.0000,0,1,3,1849536,A168_HF9F_20260827_0900,2026-08-27 09:00:00,185
1226749|50|907,907,1226749,50,2026-05-03,1,-1,5,7,4,263.6796,263.6796,137.6424,0.7730,52.200633,37.6685,52.7359,1.4000,0,1,10,1849537,A168_HF9F_20260827_0900,2026-08-27 09:00:00,185
1226749|51|907,907,1226749,51,2026-05-03,1,-1,6,8,4,682.3058,682.3058,-489.0488,0.7730,-71.675896,85.2882,113.7176,1.3333,0,1,15,1849538,A168_HF9F_20260827_0900,2026-08-27 09:00:00,185
1226749|52|907,907,1226749,52,2026-05-03,1,-1,13,16,4,1950.0778,1950.0778,947.2369,2.9241,48.574312,121.8799,150.0060,1.2308,0,1,78,1849539,A168_HF9F_20260827_0900,2026-08-27 09:00:00,185
1226749|6|907,907,1226749,6,2026-05-03,1,-1,1,1,1,2100.6197,2100.6197,-2100.6197,0.0000,-100.000000,2100.6197,2100.6197,1.0000,0,0,0,1849540,A168_HF9F_20260827_0900,2026-08-27 09:00:00,185
1226749|7|907,907,1226749,7,2026-05-03,1,-1,1,1,1,2100.6197,2100.6197,2100.6197,0.0000,100.000000,2100.6197,2100.6197,1.0000,0,0,0,1849541,A168_HF9F_20260827_0900,2026-08-27 09:00:00,185
1226749|8|907,907,1226749,8,2026-05-03,1,-1,6,6,2,289.7637,289.7637,105.0091,0.0000,36.239584,48.2939,48.2939,1.0000,0,1,15,1849542,A168_HF9F_20260827_0900,2026-08-27 09:00:00,185
1226749|9|907,907,1226749,9,2026-05-03,1,-1,4,6,4,4390.5658,4390.5658,4272.9311,0.0168,97.320739,731.7610,1097.6415,1.5000,0,1,6,1849543,A168_HF9F_20260827_0900,2026-08-27 09:00:00,185
1226787|1|907,907,1226787,1,2026-05-03,1,-1,2,2,1,134.9178,134.9178,134.9178,0.0000,100.000000,67.4589,67.4589,1.0000,0,1,1,1849544,A168_HF9F_20260827_0900,2026-08-27 09:00:00,185
1226787|10|907,907,1226787,10,2026-05-03,1,-1,2,2,1,1110.0620,1110.0620,1110.0620,0.0000,100.000000,555.0310,555.0310,1.0000,0,1,1,1849545,A168_HF9F_20260827_0900,2026-08-27 09:00:00,185
1226787|11|907,907,1226787,11,2026-05-03,1,-1,3,3,1,48.0277,48.0277,-45.6263,0.0000,-95.000000,16.0092,16.0092,1.0000,0,1,3,1849546,A168_HF9F_20260827_0900,2026-08-27 09:00:00,185
1226787|12|907,907,1226787,12,2026-05-03,1,-1,7,8,3,234.1996,10.8136,10.8136,0.0000,100.000000,29.2750,33.4571,1.1429,7,1,21,1849547,A168_HF9F_20260827_0900,2026-08-27 09:00:00,185
1226787|13|907,907,1226787,13,2026-05-03,1,-1,3,5,4,90.9522,90.9522,38.8112,0.0945,42.672035,18.1904,30.3174,1.6667,0,1,3,1849548,A168_HF9F_20260827_0900,2026-08-27 09:00:00,185
1226787|14|907,907,1226787,14,2026-05-03,1,-1,6,8,4,784.3503,784.3503,-703.2019,0.0000,-89.654059,98.0438,130.7250,1.3333,0,1,15,1849549,A168_HF9F_20260827_0900,2026-08-27 09:00:00,185
1226787|15|907,907,1226787,15,2026-05-03,1,-1,6,8,4,484.1886,484.1886,-404.6031,0.0000,-83.563132,60.5236,80.6981,1.3333,0,1,15,1849550,A168_HF9F_20260827_0900,2026-08-27 09:00:00,185
1226787|16|907,907,1226787,16,2026-05-03,1,-1,8,10,4,1365.7616,1365.7616,-1274.6948,8.6418,-93.332161,136.5762,170.7202,1.2500,0,1,28,1849551,A168_HF9F_20260827_0900,2026-08-27 09:00:00,185
1226787|17|907,907,1226787,17,2026-05-03,1,-1,20,23,5,1139.7378,1139.7378,711.9399,1.5712,62.465231,49.5538,56.9869,1.1500,0,1,190,1849552,A168_HF9F_20260827_0900,2026-08-27 09:00:00,185
1226787|18|907,907,1226787,18,2026-05-03,1,-1,6,9,4,774.8605,774.8605,689.6627,3.9281,89.004757,86.0956,129.1434,1.5000,0,1,15,1849553,A168_HF9F_20260827_0900,2026-08-27 09:00:00,185
1226787|19|907,907,1226787,19,2026-05-03,1,-1,10,14,4,1638.6100,1638.6100,-1378.4738,10.6058,-84.124580,117.0436,163.8610,1.4000,0,1,45,1849554,A168_HF9F_20260827_0900,2026-08-27 09:00:00,185
1226787|2|907,907,1226787,2,2026-05-03,1,-1,3,3,2,144.9178,0.0000,0.0000,0.0000,,48.3059,48.3059,1.0000,3,1,3,1849555,A168_HF9F_20260827_0900,2026-08-27 09:00:00,185
1226787|20|907,907,1226787,20,2026-05-03,1,-1,7,11,5,2043.1821,2043.1821,-511.8296,0.0000,-25.050609,185.7438,291.8832,1.5714,0,1,21,1849556,A168_HF9F_20260827_0900,2026-08-27 09:00:00,185
1226787|21|907,907,1226787,21,2026-05-03,1,-1,13,14,3,2606.0230,2606.0230,1230.9590,0.7856,47.235154,186.1445,200.4633,1.0769,0,1,78,1849557,A168_HF9F_20260827_0900,2026-08-27 09:00:00,185
1226787|22|907,907,1226787,22,2026-05-03,1,-1,17,20,4,4353.7524,4353.7524,-2796.9377,4.9893,-64.242001,217.6876,256.1031,1.1765,0,1,136,1849558,A168_HF9F_20260827_0900,2026-08-27 09:00:00,185
1226787|23|907,907,1226787,23,2026-05-03,1,-1,17,22,4,2710.8755,2710.8755,2438.2275,1.1784,89.942437,123.2216,159.4633,1.2941,0,1,136,1849559,A168_HF9F_20260827_0900,2026-08-27 09:00:00,185
1226787|24|907,907,1226787,24,2026-05-03,1,-1,16,19,4,5761.0590,5761.0590,5340.3024,6.8362,92.696541,303.2136,360.0662,1.1875,0,1,120,1849560,A168_HF9F_20260827_0900,2026-08-27 09:00:00,185
1226787|25|907,907,1226787,25,2026-05-03,1,-1,12,15,4,5046.2829,5046.2829,-2589.7395,0.0000,-51.319746,336.4189,420.5236,1.2500,0,1,66,1849561,A168_HF9F_20260827_0900,2026-08-27 09:00:00,185
1226787|26|907,907,1226787,26,2026-05-03,1,-1,11,15,4,2555.3929,2206.2309,-619.8224,0.0000,-28.094176,170.3595,232.3084,1.3636,2,1,55,1849562,A168_HF9F_20260827_0900,2026-08-27 09:00:00,185
1226787|27|907,907,1226787,27,2026-05-03,1,-1,7,10,4,2302.4387,2302.4387,-697.9132,1.7603,-30.311914,230.2439,328.9198,1.4286,0,1,21,1849563,A168_HF9F_20260827_0900,2026-08-27 09:00:00,185
1226787|28|907,907,1226787,28,2026-05-03,1,-1,6,9,4,2592.7361,2592.7361,-136.2296,3.9281,-5.254279,288.0818,432.1227,1.5000,0,1,15,1849564,A168_HF9F_20260827_0900,2026-08-27 09:00:00,185
1226787|29|907,907,1226787,29,2026-05-03,1,-1,11,14,4,2496.0468,2496.0468,-618.6958,0.0672,-24.787028,178.2891,226.9133,1.2727,0,1,55,1849565,A168_HF9F_20260827_0900,2026-08-27 09:00:00,185
1226787|3|907,907,1226787,3,2026-05-03,1,-1,3,3,2,160.8635,160.8635,110.2693,0.0000,68.548387,53.6212,53.6212,1.0000,0,1,3,1849566,A168_HF9F_20260827_0900,2026-08-27 09:00:00,185
1226787|30|907,907,1226787,30,2026-05-03,1,-1,14,23,7,7567.1791,7567.1791,-3591.0270,2.2641,-47.455293,329.0078,540.5128,1.6429,0,1,91,1849567,A168_HF9F_20260827_0900,2026-08-27 09:00:00,185
1226787|31|907,907,1226787,31,2026-05-03,1,-1,11,19,7,10235.7769,10235.7769,7507.0290,1.1163,73.341077,538.7251,930.5252,1.7273,0,1,55,1849568,A168_HF9F_20260827_0900,2026-08-27 09:00:00,185
1226787|32|907,907,1226787,32,2026-05-03,1,-1,7,10,4,2424.1185,804.3243,-6317.8076,0.0000,-785.480104,242.4119,346.3026,1.4286,7,1,21,1849569,A168_HF9F_20260827_0900,2026-08-27 09:00:00,185
1226787|33|907,907,1226787,33,2026-05-03,1,-1,10,13,4,903.4913,903.4913,692.3564,0.0000,76.631222,69.4993,90.3491,1.3000,0,1,45,1849570,A168_HF9F_20260827_0900,2026-08-27 09:00:00,185
1226787|34|907,907,1226787,34,2026-05-03,1,-1,11,17,8,3210.3302,3210.3302,3169.5736,0.0000,98.730455,188.8430,291.8482,1.5455,0,1,55,1849571,A168_HF9F_20260827_0900,2026-08-27 09:00:00,185
1226787|35|907,907,1226787,35,2026-05-03,1,-1,9,12,4,1911.1120,1911.1120,1869.9772,0.0000,97.847595,159.2593,212.3458,1.3333,0,1,36,1849572,A168_HF9F_20260827_0900,2026-08-27 09:00:00,185
1226787|36|907,907,1226787,36,2026-05-03,1,-1,9,11,4,654.9247,654.9247,-216.1448,0.0000,-33.003002,59.5386,72.7694,1.2222,0,1,36,1849573,A168_HF9F_20260827_0900,2026-08-27 09:00:00,185
1226787|37|907,907,1226787,37,2026-05-03,1,-1,4,4,2,298.5859,298.5859,-214.6690,0.0000,-71.895207,74.6465,74.6465,1.0000,0,1,6,1849574,A168_HF9F_20260827_0900,2026-08-27 09:00:00,185
1226787|38|907,907,1226787,38,2026-05-03,1,-1,1,1,1,12.9729,0.0000,0.0000,0.0000,,12.9729,12.9729,1.0000,1,0,0,1849575,A168_HF9F_20260827_0900,2026-08-27 09:00:00,185
1226787|39|907,907,1226787,39,2026-05-03,1,-1,4,4,2,123.3702,123.3702,123.3702,0.0000,100.000000,30.8425,30.8425,1.0000,0,1,6,1849576,A168_HF9F_20260827_0900,2026-08-27 09:00:00,185
1226787|4|907,907,1226787,4,2026-05-03,1,-1,4,8,7,157.7635,157.7635,-13.2392,0.0000,-8.391829,19.7204,39.4409,2.0000,0,1,6,1849577,A168_HF9F_20260827_0900,2026-08-27 09:00:00,185
1226787|40|907,907,1226787,40,2026-05-03,1,-1,5,5,2,147.1868,147.1868,-31.2411,0.5041,-21.225458,29.4374,29.4374,1.0000,0,1,10,1849578,A168_HF9F_20260827_0900,2026-08-27 09:00:00,185
1226787|41|907,907,1226787,41,2026-05-03,1,-1,4,4,2,279.3711,279.3711,94.4118,0.0000,33.794404,69.8428,69.8428,1.0000,0,1,6,1849579,A168_HF9F_20260827_0900,2026-08-27 09:00:00,185
1226787|42|907,907,1226787,42,2026-05-03,1,-1,10,14,6,946.2021,946.2021,1.5256,0.0000,0.161235,67.5859,94.6202,1.4000,0,1,45,1849580,A168_HF9F_20260827_0900,2026-08-27 09:00:00,185
1226787|43|907,907,1226787,43,2026-05-03,1,-1,6,9,4,550.0560,30.5671,-223.7405,0.0000,-731.965593,61.1173,91.6760,1.5000,6,1,15,1849581,A168_HF9F_20260827_0900,2026-08-27 09:00:00,185
1226787|44|907,907,1226787,44,2026-05-03,1,-1,5,7,4,1170.5982,1170.5982,930.8285,0.0000,79.517337,167.2283,234.1196,1.4000,0,1,10,1849582,A168_HF9F_20260827_0900,2026-08-27 09:00:00,185
1226787|45|907,907,1226787,45,2026-05-03,1,-1,10,12,4,1039.9224,1039.9224,88.7713,0.0000,8.536335,86.6602,103.9922,1.2000,0,1,45,1849583,A168_HF9F_20260827_0900,2026-08-27 09:00:00,185
1226787|46|907,907,1226787,46,2026-05-03,1,-1,8,11,5,377.7692,377.7692,-6.5194,0.0840,-1.725752,34.3427,47.2212,1.3750,0,1,28,1849584,A168_HF9F_20260827_0900,2026-08-27 09:00:00,185
1226787|47|907,907,1226787,47,2026-05-03,1,-1,4,5,3,482.1936,482.1936,160.4436,0.1008,33.273685,96.4387,120.5484,1.2500,0,1,6,1849585,A168_HF9F_20260827_0900,2026-08-27 09:00:00,185
1226787|48|907,907,1226787,48,2026-05-03,1,-1,2,2,1,120.0000,0.0000,0.0000,0.0000,,60.0000,60.0000,1.0000,2,1,1,1849586,A168_HF9F_20260827_0900,2026-08-27 09:00:00,185
1226787|49|907,907,1226787,49,2026-05-03,1,-1,4,4,2,205.2074,205.2074,-186.7546,0.0000,-91.007739,51.3019,51.3019,1.0000,0,1,6,1849587,A168_HF9F_20260827_0900,2026-08-27 09:00:00,185
1226787|5|907,907,1226787,5,2026-05-03,1,-1,3,7,7,134.4916,134.4916,47.1531,0.0000,35.060242,19.2131,44.8305,2.3333,0,1,3,1849588,A168_HF9F_20260827_0900,2026-08-27 09:00:00,185
1226787|50|907,907,1226787,50,2026-05-03,1,-1,9,11,4,598.5391,598.5391,282.4583,0.5882,47.191279,54.4126,66.5043,1.2222,0,1,36,1849589,A168_HF9F_20260827_0900,2026-08-27 09:00:00,185
1226787|51|907,907,1226787,51,2026-05-03,1,-1,8,10,4,508.9183,508.9183,414.5152,0.0672,81.450248,50.8918,63.6148,1.2500,0,1,28,1849590,A168_HF9F_20260827_0900,2026-08-27 09:00:00,185
1226787|6|907,907,1226787,6,2026-05-03,1,-1,2,6,6,136.5403,136.5403,136.5403,0.0000,100.000000,22.7567,68.2701,3.0000,0,1,1,1849591,A168_HF9F_20260827_0900,2026-08-27 09:00:00,185
1226787|7|907,907,1226787,7,2026-05-03,1,-1,4,9,7,92.0345,92.0345,-21.8192,0.0000,-23.707652,10.2261,23.0086,2.2500,0,1,6,1849592,A168_HF9F_20260827_0900,2026-08-27 09:00:00,185
1226787|8|907,907,1226787,8,2026-05-03,1,-1,7,14,8,232.9633,232.9633,204.2898,0.0000,87.691855,16.6402,33.2805,2.0000,0,1,21,1849593,A168_HF9F_20260827_0900,2026-08-27 09:00:00,185
1226787|9|907,907,1226787,9,2026-05-03,1,-1,4,7,6,42.5178,42.5178,26.1329,0.0000,61.463563,6.0740,10.6294,1.7500,0,1,6,1849594,A168_HF9F_20260827_0900,2026-08-27 09:00:00,185
1226820|1|907,907,1226820,1,2026-05-03,1,-1,1,1,1,84.0248,84.0248,-79.8235,0.6722,-95.000000,84.0248,84.0248,1.0000,0,0,0,1849595,A168_HF9F_20260827_0900,2026-08-27 09:00:00,185
1226820|10|907,907,1226820,10,2026-05-03,1,-1,4,4,2,1081.9242,1081.9242,-1019.6355,0.1176,-94.242792,270.4810,270.4810,1.0000,0,1,6,1849596,A168_HF9F_20260827_0900,2026-08-27 09:00:00,185
1226820|11|907,907,1226820,11,2026-05-03,1,-1,12,19,7,1369.3987,1369.3987,-858.1151,0.1277,-62.663637,72.0736,114.1166,1.5833,0,1,66,1849597,A168_HF9F_20260827_0900,2026-08-27 09:00:00,185
1226820|12|907,907,1226820,12,2026-05-03,1,-1,10,10,2,1283.2943,1283.2943,-1168.4583,1.5948,-91.051467,128.3294,128.3294,1.0000,0,1,45,1849598,A168_HF9F_20260827_0900,2026-08-27 09:00:00,185
1226820|13|907,907,1226820,13,2026-05-03,1,-1,14,18,6,1442.9519,1442.9519,1426.1470,1.3948,98.835376,80.1640,103.0680,1.2857,0,1,91,1849599,A168_HF9F_20260827_0900,2026-08-27 09:00:00,185
1226820|14|907,907,1226820,14,2026-05-03,1,-1,5,6,3,1089.9028,1089.9028,1064.6954,0.1176,97.687185,181.6505,217.9806,1.2000,0,1,10,1849600,A168_HF9F_20260827_0900,2026-08-27 09:00:00,185
1226820|15|907,907,1226820,15,2026-05-03,1,-1,7,8,3,190.5387,190.5387,-77.5918,0.8234,-40.722312,23.8173,27.2198,1.1429,0,1,21,1849601,A168_HF9F_20260827_0900,2026-08-27 09:00:00,185
1226820|16|907,907,1226820,16,2026-05-03,1,-1,4,5,3,56.4047,56.4047,-39.5997,0.1176,-70.206463,11.2809,14.1012,1.2500,0,1,6,1849602,A168_HF9F_20260827_0900,2026-08-27 09:00:00,185
1226820|17|907,907,1226820,17,2026-05-03,1,-1,8,9,3,464.4961,464.4961,-351.6867,0.1765,-75.713593,51.6107,58.0620,1.1250,0,1,28,1849603,A168_HF9F_20260827_0900,2026-08-27 09:00:00,185
1226820|18|907,907,1226820,18,2026-05-03,1,-1,22,23,3,1052.4725,1052.4725,-253.9341,0.1008,-24.127382,45.7597,47.8397,1.0455,0,1,231,1849604,A168_HF9F_20260827_0900,2026-08-27 09:00:00,185
1226820|19|907,907,1226820,19,2026-05-03,1,-1,7,8,3,600.7971,600.7971,-561.6016,0.1008,-93.476087,75.0996,85.8282,1.1429,0,1,21,1849605,A168_HF9F_20260827_0900,2026-08-27 09:00:00,185
1226820|2|907,907,1226820,2,2026-05-03,1,-1,2,2,2,286.9635,286.9635,286.9635,0.0000,100.000000,143.4817,143.4817,1.0000,0,1,1,1849606,A168_HF9F_20260827_0900,2026-08-27 09:00:00,185
1226820|20|907,907,1226820,20,2026-05-03,1,-1,11,13,4,308.5334,308.5334,298.1552,0.1680,96.636252,23.7333,28.0485,1.1818,0,1,55,1849607,A168_HF9F_20260827_0900,2026-08-27 09:00:00,185
1226820|21|907,907,1226820,21,2026-05-03,1,-1,7,7,2,419.8157,419.8157,-335.5747,0.1294,-79.933819,59.9737,59.9737,1.0000,0,1,21,1849608,A168_HF9F_20260827_0900,2026-08-27 09:00:00,185
1226820|22|907,907,1226820,22,2026-05-03,1,-1,5,5,2,553.4657,553.4657,-334.6881,0.0000,-60.471332,110.6931,110.6931,1.0000,0,1,10,1849609,A168_HF9F_20260827_0900,2026-08-27 09:00:00,185
1226820|23|907,907,1226820,23,2026-05-03,1,-1,3,4,3,151.1349,151.1349,-94.4593,0.0000,-62.500000,37.7837,50.3783,1.3333,0,1,3,1849610,A168_HF9F_20260827_0900,2026-08-27 09:00:00,185
1226820|24|907,907,1226820,24,2026-05-03,1,-1,13,15,4,952.9697,952.9697,336.1364,0.0000,35.272514,63.5313,73.3054,1.1538,0,1,78,1849611,A168_HF9F_20260827_0900,2026-08-27 09:00:00,185
1226820|25|907,907,1226820,25,2026-05-03,1,-1,11,12,3,1239.4275,1239.4275,185.5635,0.5882,14.971708,103.2856,112.6752,1.0909,0,1,55,1849612,A168_HF9F_20260827_0900,2026-08-27 09:00:00,185
1226820|26|907,907,1226820,26,2026-05-03,1,-1,5,6,3,801.3315,801.3315,-671.0049,0.1891,-83.736239,133.5553,160.2663,1.2000,0,1,10,1849613,A168_HF9F_20260827_0900,2026-08-27 09:00:00,185
1226820|27|907,907,1226820,27,2026-05-03,1,-1,4,5,3,381.9449,381.9449,-160.3248,0.0000,-41.975909,76.3890,95.4862,1.2500,0,1,6,1849614,A168_HF9F_20260827_0900,2026-08-27 09:00:00,185
1226820|28|907,907,1226820,28,2026-05-03,1,-1,2,3,2,192.9729,192.9729,-144.3242,0.0000,-74.789904,64.3243,96.4864,1.5000,0,1,1,1849615,A168_HF9F_20260827_0900,2026-08-27 09:00:00,185
1226820|29|907,907,1226820,29,2026-05-03,1,-1,3,4,2,543.0806,543.0806,-483.0806,0.0000,-88.951915,135.7701,181.0269,1.3333,0,1,3,1849616,A168_HF9F_20260827_0900,2026-08-27 09:00:00,185
1226820|3|907,907,1226820,3,2026-05-03,1,-1,2,2,2,21.1408,21.1408,0.6598,0.0000,3.120984,10.5704,10.5704,1.0000,0,1,1,1849617,A168_HF9F_20260827_0900,2026-08-27 09:00:00,185
1226820|30|907,907,1226820,30,2026-05-03,1,-1,3,3,2,461.5713,461.5713,-398.5527,0.0000,-86.346942,153.8571,153.8571,1.0000,0,1,3,1849618,A168_HF9F_20260827_0900,2026-08-27 09:00:00,185
1226820|31|907,907,1226820,31,2026-05-03,1,-1,4,5,3,244.0947,244.0947,207.2288,0.0000,84.896898,48.8189,61.0237,1.2500,0,1,6,1849619,A168_HF9F_20260827_0900,2026-08-27 09:00:00,185
1226820|32|907,907,1226820,32,2026-05-03,1,-1,2,6,4,523.0780,523.0780,523.0780,0.0000,100.000000,87.1797,261.5390,3.0000,0,1,1,1849620,A168_HF9F_20260827_0900,2026-08-27 09:00:00,185
1226820|33|907,907,1226820,33,2026-05-03,1,-1,5,8,4,944.2942,67.3598,-415.7592,0.0000,-617.221771,118.0368,188.8588,1.6000,5,1,10,1849621,A168_HF9F_20260827_0900,2026-08-27 09:00:00,185
1226820|34|907,907,1226820,34,2026-05-03,1,-1,6,10,5,1547.6070,1547.6070,787.3470,0.0000,50.875129,154.7607,257.9345,1.6667,0,1,15,1849622,A168_HF9F_20260827_0900,2026-08-27 09:00:00,185
1226820|35|907,907,1226820,35,2026-05-03,1,-1,4,6,3,581.3237,581.3237,-454.7575,0.7562,-78.227933,96.8873,145.3309,1.5000,0,1,6,1849623,A168_HF9F_20260827_0900,2026-08-27 09:00:00,185
1226820|36|907,907,1226820,36,2026-05-03,1,-1,8,9,3,282.5890,282.5890,-157.6899,0.0672,-55.801844,31.3988,35.3236,1.1250,0,1,28,1849624,A168_HF9F_20260827_0900,2026-08-27 09:00:00,185
1226820|37|907,907,1226820,37,2026-05-03,1,-1,30,35,6,4879.1395,4879.1395,-2983.5805,2.8909,-61.149727,139.4040,162.6380,1.1667,0,1,435,1849625,A168_HF9F_20260827_0900,2026-08-27 09:00:00,185
1226820|38|907,907,1226820,38,2026-05-03,1,-1,23,30,6,5357.6379,5357.6379,3648.4358,3.0417,68.097842,178.5879,232.9408,1.3043,0,1,253,1849626,A168_HF9F_20260827_0900,2026-08-27 09:00:00,185
1226820|39|907,907,1226820,39,2026-05-03,1,-1,8,13,6,710.4830,92.5155,-362.0124,0.2521,-391.299214,54.6525,88.8104,1.6250,8,1,28,1849627,A168_HF9F_20260827_0900,2026-08-27 09:00:00,185
1226820|40|907,907,1226820,40,2026-05-03,1,-1,9,14,5,1186.6510,1186.6510,901.8278,1.1259,75.997732,84.7608,131.8501,1.5556,0,1,36,1849628,A168_HF9F_20260827_0900,2026-08-27 09:00:00,185
1226820|41|907,907,1226820,41,2026-05-03,1,-1,8,13,6,1047.6883,1047.6883,-721.2474,1.1427,-68.841796,80.5914,130.9610,1.6250,0,1,28,1849629,A168_HF9F_20260827_0900,2026-08-27 09:00:00,185
1226820|42|907,907,1226820,42,2026-05-03,1,-1,8,12,6,765.0012,765.0012,58.0133,1.1427,7.583430,63.7501,95.6251,1.5000,0,1,28,1849630,A168_HF9F_20260827_0900,2026-08-27 09:00:00,185
1226820|43|907,907,1226820,43,2026-05-03,1,-1,18,27,9,2881.7115,2881.7115,-1265.3645,1.2100,-43.910173,106.7301,160.0951,1.5000,0,1,153,1849631,A168_HF9F_20260827_0900,2026-08-27 09:00:00,185
1226820|44|907,907,1226820,44,2026-05-03,1,-1,21,39,8,4060.7213,4060.7213,-2768.6033,1.2100,-68.180085,104.1211,193.3677,1.8571,0,1,210,1849632,A168_HF9F_20260827_0900,2026-08-27 09:00:00,185
1226820|45|907,907,1226820,45,2026-05-03,1,-1,24,38,8,3153.4209,3153.4209,-1293.7608,0.1094,-41.027217,82.9848,131.3925,1.5833,0,1,276,1849633,A168_HF9F_20260827_0900,2026-08-27 09:00:00,185
1226820|46|907,907,1226820,46,2026-05-03,1,-1,28,47,8,3543.4902,3543.4902,-1211.1529,0.1891,-34.179659,75.3934,126.5532,1.6786,0,1,378,1849634,A168_HF9F_20260827_0900,2026-08-27 09:00:00,185
1226820|47|907,907,1226820,47,2026-05-03,1,-1,32,47,6,3539.0805,3539.0805,-992.2894,0.0672,-28.038058,75.2996,110.5963,1.4688,0,1,496,1849635,A168_HF9F_20260827_0900,2026-08-27 09:00:00,185
1226820|48|907,907,1226820,48,2026-05-03,1,-1,38,57,8,4649.7694,148.7238,-700.4923,0.0000,-471.002016,81.5749,122.3624,1.5000,37,1,703,1849636,A168_HF9F_20260827_0900,2026-08-27 09:00:00,185
1226820|49|907,907,1226820,49,2026-05-03,1,-1,38,62,9,3649.4429,3649.4429,1708.0492,0.0000,46.803013,58.8620,96.0380,1.6316,0,1,703,1849637,A168_HF9F_20260827_0900,2026-08-27 09:00:00,185
1226820|5|907,907,1226820,5,2026-05-03,1,-1,4,4,2,1061.6578,1061.6578,1037.2689,0.0000,97.702746,265.4145,265.4145,1.0000,0,1,6,1849638,A168_HF9F_20260827_0900,2026-08-27 09:00:00,185
1226820|50|907,907,1226820,50,2026-05-03,1,-1,12,20,7,1166.6911,1166.6911,1091.4485,0.0000,93.550773,58.3346,97.2243,1.6667,0,1,66,1849639,A168_HF9F_20260827_0900,2026-08-27 09:00:00,185
1226820|51|907,907,1226820,51,2026-05-03,1,-1,10,17,7,864.5142,864.5142,712.7317,0.0000,82.443032,50.8538,86.4514,1.7000,0,1,45,1849640,A168_HF9F_20260827_0900,2026-08-27 09:00:00,185
1226820|52|907,907,1226820,52,2026-05-03,1,-1,10,15,7,579.6242,579.6242,-612.7349,0.0000,-105.712438,38.6416,57.9624,1.5000,0,1,45,1849641,A168_HF9F_20260827_0900,2026-08-27 09:00:00,185
1226820|53|907,907,1226820,53,2026-05-03,1,-1,11,17,7,2142.6466,2142.6466,859.6725,1.9326,40.121994,126.0380,194.7861,1.5455,0,1,55,1849642,A168_HF9F_20260827_0900,2026-08-27 09:00:00,185
1226820|54|907,907,1226820,54,2026-05-03,1,-1,9,15,7,1090.5710,1090.5710,-950.7215,1.6805,-87.176483,72.7047,121.1746,1.6667,0,1,36,1849643,A168_HF9F_20260827_0900,2026-08-27 09:00:00,185
1226820|55|907,907,1226820,55,2026-05-03,1,-1,7,13,7,561.7180,561.7180,-9.1407,0.0000,-1.627284,43.2091,80.2454,1.8571,0,1,21,1849644,A168_HF9F_20260827_0900,2026-08-27 09:00:00,185
1226820|56|907,907,1226820,56,2026-05-03,1,-1,22,24,4,4513.9058,4513.9058,4083.7276,11.0477,90.469932,188.0794,205.1775,1.0909,0,1,231,1849645,A168_HF9F_20260827_0900,2026-08-27 09:00:00,185
1226820|6|907,907,1226820,6,2026-05-03,1,-1,1,1,1,1000.0000,1000.0000,-950.0000,0.0000,-95.000000,1000.0000,1000.0000,1.0000,0,0,0,1849646,A168_HF9F_20260827_0900,2026-08-27 09:00:00,185
1226820|7|907,907,1226820,7,2026-05-03,1,-1,2,2,2,1010.0000,1010.0000,990.0000,0.0000,98.019802,505.0000,505.0000,1.0000,0,1,1,1849647,A168_HF9F_20260827_0900,2026-08-27 09:00:00,185
1226820|8|907,907,1226820,8,2026-05-03,1,-1,5,8,5,1205.1716,7.3522,-17.2251,0.0588,-234.285714,150.6464,241.0343,1.6000,5,1,10,1849648,A168_HF9F_20260827_0900,2026-08-27 09:00:00,185
1226820|9|907,907,1226820,9,2026-05-03,1,-1,5,10,6,1305.7382,1288.5117,-977.6988,0.0000,-75.878145,130.5738,261.1476,2.0000,1,1,10,1849649,A168_HF9F_20260827_0900,2026-08-27 09:00:00,185
1226858|10|907,907,1226858,10,2026-05-03,1,-1,12,16,6,4126.2837,4126.2837,-106.5392,0.0000,-2.581965,257.8927,343.8570,1.3333,0,1,66,1849650,A168_HF9F_20260827_0900,2026-08-27 09:00:00,185
1226858|11|907,907,1226858,11,2026-05-03,1,-1,9,15,7,2957.9948,2957.9948,1882.5832,0.0000,63.643900,197.1997,328.6661,1.6667,0,1,36,1849651,A168_HF9F_20260827_0900,2026-08-27 09:00:00,185
1226858|12|907,907,1226858,12,2026-05-03,1,-1,4,4,2,123.8550,123.8550,-69.4020,0.0000,-56.034845,30.9638,30.9638,1.0000,0,1,6,1849652,A168_HF9F_20260827_0900,2026-08-27 09:00:00,185
1226858|13|907,907,1226858,13,2026-05-03,1,-1,6,9,5,181.1797,181.1797,69.5556,0.2185,38.390374,20.1311,30.1966,1.5000,0,1,15,1849653,A168_HF9F_20260827_0900,2026-08-27 09:00:00,185
1226858|14|907,907,1226858,14,2026-05-03,1,-1,4,5,3,187.9377,187.9377,12.9632,0.0000,6.897628,37.5875,46.9844,1.2500,0,1,6,1849654,A168_HF9F_20260827_0900,2026-08-27 09:00:00,185
1226858|15|907,907,1226858,15,2026-05-03,1,-1,5,6,3,475.5728,475.5728,-385.2215,0.0000,-81.001591,79.2621,95.1146,1.2000,0,1,10,1849655,A168_HF9F_20260827_0900,2026-08-27 09:00:00,185
1226858|16|907,907,1226858,16,2026-05-03,1,-1,9,11,4,2181.3156,2181.3156,-1263.2993,0.0000,-57.914557,198.3014,242.3684,1.2222,0,1,36,1849656,A168_HF9F_20260827_0900,2026-08-27 09:00:00,185
1226858|17|907,907,1226858,17,2026-05-03,1,-1,6,9,5,1911.0243,1911.0243,1072.4371,0.0000,56.118443,212.3360,318.5040,1.5000,0,1,15,1849657,A168_HF9F_20260827_0900,2026-08-27 09:00:00,185
1226858|18|907,907,1226858,18,2026-05-03,1,-1,11,12,2,2391.2547,2391.2547,-2211.0128,0.0000,-92.462454,199.2712,217.3868,1.0909,0,1,55,1849658,A168_HF9F_20260827_0900,2026-08-27 09:00:00,185
1226858|19|907,907,1226858,19,2026-05-03,1,-1,14,16,4,2544.8686,2544.8686,2129.7371,0.0000,83.687506,159.0543,181.7763,1.1429,0,1,91,1849659,A168_HF9F_20260827_0900,2026-08-27 09:00:00,185
1226858|2|907,907,1226858,2,2026-05-03,1,-1,1,1,1,516.7959,0.0000,0.0000,0.0000,,516.7959,516.7959,1.0000,1,0,0,1849660,A168_HF9F_20260827_0900,2026-08-27 09:00:00,185
1226858|20|907,907,1226858,20,2026-05-03,1,-1,5,6,3,136.4112,136.4112,11.8221,0.0000,8.666506,22.7352,27.2822,1.2000,0,1,10,1849661,A168_HF9F_20260827_0900,2026-08-27 09:00:00,185
1226858|21|907,907,1226858,21,2026-05-03,1,-1,5,6,3,869.9683,869.9683,-632.7112,0.0000,-72.728070,144.9947,173.9937,1.2000,0,1,10,1849662,A168_HF9F_20260827_0900,2026-08-27 09:00:00,185
1226858|22|907,907,1226858,22,2026-05-03,1,-1,5,7,4,1048.9261,1048.9261,1046.4054,0.0000,99.759683,149.8466,209.7852,1.4000,0,1,10,1849663,A168_HF9F_20260827_0900,2026-08-27 09:00:00,185
1226858|23|907,907,1226858,23,2026-05-03,1,-1,12,13,3,1549.1658,1342.4474,1217.6583,0.0000,90.704360,119.1666,129.0971,1.0833,1,1,66,1849664,A168_HF9F_20260827_0900,2026-08-27 09:00:00,185
1226858|24|907,907,1226858,24,2026-05-03,1,-1,10,11,3,1091.6049,1091.6049,323.7979,0.0000,29.662558,99.2368,109.1605,1.1000,0,1,45,1849665,A168_HF9F_20260827_0900,2026-08-27 09:00:00,185
1226858|25|907,907,1226858,25,2026-05-03,1,-1,14,14,2,1782.5903,1782.5903,1083.2568,0.0168,60.768689,127.3279,127.3279,1.0000,0,1,91,1849666,A168_HF9F_20260827_0900,2026-08-27 09:00:00,185
1226858|26|907,907,1226858,26,2026-05-03,1,-1,13,13,2,593.6657,0.0000,0.0000,0.0000,,45.6666,45.6666,1.0000,13,1,78,1849667,A168_HF9F_20260827_0900,2026-08-27 09:00:00,185
1226858|27|907,907,1226858,27,2026-05-03,1,-1,14,14,3,1228.9799,1228.9799,-1103.8635,0.0000,-89.819490,87.7843,87.7843,1.0000,0,1,91,1849668,A168_HF9F_20260827_0900,2026-08-27 09:00:00,185
1226858|28|907,907,1226858,28,2026-05-03,1,-1,21,21,2,7350.7516,7350.7516,1132.1266,0.0000,15.401509,350.0358,350.0358,1.0000,0,1,210,1849669,A168_HF9F_20260827_0900,2026-08-27 09:00:00,185
1226858|29|907,907,1226858,29,2026-05-03,1,-1,17,20,5,2781.9155,2609.6502,-810.6088,0.0000,-31.061970,139.0958,163.6421,1.1765,1,1,136,1849670,A168_HF9F_20260827_0900,2026-08-27 09:00:00,185
1226858|3|907,907,1226858,3,2026-05-03,1,-1,1,1,1,1.0503,1.0503,-8.4025,0.0000,-800.000000,1.0503,1.0503,1.0000,0,0,0,1849671,A168_HF9F_20260827_0900,2026-08-27 09:00:00,185
1226858|30|907,907,1226858,30,2026-05-03,1,-1,9,10,3,454.1518,454.1518,379.1574,0.0000,83.486932,45.4152,50.4613,1.1111,0,1,36,1849672,A168_HF9F_20260827_0900,2026-08-27 09:00:00,185
1226858|31|907,907,1226858,31,2026-05-03,1,-1,13,13,2,1884.5651,1884.5651,-1778.4704,0.0000,-94.370336,144.9665,144.9665,1.0000,0,1,78,1849673,A168_HF9F_20260827_0900,2026-08-27 09:00:00,185
1226858|32|907,907,1226858,32,2026-05-03,1,-1,10,13,5,337.2508,337.2508,301.4223,0.0000,89.376313,25.9424,33.7251,1.3000,0,1,45,1849674,A168_HF9F_20260827_0900,2026-08-27 09:00:00,185
1226858|33|907,907,1226858,33,2026-05-03,1,-1,6,7,4,187.2543,187.2543,54.2652,0.0672,28.979400,26.7506,31.2090,1.1667,0,1,15,1849675,A168_HF9F_20260827_0900,2026-08-27 09:00:00,185
1226858|34|907,907,1226858,34,2026-05-03,1,-1,5,6,3,104.2792,104.2792,-27.5193,0.0672,-26.389989,17.3799,20.8558,1.2000,0,1,10,1849676,A168_HF9F_20260827_0900,2026-08-27 09:00:00,185
1226858|35|907,907,1226858,35,2026-05-03,1,-1,14,15,3,1890.1183,1890.1183,1684.3635,0.0000,89.114184,126.0079,135.0084,1.0714,0,1,91,1849677,A168_HF9F_20260827_0900,2026-08-27 09:00:00,185
1226858|36|907,907,1226858,36,2026-05-03,1,-1,6,7,3,99.6131,99.6131,-33.0922,0.0000,-33.220765,14.2304,16.6022,1.1667,0,1,15,1849678,A168_HF9F_20260827_0900,2026-08-27 09:00:00,185
1226858|37|907,907,1226858,37,2026-05-03,1,-1,8,9,3,1400.1913,1400.1913,-1137.7073,0.0000,-81.253701,155.5768,175.0239,1.1250,0,1,28,1849679,A168_HF9F_20260827_0900,2026-08-27 09:00:00,185
1226858|38|907,907,1226858,38,2026-05-03,1,-1,7,9,3,2220.6804,2220.6804,2195.4730,0.0000,98.864878,246.7423,317.2401,1.2857,0,1,21,1849680,A168_HF9F_20260827_0900,2026-08-27 09:00:00,185
1226858|39|907,907,1226858,39,2026-05-03,1,-1,6,7,3,90.2418,90.2418,-10.3546,0.0000,-11.474311,12.8917,15.0403,1.1667,0,1,15,1849681,A168_HF9F_20260827_0900,2026-08-27 09:00:00,185
1226858|4|907,907,1226858,4,2026-05-03,1,-1,3,3,3,90.5439,3.1509,-25.2074,0.0000,-800.000000,30.1813,30.1813,1.0000,2,1,3,1849682,A168_HF9F_20260827_0900,2026-08-27 09:00:00,185
1226858|40|907,907,1226858,40,2026-05-03,1,-1,12,17,5,981.0055,981.0055,573.5334,0.0000,58.463832,57.7062,81.7505,1.4167,0,1,66,1849683,A168_HF9F_20260827_0900,2026-08-27 09:00:00,185
1226858|41|907,907,1226858,41,2026-05-03,1,-1,4,5,2,117.5651,117.5651,117.5651,0.0000,100.000000,23.5130,29.3913,1.2500,0,1,6,1849684,A168_HF9F_20260827_0900,2026-08-27 09:00:00,185
1226858|42|907,907,1226858,42,2026-05-03,1,-1,2,2,1,182.7539,182.7539,-182.7539,0.0000,-100.000000,91.3770,91.3770,1.0000,0,1,1,1849685,A168_HF9F_20260827_0900,2026-08-27 09:00:00,185
1226858|43|907,907,1226858,43,2026-05-03,1,-1,1,2,2,5.1891,5.1891,5.1891,0.0000,100.000000,2.5946,5.1891,2.0000,0,0,0,1849686,A168_HF9F_20260827_0900,2026-08-27 09:00:00,185
1226858|44|907,907,1226858,44,2026-05-03,1,-1,1,2,2,5.1891,5.1891,5.1891,0.0000,100.000000,2.5946,5.1891,2.0000,0,0,0,1849687,A168_HF9F_20260827_0900,2026-08-27 09:00:00,185
1226858|45|907,907,1226858,45,2026-05-03,1,-1,4,7,5,564.7962,564.7962,-514.5177,0.0000,-91.097951,80.6852,141.1990,1.7500,0,1,6,1849688,A168_HF9F_20260827_0900,2026-08-27 09:00:00,185
1226858|46|907,907,1226858,46,2026-05-03,1,-1,11,11,2,9690.3967,9690.3967,9514.9262,0.0945,98.189233,880.9452,880.9452,1.0000,0,1,55,1849689,A168_HF9F_20260827_0900,2026-08-27 09:00:00,185
1226858|47|907,907,1226858,47,2026-05-03,1,-1,4,4,2,206.4710,206.4710,170.5492,0.0000,82.601990,51.6178,51.6178,1.0000,0,1,6,1849690,A168_HF9F_20260827_0900,2026-08-27 09:00:00,185
1226858|48|907,907,1226858,48,2026-05-03,1,-1,5,9,5,1926.3223,1848.4851,-957.5447,0.0000,-51.801591,214.0358,385.2645,1.8000,1,1,10,1849691,A168_HF9F_20260827_0900,2026-08-27 09:00:00,185
1226858|49|907,907,1226858,49,2026-05-03,1,-1,6,11,6,1905.2153,1853.3238,1813.8863,0.0000,97.872067,173.2014,317.5359,1.8333,1,1,15,1849692,A168_HF9F_20260827_0900,2026-08-27 09:00:00,185
1226858|5|907,907,1226858,5,2026-05-03,1,-1,3,3,2,17.3842,17.3842,-10.3706,0.0000,-59.655688,5.7947,5.7947,1.0000,0,1,3,1849693,A168_HF9F_20260827_0900,2026-08-27 09:00:00,185
1226858|6|907,907,1226858,6,2026-05-03,1,-1,2,2,2,10.5031,10.5031,10.5031,0.0000,100.000000,5.2515,5.2515,1.0000,0,1,1,1849694,A168_HF9F_20260827_0900,2026-08-27 09:00:00,185
1226858|7|907,907,1226858,7,2026-05-03,1,-1,1,1,1,3.1509,3.1509,3.1509,0.0000,100.000000,3.1509,3.1509,1.0000,0,0,0,1849695,A168_HF9F_20260827_0900,2026-08-27 09:00:00,185
1226858|8|907,907,1226858,8,2026-05-03,1,-1,4,5,3,673.6802,656.8752,-603.0765,0.1176,-91.809904,134.7360,168.4200,1.2500,1,1,6,1849696,A168_HF9F_20260827_0900,2026-08-27 09:00:00,185
1226858|9|907,907,1226858,9,2026-05-03,1,-1,4,9,6,184.3394,184.3394,-93.9284,0.0672,-50.954063,20.4822,46.0849,2.2500,0,1,6,1849697,A168_HF9F_20260827_0900,2026-08-27 09:00:00,185
1226887|10|907,907,1226887,10,2026-05-03,1,-1,7,13,7,436.0104,371.1461,148.0925,0.0000,39.901404,33.5393,62.2872,1.8571,0,1,21,1849698,A168_HF9F_20260827_0900,2026-08-27 09:00:00,185
1226887|11|907,907,1226887,11,2026-05-03,1,-1,8,11,4,287.2374,10.0944,-78.8646,0.0000,-781.271219,26.1125,35.9047,1.3750,8,1,28,1849699,A168_HF9F_20260827_0900,2026-08-27 09:00:00,185
1226887|12|907,907,1226887,12,2026-05-03,1,-1,7,10,5,330.3580,330.3580,-47.7536,0.0000,-14.455093,33.0358,47.1940,1.4286,0,1,21,1849700,A168_HF9F_20260827_0900,2026-08-27 09:00:00,185
1226887|13|907,907,1226887,13,2026-05-03,1,-1,9,11,4,732.7855,732.7855,-185.7083,0.0000,-25.342795,66.6169,81.4206,1.2222,0,1,36,1849701,A168_HF9F_20260827_0900,2026-08-27 09:00:00,185
1226887|14|907,907,1226887,14,2026-05-03,1,-1,9,11,4,660.9410,660.9410,-343.1552,0.0000,-51.919179,60.0855,73.4379,1.2222,0,1,36,1849702,A168_HF9F_20260827_0900,2026-08-27 09:00:00,185
1226887|15|907,907,1226887,15,2026-05-03,1,-1,4,5,3,315.9180,315.9180,-251.7168,0.0000,-79.677881,63.1836,78.9795,1.2500,0,1,6,1849703,A168_HF9F_20260827_0900,2026-08-27 09:00:00,185
1226887|16|907,907,1226887,16,2026-05-03,1,-1,11,13,4,659.3553,659.3553,142.6240,0.0000,21.630831,50.7196,59.9414,1.1818,0,1,55,1849704,A168_HF9F_20260827_0900,2026-08-27 09:00:00,185
1226887|17|907,907,1226887,17,2026-05-03,1,-1,19,26,6,3339.4111,3339.4111,2847.1704,0.0000,85.259655,128.4389,175.7585,1.3684,0,1,171,1849705,A168_HF9F_20260827_0900,2026-08-27 09:00:00,185
1226887|18|907,907,1226887,18,2026-05-03,1,-1,4,4,2,365.2212,0.0000,0.0000,0.0000,,91.3053,91.3053,1.0000,4,1,6,1849706,A168_HF9F_20260827_0900,2026-08-27 09:00:00,185
1226887|19|907,907,1226887,19,2026-05-03,1,-1,4,5,4,419.7410,419.7410,242.6614,0.0000,57.812185,83.9482,104.9352,1.2500,0,1,6,1849707,A168_HF9F_20260827_0900,2026-08-27 09:00:00,185
1226887|20|907,907,1226887,20,2026-05-03,1,-1,4,5,3,1753.6751,1753.6751,-1498.0007,0.0000,-85.420656,350.7350,438.4188,1.2500,0,1,6,1849708,A168_HF9F_20260827_0900,2026-08-27 09:00:00,185
1226887|21|907,907,1226887,21,2026-05-03,1,-1,5,6,3,1871.8371,1871.8371,-1145.3691,0.0000,-61.189574,311.9728,374.3674,1.2000,0,1,10,1849709,A168_HF9F_20260827_0900,2026-08-27 09:00:00,185
1226887|22|907,907,1226887,22,2026-05-03,1,-1,6,7,3,941.9994,941.9994,59.9391,0.0000,6.362970,134.5713,156.9999,1.1667,0,1,15,1849710,A168_HF9F_20260827_0900,2026-08-27 09:00:00,185
1226887|23|907,907,1226887,23,2026-05-03,1,-1,7,7,2,2329.2418,2329.2418,1832.8263,0.5041,78.687680,332.7488,332.7488,1.0000,0,1,21,1849711,A168_HF9F_20260827_0900,2026-08-27 09:00:00,185
1226887|24|907,907,1226887,24,2026-05-03,1,-1,9,16,7,1839.9135,1839.9135,-2448.0828,0.1680,-133.054231,114.9946,204.4348,1.7778,0,1,36,1849712,A168_HF9F_20260827_0900,2026-08-27 09:00:00,185
1226887|25|907,907,1226887,25,2026-05-03,1,-1,10,12,4,1786.0844,1786.0844,508.5373,0.8402,28.472187,148.8404,178.6084,1.2000,0,1,45,1849713,A168_HF9F_20260827_0900,2026-08-27 09:00:00,185
1226887|26|907,907,1226887,26,2026-05-03,1,-1,6,10,6,489.1240,489.1240,94.2729,1.1763,19.273828,48.9124,81.5207,1.6667,0,1,15,1849714,A168_HF9F_20260827_0900,2026-08-27 09:00:00,185
1226887|27|907,907,1226887,27,2026-05-03,1,-1,3,5,4,310.1891,310.1891,300.4391,0.0000,96.856757,62.0378,103.3964,1.6667,0,1,3,1849715,A168_HF9F_20260827_0900,2026-08-27 09:00:00,185
1226887|28|907,907,1226887,28,2026-05-03,1,-1,4,5,3,423.1620,423.1620,388.1149,0.0000,91.717811,84.6324,105.7905,1.2500,0,1,6,1849716,A168_HF9F_20260827_0900,2026-08-27 09:00:00,185
1226887|29|907,907,1226887,29,2026-05-03,1,-1,3,5,4,710.0310,710.0310,-264.9690,0.8402,-37.317951,142.0062,236.6770,1.6667,0,1,3,1849717,A168_HF9F_20260827_0900,2026-08-27 09:00:00,185
1226887|3|907,907,1226887,3,2026-05-03,1,-1,4,7,4,339.3353,339.3353,339.3353,0.5041,100.000000,48.4765,84.8338,1.7500,0,1,6,1849718,A168_HF9F_20260827_0900,2026-08-27 09:00:00,185
1226887|30|907,907,1226887,30,2026-05-03,1,-1,7,12,7,458.8398,458.8398,-486.2531,1.5124,-105.974473,38.2367,65.5485,1.7143,0,1,21,1849719,A168_HF9F_20260827_0900,2026-08-27 09:00:00,185
1226887|31|907,907,1226887,31,2026-05-03,1,-1,2,2,1,215.0000,215.0000,-215.0000,0.0000,-100.000000,107.5000,107.5000,1.0000,0,1,1,1849720,A168_HF9F_20260827_0900,2026-08-27 09:00:00,185
1226887|32|907,907,1226887,32,2026-05-03,1,-1,6,12,7,3742.6097,3742.6097,191.2687,1.1763,5.110571,311.8841,623.7683,2.0000,0,1,15,1849721,A168_HF9F_20260827_0900,2026-08-27 09:00:00,185
1226887|33|907,907,1226887,33,2026-05-03,1,-1,5,6,3,664.4572,664.4572,-284.6554,0.0000,-42.840294,110.7429,132.8914,1.2000,0,1,10,1849722,A168_HF9F_20260827_0900,2026-08-27 09:00:00,185
1226887|34|907,907,1226887,34,2026-05-03,1,-1,12,15,5,2526.5900,2526.5900,-1356.3859,0.0000,-53.684450,168.4393,210.5492,1.2500,0,1,66,1849723,A168_HF9F_20260827_0900,2026-08-27 09:00:00,185
1226887|35|907,907,1226887,35,2026-05-03,1,-1,16,25,8,5423.2295,366.0741,-1062.7653,0.0000,-290.314284,216.9292,338.9518,1.5625,15,1,120,1849724,A168_HF9F_20260827_0900,2026-08-27 09:00:00,185
1226887|36|907,907,1226887,36,2026-05-03,1,-1,15,17,4,2910.0190,2910.0190,1811.8529,0.0000,62.262578,171.1776,194.0013,1.1333,0,1,105,1849725,A168_HF9F_20260827_0900,2026-08-27 09:00:00,185
1226887|37|907,907,1226887,37,2026-05-03,1,-1,14,17,4,2157.6795,2157.6795,-1378.8893,0.0000,-63.906122,126.9223,154.1200,1.2143,0,1,91,1849726,A168_HF9F_20260827_0900,2026-08-27 09:00:00,185
1226887|38|907,907,1226887,38,2026-05-03,1,-1,12,14,4,2915.1534,2915.1534,728.5879,0.0000,24.993126,208.2252,242.9294,1.1667,0,1,66,1849727,A168_HF9F_20260827_0900,2026-08-27 09:00:00,185
1226887|39|907,907,1226887,39,2026-05-03,1,-1,4,5,3,466.4822,466.4822,-284.2149,0.0000,-60.927287,93.2964,116.6205,1.2500,0,1,6,1849728,A168_HF9F_20260827_0900,2026-08-27 09:00:00,185
1226887|4|907,907,1226887,4,2026-05-03,1,-1,1,1,1,12.9729,12.9729,12.9729,0.0000,100.000000,12.9729,12.9729,1.0000,0,0,0,1849729,A168_HF9F_20260827_0900,2026-08-27 09:00:00,185
1226887|40|907,907,1226887,40,2026-05-03,1,-1,4,5,3,567.6511,567.6511,-319.8633,0.0000,-56.348579,113.5302,141.9128,1.2500,0,1,6,1849730,A168_HF9F_20260827_0900,2026-08-27 09:00:00,185
1226887|41|907,907,1226887,41,2026-05-03,1,-1,5,7,4,604.5984,604.5984,-149.9987,0.0000,-24.809635,86.3712,120.9197,1.4000,0,1,10,1849731,A168_HF9F_20260827_0900,2026-08-27 09:00:00,185
1226887|42|907,907,1226887,42,2026-05-03,1,-1,4,6,4,485.6385,485.6385,460.3415,0.0000,94.790966,80.9398,121.4096,1.5000,0,1,6,1849732,A168_HF9F_20260827_0900,2026-08-27 09:00:00,185
1226887|43|907,907,1226887,43,2026-05-03,1,-1,9,13,6,728.3129,728.3129,594.1001,0.0000,81.572085,56.0241,80.9237,1.4444,0,1,36,1849733,A168_HF9F_20260827_0900,2026-08-27 09:00:00,185
1226887|44|907,907,1226887,44,2026-05-03,1,-1,7,9,4,743.8861,743.8861,-287.2488,0.0000,-38.614617,82.6540,106.2694,1.2857,0,1,21,1849734,A168_HF9F_20260827_0900,2026-08-27 09:00:00,185
1226887|45|907,907,1226887,45,2026-05-03,1,-1,15,22,7,4265.5727,165.7604,-142.0372,0.0000,-85.688258,193.8897,284.3715,1.4667,15,1,105,1849735,A168_HF9F_20260827_0900,2026-08-27 09:00:00,185
1226887|46|907,907,1226887,46,2026-05-03,1,-1,33,42,7,9706.8808,9654.9894,-5291.5974,0.3781,-54.806869,231.1162,294.1479,1.2727,1,1,528,1849736,A168_HF9F_20260827_0900,2026-08-27 09:00:00,185
1226887|47|907,907,1226887,47,2026-05-03,1,-1,18,20,5,8068.7069,8068.7069,-7820.8936,0.0567,-96.928710,403.4353,448.2615,1.1111,0,1,153,1849737,A168_HF9F_20260827_0900,2026-08-27 09:00:00,185
1226887|48|907,907,1226887,48,2026-05-03,1,-1,16,21,6,10836.8215,10836.8215,6397.5154,0.0567,59.034979,516.0391,677.3013,1.3125,0,1,120,1849738,A168_HF9F_20260827_0900,2026-08-27 09:00:00,185
1226887|49|907,907,1226887,49,2026-05-03,1,-1,11,17,6,1133.4385,1133.4385,908.8004,0.0567,80.180828,66.6729,103.0399,1.5455,0,1,55,1849739,A168_HF9F_20260827_0900,2026-08-27 09:00:00,185
1226887|50|907,907,1226887,50,2026-05-03,1,-1,8,10,4,1141.9347,1141.9347,656.4904,0.0756,57.489310,114.1935,142.7418,1.2500,0,1,28,1849740,A168_HF9F_20260827_0900,2026-08-27 09:00:00,185
1226887|51|907,907,1226887,51,2026-05-03,1,-1,8,12,4,898.7791,898.7791,161.3578,0.0000,17.953001,74.8983,112.3474,1.5000,0,1,28,1849741,A168_HF9F_20260827_0900,2026-08-27 09:00:00,185
1226887|52|907,907,1226887,52,2026-05-03,1,-1,5,6,3,534.8421,534.8421,52.4718,0.0000,9.810705,89.1404,106.9684,1.2000,0,1,10,1849742,A168_HF9F_20260827_0900,2026-08-27 09:00:00,185
1226887|53|907,907,1226887,53,2026-05-03,1,-1,4,4,1,532.0062,0.0000,0.0000,0.0000,,133.0015,133.0015,1.0000,4,1,6,1849743,A168_HF9F_20260827_0900,2026-08-27 09:00:00,185
1226887|6|907,907,1226887,6,2026-05-03,1,-1,3,3,2,113.1088,113.1088,-83.2712,0.0000,-73.620463,37.7029,37.7029,1.0000,0,1,3,1849744,A168_HF9F_20260827_0900,2026-08-27 09:00:00,185
1226887|7|907,907,1226887,7,2026-05-03,1,-1,4,4,1,119.4751,119.4751,-113.5014,0.0000,-95.000000,29.8688,29.8688,1.0000,0,1,6,1849745,A168_HF9F_20260827_0900,2026-08-27 09:00:00,185
1226887|8|907,907,1226887,8,2026-05-03,1,-1,16,18,4,1112.0824,1112.0824,534.3088,0.0000,48.045794,61.7824,69.5052,1.1250,0,1,120,1849746,A168_HF9F_20260827_0900,2026-08-27 09:00:00,185
1226887|9|907,907,1226887,9,2026-05-03,1,-1,7,11,4,282.5924,282.5924,-254.0001,0.0000,-89.882115,25.6902,40.3703,1.5714,0,1,21,1849747,A168_HF9F_20260827_0900,2026-08-27 09:00:00,185
1226923|10|907,907,1226923,10,2026-05-03,1,-1,3,3,2,263.4489,263.4489,246.8540,0.0000,93.700906,87.8163,87.8163,1.0000,0,1,3,1849748,A168_HF9F_20260827_0900,2026-08-27 09:00:00,185
1226923|11|907,907,1226923,11,2026-05-03,1,-1,3,3,1,29.4087,29.4087,-28.1483,0.0000,-95.714286,9.8029,9.8029,1.0000,0,1,3,1849749,A168_HF9F_20260827_0900,2026-08-27 09:00:00,185
1226923|12|907,907,1226923,12,2026-05-03,1,-1,4,5,4,101.0700,101.0700,90.6917,0.0000,89.731580,20.2140,25.2675,1.2500,0,1,6,1849750,A168_HF9F_20260827_0900,2026-08-27 09:00:00,185
1226923|13|907,907,1226923,13,2026-05-03,1,-1,3,3,3,9.9047,9.9047,5.7034,0.0000,57.583306,3.3016,3.3016,1.0000,0,1,3,1849751,A168_HF9F_20260827_0900,2026-08-27 09:00:00,185
1226923|14|907,907,1226923,14,2026-05-03,1,-1,3,4,3,312.5392,312.5392,-299.9355,0.0000,-95.967316,78.1348,104.1797,1.3333,0,1,3,1849752,A168_HF9F_20260827_0900,2026-08-27 09:00:00,185
1226923|15|907,907,1226923,15,2026-05-03,1,-1,5,5,2,183.4259,0.0000,0.0000,0.0000,,36.6852,36.6852,1.0000,5,1,10,1849753,A168_HF9F_20260827_0900,2026-08-27 09:00:00,185
1226923|16|907,907,1226923,16,2026-05-03,1,-1,4,4,2,161.5452,161.5452,-109.6537,0.0000,-67.878064,40.3863,40.3863,1.0000,0,1,6,1849754,A168_HF9F_20260827_0900,2026-08-27 09:00:00,185
1226923|17|907,907,1226923,17,2026-05-03,1,-1,11,14,5,1799.3904,1799.3904,1449.7962,0.0903,80.571523,128.5279,163.5809,1.2727,0,1,55,1849755,A168_HF9F_20260827_0900,2026-08-27 09:00:00,185
1226923|18|907,907,1226923,18,2026-05-03,1,-1,15,16,3,1932.1662,1932.1662,-1239.8797,0.0567,-64.170448,120.7604,128.8111,1.0667,0,1,105,1849756,A168_HF9F_20260827_0900,2026-08-27 09:00:00,185
1226923|19|907,907,1226923,19,2026-05-03,1,-1,14,15,3,1594.4346,1594.4346,-1258.7300,0.3529,-78.945222,106.2956,113.8882,1.0714,0,1,91,1849757,A168_HF9F_20260827_0900,2026-08-27 09:00:00,185
1226923|2|907,907,1226923,2,2026-05-03,1,-1,1,1,1,4.2012,4.2012,-4.2012,0.0000,-100.000000,4.2012,4.2012,1.0000,0,0,0,1849758,A168_HF9F_20260827_0900,2026-08-27 09:00:00,185
1226923|20|907,907,1226923,20,2026-05-03,1,-1,24,33,6,2360.9921,2360.9921,1771.6133,0.4941,75.036816,71.5452,98.3747,1.3750,0,1,276,1849759,A168_HF9F_20260827_0900,2026-08-27 09:00:00,185
1226923|21|907,907,1226923,21,2026-05-03,1,-1,6,9,5,213.3231,213.3231,-5.1413,0.0000,-2.410101,23.7026,35.5539,1.5000,0,1,15,1849760,A168_HF9F_20260827_0900,2026-08-27 09:00:00,185
1226923|22|907,907,1226923,22,2026-05-03,1,-1,7,9,4,584.7016,584.7016,374.8318,0.0000,64.106508,64.9668,83.5288,1.2857,0,1,21,1849761,A168_HF9F_20260827_0900,2026-08-27 09:00:00,185
1226923|23|907,907,1226923,23,2026-05-03,1,-1,6,8,4,143.1601,143.1601,136.2741,0.0000,95.189968,17.8950,23.8600,1.3333,0,1,15,1849762,A168_HF9F_20260827_0900,2026-08-27 09:00:00,185
1226923|24|907,907,1226923,24,2026-05-03,1,-1,7,7,2,1827.1966,1827.1966,-985.8383,0.2521,-53.953598,261.0281,261.0281,1.0000,0,1,21,1849763,A168_HF9F_20260827_0900,2026-08-27 09:00:00,185
1226923|25|907,907,1226923,25,2026-05-03,1,-1,6,6,2,481.9402,0.0000,0.0000,0.0000,,80.3234,80.3234,1.0000,6,1,15,1849764,A168_HF9F_20260827_0900,2026-08-27 09:00:00,185
1226923|26|907,907,1226923,26,2026-05-03,1,-1,4,4,2,275.4097,275.4097,-32.2515,0.0000,-11.710374,68.8524,68.8524,1.0000,0,1,6,1849765,A168_HF9F_20260827_0900,2026-08-27 09:00:00,185
1226923|27|907,907,1226923,27,2026-05-03,1,-1,8,11,5,366.3755,366.3755,-76.2378,0.0000,-20.808652,33.3069,45.7969,1.3750,0,1,28,1849766,A168_HF9F_20260827_0900,2026-08-27 09:00:00,185
1226923|28|907,907,1226923,28,2026-05-03,1,-1,7,12,6,908.3165,887.3103,-232.9366,0.6722,-26.251991,75.6930,129.7595,1.7143,1,1,21,1849767,A168_HF9F_20260827_0900,2026-08-27 09:00:00,185
1226923|29|907,907,1226923,29,2026-05-03,1,-1,7,11,7,497.7562,497.7562,-221.3166,0.0000,-44.462858,45.2506,71.1080,1.5714,0,1,21,1849768,A168_HF9F_20260827_0900,2026-08-27 09:00:00,185
1226923|3|907,907,1226923,3,2026-05-03,1,-1,4,4,2,51.0283,51.0283,-11.2414,0.0000,-22.029684,12.7571,12.7571,1.0000,0,1,6,1849769,A168_HF9F_20260827_0900,2026-08-27 09:00:00,185
1226923|30|907,907,1226923,30,2026-05-03,1,-1,5,9,6,346.7165,346.7165,104.8174,0.0000,30.231452,38.5241,69.3433,1.8000,0,1,10,1849770,A168_HF9F_20260827_0900,2026-08-27 09:00:00,185
1226923|31|907,907,1226923,31,2026-05-03,1,-1,10,14,6,619.2371,619.2371,-367.9907,0.0000,-59.426464,44.2312,61.9237,1.4000,0,1,45,1849771,A168_HF9F_20260827_0900,2026-08-27 09:00:00,185
1226923|32|907,907,1226923,32,2026-05-03,1,-1,12,16,6,1204.8233,1204.8233,837.2910,0.0000,69.494924,75.3015,100.4019,1.3333,0,1,66,1849772,A168_HF9F_20260827_0900,2026-08-27 09:00:00,185
1226923|33|907,907,1226923,33,2026-05-03,1,-1,6,10,6,186.2446,186.2446,-76.0186,0.0000,-40.816530,18.6245,31.0408,1.6667,0,1,15,1849773,A168_HF9F_20260827_0900,2026-08-27 09:00:00,185
1226923|34|907,907,1226923,34,2026-05-03,1,-1,6,11,6,226.2031,226.2031,-90.0725,0.0000,-39.819286,20.5639,37.7005,1.8333,0,1,15,1849774,A168_HF9F_20260827_0900,2026-08-27 09:00:00,185
1226923|35|907,907,1226923,35,2026-05-03,1,-1,7,9,4,2343.8147,2343.8147,-1893.7527,0.0000,-80.797886,260.4239,334.8307,1.2857,0,1,21,1849775,A168_HF9F_20260827_0900,2026-08-27 09:00:00,185
1226923|36|907,907,1226923,36,2026-05-03,1,-1,16,18,4,3560.7258,4.2012,4.2012,0.0000,100.000000,197.8181,222.5454,1.1250,16,1,120,1849776,A168_HF9F_20260827_0900,2026-08-27 09:00:00,185
1226923|37|907,907,1226923,37,2026-05-03,1,-1,22,24,4,8643.1757,8643.1757,6818.5817,0.0000,78.889773,360.1323,392.8716,1.0909,0,1,231,1849777,A168_HF9F_20260827_0900,2026-08-27 09:00:00,185
1226923|38|907,907,1226923,38,2026-05-03,1,-1,5,6,3,179.2857,179.2857,-139.7483,0.0000,-77.947293,29.8809,35.8571,1.2000,0,1,10,1849778,A168_HF9F_20260827_0900,2026-08-27 09:00:00,185
1226923|39|907,907,1226923,39,2026-05-03,1,-1,6,7,4,308.5691,308.5691,207.3807,0.0000,67.207238,44.0813,51.4282,1.1667,0,1,15,1849779,A168_HF9F_20260827_0900,2026-08-27 09:00:00,185
1226923|4|907,907,1226923,4,2026-05-03,1,-1,2,2,2,1150.0000,1150.0000,-350.0000,0.0000,-30.434783,575.0000,575.0000,1.0000,0,1,1,1849780,A168_HF9F_20260827_0900,2026-08-27 09:00:00,185
1226923|40|907,907,1226923,40,2026-05-03,1,-1,3,4,4,239.0830,239.0830,-13.8878,0.0000,-5.808780,59.7707,79.6943,1.3333,0,1,3,1849781,A168_HF9F_20260827_0900,2026-08-27 09:00:00,185
1226923|41|907,907,1226923,41,2026-05-03,1,-1,6,8,4,309.1549,309.1549,43.6315,0.0000,14.113163,38.6444,51.5258,1.3333,0,1,15,1849782,A168_HF9F_20260827_0900,2026-08-27 09:00:00,185
1226923|42|907,907,1226923,42,2026-05-03,1,-1,3,3,2,260.7053,260.7053,50.6433,0.0000,19.425513,86.9018,86.9018,1.0000,0,1,3,1849783,A168_HF9F_20260827_0900,2026-08-27 09:00:00,185
1226923|43|907,907,1226923,43,2026-05-03,1,-1,2,2,2,139.2307,139.2307,72.5412,0.2736,52.101468,69.6154,69.6154,1.0000,0,1,1,1849784,A168_HF9F_20260827_0900,2026-08-27 09:00:00,185
1226923|44|907,907,1226923,44,2026-05-03,1,-1,2,2,1,139.2307,139.2307,-139.2307,0.2736,-100.000000,69.6154,69.6154,1.0000,0,1,1,1849785,A168_HF9F_20260827_0900,2026-08-27 09:00:00,185
1226923|45|907,907,1226923,45,2026-05-03,1,-1,4,10,8,546.5316,546.5316,-246.1446,0.0000,-45.037577,54.6532,136.6329,2.5000,0,1,6,1849786,A168_HF9F_20260827_0900,2026-08-27 09:00:00,185
1226923|46|907,907,1226923,46,2026-05-03,1,-1,15,22,6,2801.5322,2801.5322,1770.9447,0.5058,63.213435,127.3424,186.7688,1.4667,0,1,105,1849787,A168_HF9F_20260827_0900,2026-08-27 09:00:00,185
1226923|47|907,907,1226923,47,2026-05-03,1,-1,10,12,4,521.8730,9.8729,-27.9382,0.0790,-282.978723,43.4894,52.1873,1.2000,10,1,45,1849788,A168_HF9F_20260827_0900,2026-08-27 09:00:00,185
1226923|48|907,907,1226923,48,2026-05-03,1,-1,14,19,6,1842.9974,1842.9974,1003.2603,0.9794,54.436342,96.9999,131.6427,1.3571,0,1,91,1849789,A168_HF9F_20260827_0900,2026-08-27 09:00:00,185
1226923|49|907,907,1226923,49,2026-05-03,1,-1,9,9,2,677.7951,677.7951,-367.1864,0.6097,-54.173659,75.3106,75.3106,1.0000,0,1,36,1849790,A168_HF9F_20260827_0900,2026-08-27 09:00:00,185
1226923|50|907,907,1226923,50,2026-05-03,1,-1,7,7,2,535.8342,535.8342,289.8265,0.3361,54.088841,76.5477,76.5477,1.0000,0,1,21,1849791,A168_HF9F_20260827_0900,2026-08-27 09:00:00,185
1226923|51|907,907,1226923,51,2026-05-03,1,-1,8,8,2,1113.9027,1113.9027,821.9493,0.1680,73.790044,139.2378,139.2378,1.0000,0,1,28,1849792,A168_HF9F_20260827_0900,2026-08-27 09:00:00,185
1226923|52|907,907,1226923,52,2026-05-03,1,-1,13,13,2,1229.4859,1229.4859,911.5685,0.0000,74.142248,94.5758,94.5758,1.0000,0,1,78,1849793,A168_HF9F_20260827_0900,2026-08-27 09:00:00,185
1226923|6|907,907,1226923,6,2026-05-03,1,-1,4,5,3,61.4910,61.4910,-38.5090,0.0000,-62.625416,12.2982,15.3728,1.2500,0,1,6,1849794,A168_HF9F_20260827_0900,2026-08-27 09:00:00,185
1226923|7|907,907,1226923,7,2026-05-03,1,-1,5,6,3,461.9460,2.5946,2.5946,0.0000,100.000000,76.9910,92.3892,1.2000,5,1,10,1849795,A168_HF9F_20260827_0900,2026-08-27 09:00:00,185
1226923|8|907,907,1226923,8,2026-05-03,1,-1,6,7,4,169.1904,169.1904,139.9917,0.0000,82.742152,24.1701,28.1984,1.1667,0,1,15,1849796,A168_HF9F_20260827_0900,2026-08-27 09:00:00,185
1226923|9|907,907,1226923,9,2026-05-03,1,-1,2,2,1,18.9056,18.9056,18.9056,0.0000,100.000000,9.4528,9.4528,1.0000,0,1,1,1849797,A168_HF9F_20260827_0900,2026-08-27 09:00:00,185
1226953|1|907,907,1226953,1,2026-05-03,1,-1,1,1,1,5.0000,5.0000,5.0000,0.0000,100.000000,5.0000,5.0000,1.0000,0,0,0,1849798,A168_HF9F_20260827_0900,2026-08-27 09:00:00,185
1226953|10|907,907,1226953,10,2026-05-03,1,-1,36,50,10,9284.0193,9284.0193,7708.4231,0.0945,83.028943,185.6804,257.8894,1.3889,0,1,630,1849799,A168_HF9F_20260827_0900,2026-08-27 09:00:00,185
1226953|11|907,907,1226953,11,2026-05-03,1,-1,7,9,4,9340.4639,9340.4639,-8822.6790,0.0000,-94.456540,1037.8293,1334.3520,1.2857,0,1,21,1849800,A168_HF9F_20260827_0900,2026-08-27 09:00:00,185
1226953|12|907,907,1226953,12,2026-05-03,1,-1,8,10,4,489.4415,489.4415,-171.6141,0.0000,-35.063246,48.9441,61.1802,1.2500,0,1,28,1849801,A168_HF9F_20260827_0900,2026-08-27 09:00:00,185
1226953|13|907,907,1226953,13,2026-05-03,1,-1,7,7,2,441.7537,441.7537,325.9758,0.0000,73.791299,63.1077,63.1077,1.0000,0,1,21,1849802,A168_HF9F_20260827_0900,2026-08-27 09:00:00,185
1226953|14|907,907,1226953,14,2026-05-03,1,-1,13,14,3,839.0885,839.0885,-545.2411,0.0000,-64.980160,59.9349,64.5453,1.0769,0,1,78,1849803,A168_HF9F_20260827_0900,2026-08-27 09:00:00,185
1226953|15|907,907,1226953,15,2026-05-03,1,-1,8,9,2,642.1518,642.1518,642.1518,0.0000,100.000000,71.3502,80.2690,1.1250,0,1,28,1849804,A168_HF9F_20260827_0900,2026-08-27 09:00:00,185
1226953|16|907,907,1226953,16,2026-05-03,1,-1,6,6,1,821.3218,821.3218,-788.8690,0.0000,-96.048708,136.8870,136.8870,1.0000,0,1,15,1849805,A168_HF9F_20260827_0900,2026-08-27 09:00:00,185
1226953|17|907,907,1226953,17,2026-05-03,1,-1,17,19,5,2874.3527,2874.3527,-2225.5331,0.0000,-77.427281,151.2817,169.0796,1.1176,0,1,136,1849806,A168_HF9F_20260827_0900,2026-08-27 09:00:00,185
1226953|18|907,907,1226953,18,2026-05-03,1,-1,25,28,5,11490.6761,24.2012,-13.6099,0.0000,-56.236438,410.3813,459.6270,1.1200,25,1,300,1849807,A168_HF9F_20260827_0900,2026-08-27 09:00:00,185
1226953|19|907,907,1226953,19,2026-05-03,1,-1,16,16,2,10589.5811,10589.5811,-5954.0863,0.0000,-56.225891,661.8488,661.8488,1.0000,0,1,120,1849808,A168_HF9F_20260827_0900,2026-08-27 09:00:00,185
1226953|2|907,907,1226953,2,2026-05-03,1,-1,2,2,1,19.4224,19.4224,19.4224,0.0000,100.000000,9.7112,9.7112,1.0000,0,1,1,1849809,A168_HF9F_20260827_0900,2026-08-27 09:00:00,185
1226953|20|907,907,1226953,20,2026-05-03,1,-1,8,8,2,5581.3365,5581.3365,5373.4342,0.0000,96.275044,697.6671,697.6671,1.0000,0,1,28,1849810,A168_HF9F_20260827_0900,2026-08-27 09:00:00,185
1226953|21|907,907,1226953,21,2026-05-03,1,-1,3,3,2,233.9328,233.9328,123.2015,0.0000,52.665351,77.9776,77.9776,1.0000,0,1,3,1849811,A168_HF9F_20260827_0900,2026-08-27 09:00:00,185
1226953|22|907,907,1226953,22,2026-05-03,1,-1,4,4,2,254.7200,254.7200,-130.5481,0.0000,-51.251624,63.6800,63.6800,1.0000,0,1,6,1849812,A168_HF9F_20260827_0900,2026-08-27 09:00:00,185
1226953|23|907,907,1226953,23,2026-05-03,1,-1,4,4,2,248.8489,248.8489,219.4402,0.0000,88.182114,62.2122,62.2122,1.0000,0,1,6,1849813,A168_HF9F_20260827_0900,2026-08-27 09:00:00,185
1226953|24|907,907,1226953,24,2026-05-03,1,-1,10,13,6,979.9293,979.9293,896.3335,0.0000,91.469199,75.3792,97.9929,1.3000,0,1,45,1849814,A168_HF9F_20260827_0900,2026-08-27 09:00:00,185
1226953|25|907,907,1226953,25,2026-05-03,1,-1,11,13,5,2151.0246,10.0879,10.0879,0.0000,100.000000,165.4634,195.5477,1.1818,10,1,55,1849815,A168_HF9F_20260827_0900,2026-08-27 09:00:00,185
1226953|26|907,907,1226953,26,2026-05-03,1,-1,8,8,2,1275.9364,1275.9364,117.0526,0.0945,9.173856,159.4920,159.4920,1.0000,0,1,28,1849816,A168_HF9F_20260827_0900,2026-08-27 09:00:00,185
1226953|27|907,907,1226953,27,2026-05-03,1,-1,5,5,2,601.3215,601.3215,-310.1461,0.0000,-51.577423,120.2643,120.2643,1.0000,0,1,10,1849817,A168_HF9F_20260827_0900,2026-08-27 09:00:00,185
1226953|28|907,907,1226953,28,2026-05-03,1,-1,5,5,2,688.1142,688.1142,-457.1841,0.0000,-66.440150,137.6228,137.6228,1.0000,0,1,10,1849818,A168_HF9F_20260827_0900,2026-08-27 09:00:00,185
1226953|29|907,907,1226953,29,2026-05-03,1,-1,1,1,1,70.0000,0.0000,0.0000,0.0000,,70.0000,70.0000,1.0000,1,0,0,1849819,A168_HF9F_20260827_0900,2026-08-27 09:00:00,185
1226953|3|907,907,1226953,3,2026-05-03,1,-1,3,3,2,1325.1224,1325.1224,1273.2309,0.0000,96.084026,441.7075,441.7075,1.0000,0,1,3,1849820,A168_HF9F_20260827_0900,2026-08-27 09:00:00,185
1226953|30|907,907,1226953,30,2026-05-03,1,-1,4,7,5,125.1024,125.1024,4.0475,0.0000,3.235322,17.8718,31.2756,1.7500,0,1,6,1849821,A168_HF9F_20260827_0900,2026-08-27 09:00:00,185
1226953|31|907,907,1226953,31,2026-05-03,1,-1,6,6,2,275.8111,275.8111,83.8111,0.0000,30.387139,45.9685,45.9685,1.0000,0,1,15,1849822,A168_HF9F_20260827_0900,2026-08-27 09:00:00,185
1226953|32|907,907,1226953,32,2026-05-03,1,-1,5,5,2,385.7482,385.7482,-196.2443,0.0000,-50.873677,77.1496,77.1496,1.0000,0,1,10,1849823,A168_HF9F_20260827_0900,2026-08-27 09:00:00,185
1226953|33|907,907,1226953,33,2026-05-03,1,-1,5,5,2,424.5553,424.5553,-124.8163,0.0945,-29.399306,84.9111,84.9111,1.0000,0,1,10,1849824,A168_HF9F_20260827_0900,2026-08-27 09:00:00,185
1226953|34|907,907,1226953,34,2026-05-03,1,-1,5,5,2,1633.5520,1633.5520,-1546.2615,0.0945,-94.656399,326.7104,326.7104,1.0000,0,1,10,1849825,A168_HF9F_20260827_0900,2026-08-27 09:00:00,185
1226953|35|907,907,1226953,35,2026-05-03,1,-1,4,4,1,536.8104,536.8104,536.8104,0.0000,100.000000,134.2026,134.2026,1.0000,0,1,6,1849826,A168_HF9F_20260827_0900,2026-08-27 09:00:00,185
1226953|36|907,907,1226953,36,2026-05-03,1,-1,3,4,2,597.1895,8.7291,-69.8324,0.0000,-800.000000,149.2974,199.0632,1.3333,3,1,3,1849827,A168_HF9F_20260827_0900,2026-08-27 09:00:00,185
1226953|37|907,907,1226953,37,2026-05-03,1,-1,4,4,2,822.1908,822.1908,734.9003,0.0000,89.383182,205.5477,205.5477,1.0000,0,1,6,1849828,A168_HF9F_20260827_0900,2026-08-27 09:00:00,185
1226953|38|907,907,1226953,38,2026-05-03,1,-1,5,5,2,754.0703,0.0000,0.0000,0.0000,,150.8141,150.8141,1.0000,5,1,10,1849829,A168_HF9F_20260827_0900,2026-08-27 09:00:00,185
1226953|39|907,907,1226953,39,2026-05-03,1,-1,3,3,2,699.9478,699.9478,154.2913,0.0000,22.043254,233.3159,233.3159,1.0000,0,1,3,1849830,A168_HF9F_20260827_0900,2026-08-27 09:00:00,185
1226953|4|907,907,1226953,4,2026-05-03,1,-1,2,4,4,61.7582,61.7582,52.7466,0.0000,85.408163,15.4396,30.8791,2.0000,0,1,1,1849831,A168_HF9F_20260827_0900,2026-08-27 09:00:00,185
1226953|40|907,907,1226953,40,2026-05-03,1,-1,4,4,2,703.6468,703.6468,299.9337,0.0000,42.625605,175.9117,175.9117,1.0000,0,1,6,1849832,A168_HF9F_20260827_0900,2026-08-27 09:00:00,185
1226953|41|907,907,1226953,41,2026-05-03,1,-1,2,2,1,177.0241,177.0241,177.0241,0.0000,100.000000,88.5120,88.5120,1.0000,0,1,1,1849833,A168_HF9F_20260827_0900,2026-08-27 09:00:00,185
1226953|42|907,907,1226953,42,2026-05-03,1,-1,2,2,2,180.9848,180.9848,180.9848,0.0000,100.000000,90.4924,90.4924,1.0000,0,1,1,1849834,A168_HF9F_20260827_0900,2026-08-27 09:00:00,185
1226953|43|907,907,1226953,43,2026-05-03,1,-1,2,2,2,476.0939,476.0939,366.9525,0.0000,77.075659,238.0469,238.0469,1.0000,0,1,1,1849835,A168_HF9F_20260827_0900,2026-08-27 09:00:00,185
1226953|44|907,907,1226953,44,2026-05-03,1,-1,4,4,2,622.6576,622.6576,414.6970,0.0000,66.601121,155.6644,155.6644,1.0000,0,1,6,1849836,A168_HF9F_20260827_0900,2026-08-27 09:00:00,185
1226953|45|907,907,1226953,45,2026-05-03,1,-1,3,3,1,655.5007,655.5007,-655.5007,0.0000,-100.000000,218.5002,218.5002,1.0000,0,1,3,1849837,A168_HF9F_20260827_0900,2026-08-27 09:00:00,185
1226953|46|907,907,1226953,46,2026-05-03,1,-1,2,2,1,559.6477,559.6477,559.6477,0.0000,100.000000,279.8239,279.8239,1.0000,0,1,1,1849838,A168_HF9F_20260827_0900,2026-08-27 09:00:00,185
1226953|47|907,907,1226953,47,2026-05-03,1,-1,1,1,1,133.7927,133.7927,-127.1031,0.0000,-95.000000,133.7927,133.7927,1.0000,0,0,0,1849839,A168_HF9F_20260827_0900,2026-08-27 09:00:00,185
1226953|48|907,907,1226953,48,2026-05-03,1,-1,2,2,2,186.7963,186.7963,179.1010,0.0000,95.880356,93.3982,93.3982,1.0000,0,1,1,1849840,A168_HF9F_20260827_0900,2026-08-27 09:00:00,185
1226953|49|907,907,1226953,49,2026-05-03,1,-1,3,3,1,107.1186,107.1186,-107.1186,0.0000,-100.000000,35.7062,35.7062,1.0000,0,1,3,1849841,A168_HF9F_20260827_0900,2026-08-27 09:00:00,185
1226953|5|907,907,1226953,5,2026-05-03,1,-1,2,3,2,64.8643,59.6752,-56.5617,0.0000,-94.782609,21.6214,32.4322,1.5000,1,1,1,1849842,A168_HF9F_20260827_0900,2026-08-27 09:00:00,185
1226953|50|907,907,1226953,50,2026-05-03,1,-1,3,3,1,87.1812,87.1812,87.1812,0.0000,100.000000,29.0604,29.0604,1.0000,0,1,3,1849843,A168_HF9F_20260827_0900,2026-08-27 09:00:00,185
1226953|51|907,907,1226953,51,2026-05-03,1,-1,8,12,5,240.9316,240.9316,19.3986,0.0000,8.051514,20.0776,30.1164,1.5000,0,1,28,1849844,A168_HF9F_20260827_0900,2026-08-27 09:00:00,185
1226953|52|907,907,1226953,52,2026-05-03,1,-1,9,10,3,1502.0280,4.2012,-33.6099,0.0000,-800.000000,150.2028,166.8920,1.1111,9,1,36,1849845,A168_HF9F_20260827_0900,2026-08-27 09:00:00,185
1226953|53|907,907,1226953,53,2026-05-03,1,-1,4,4,2,1522.6828,1522.6828,-1142.9837,0.0000,-75.063810,380.6707,380.6707,1.0000,0,1,6,1849846,A168_HF9F_20260827_0900,2026-08-27 09:00:00,185
1226953|6|907,907,1226953,6,2026-05-03,1,-1,6,7,3,194.6763,194.6763,-57.4644,0.3361,-29.517911,27.8109,32.4460,1.1667,0,1,15,1849847,A168_HF9F_20260827_0900,2026-08-27 09:00:00,185
1226953|7|907,907,1226953,7,2026-05-03,1,-1,9,11,4,294.0994,294.0994,-11.7910,0.0000,-4.009204,26.7363,32.6777,1.2222,0,1,36,1849848,A168_HF9F_20260827_0900,2026-08-27 09:00:00,185
1226953|8|907,907,1226953,8,2026-05-03,1,-1,16,19,4,2086.0373,2044.0249,-1790.5927,0.0000,-87.601314,109.7914,130.3773,1.1875,2,1,120,1849849,A168_HF9F_20260827_0900,2026-08-27 09:00:00,185
1226953|9|907,907,1226953,9,2026-05-03,1,-1,26,30,5,2933.0616,2933.0616,-2256.3975,0.2736,-76.929768,97.7687,112.8101,1.1538,0,1,325,1849850,A168_HF9F_20260827_0900,2026-08-27 09:00:00,185
1226983|1|907,907,1226983,1,2026-05-03,1,-1,1,6,6,12.6037,12.6037,-6.3019,0.0000,-50.000000,2.1006,12.6037,6.0000,0,0,0,1849851,A168_HF9F_20260827_0900,2026-08-27 09:00:00,185
1226983|10|907,907,1226983,10,2026-05-03,1,-1,3,3,1,23.4601,0.0000,0.0000,0.0000,,7.8200,7.8200,1.0000,3,1,3,1849852,A168_HF9F_20260827_0900,2026-08-27 09:00:00,185
1226983|11|907,907,1226983,11,2026-05-03,1,-1,2,2,1,10.4872,0.0000,0.0000,0.0000,,5.2436,5.2436,1.0000,2,1,1,1849853,A168_HF9F_20260827_0900,2026-08-27 09:00:00,185
1226983|12|907,907,1226983,12,2026-05-03,1,-1,4,4,2,127.1904,127.1904,-51.6209,0.0000,-40.585555,31.7976,31.7976,1.0000,0,1,6,1849854,A168_HF9F_20260827_0900,2026-08-27 09:00:00,185
1226983|13|907,907,1226983,13,2026-05-03,1,-1,1,1,1,136.7989,136.7989,136.7989,0.0000,100.000000,136.7989,136.7989,1.0000,0,0,0,1849855,A168_HF9F_20260827_0900,2026-08-27 09:00:00,185
1226983|14|907,907,1226983,14,2026-05-03,1,-1,2,4,4,19.8935,9.3904,-28.4208,0.0000,-302.658247,4.9734,9.9467,2.0000,1,1,1,1849856,A168_HF9F_20260827_0900,2026-08-27 09:00:00,185
1226983|15|907,907,1226983,15,2026-05-03,1,-1,3,4,3,109.2395,109.2395,-84.0320,0.0000,-76.924606,27.3099,36.4132,1.3333,0,1,3,1849857,A168_HF9F_20260827_0900,2026-08-27 09:00:00,185
1226983|16|907,907,1226983,16,2026-05-03,1,-1,3,4,3,91.9242,91.9242,-30.9621,0.0000,-33.682202,22.9810,30.6414,1.3333,0,1,3,1849858,A168_HF9F_20260827_0900,2026-08-27 09:00:00,185
1226983|17|907,907,1226983,17,2026-05-03,1,-1,5,6,3,233.2623,233.2623,-139.8236,0.0000,-59.942641,38.8770,46.6525,1.2000,0,1,10,1849859,A168_HF9F_20260827_0900,2026-08-27 09:00:00,185
1226983|18|907,907,1226983,18,2026-05-03,1,-1,11,12,3,1880.3403,1880.3403,1554.0138,0.4352,82.645352,156.6950,170.9400,1.0909,0,1,55,1849860,A168_HF9F_20260827_0900,2026-08-27 09:00:00,185
1226983|19|907,907,1226983,19,2026-05-03,1,-1,5,6,3,1658.8750,1658.8750,-1004.0949,0.0000,-60.528663,276.4792,331.7750,1.2000,0,1,10,1849861,A168_HF9F_20260827_0900,2026-08-27 09:00:00,185
1226983|2|907,907,1226983,2,2026-05-03,1,-1,2,2,2,518.8965,518.8965,-514.6952,0.0000,-99.190351,259.4482,259.4482,1.0000,0,1,1,1849862,A168_HF9F_20260827_0900,2026-08-27 09:00:00,185
1226983|20|907,907,1226983,20,2026-05-03,1,-1,13,14,3,2038.3092,2038.3092,1495.9148,0.0000,73.389986,145.5935,156.7930,1.0769,0,1,78,1849863,A168_HF9F_20260827_0900,2026-08-27 09:00:00,185
1226983|21|907,907,1226983,21,2026-05-03,1,-1,5,6,3,202.6667,202.6667,130.9179,0.0000,64.597605,33.7778,40.5333,1.2000,0,1,10,1849864,A168_HF9F_20260827_0900,2026-08-27 09:00:00,185
1226983|22|907,907,1226983,22,2026-05-03,1,-1,5,7,4,282.6402,282.6402,18.7908,0.0000,6.648321,40.3772,56.5280,1.4000,0,1,10,1849865,A168_HF9F_20260827_0900,2026-08-27 09:00:00,185
1226983|23|907,907,1226983,23,2026-05-03,1,-1,6,10,5,393.9808,393.9808,357.7865,0.0000,90.813186,39.3981,65.6635,1.6667,0,1,15,1849866,A168_HF9F_20260827_0900,2026-08-27 09:00:00,185
1226983|24|907,907,1226983,24,2026-05-03,1,-1,3,5,3,111.9341,111.9341,111.9341,0.0000,100.000000,22.3868,37.3114,1.6667,0,1,3,1849867,A168_HF9F_20260827_0900,2026-08-27 09:00:00,185
1226983|25|907,907,1226983,25,2026-05-03,1,-1,1,1,1,46.6338,46.6338,46.6338,0.0000,100.000000,46.6338,46.6338,1.0000,0,0,0,1849868,A168_HF9F_20260827_0900,2026-08-27 09:00:00,185
1226983|28|907,907,1226983,28,2026-05-03,1,-1,3,4,2,394.0097,394.0097,-342.5205,0.0000,-86.932019,98.5024,131.3366,1.3333,0,1,3,1849869,A168_HF9F_20260827_0900,2026-08-27 09:00:00,185
1226983|29|907,907,1226983,29,2026-05-03,1,-1,2,5,5,715.6361,36.8399,36.8399,0.0000,100.000000,143.1272,357.8181,2.5000,2,1,1,1849870,A168_HF9F_20260827_0900,2026-08-27 09:00:00,185
1226983|30|907,907,1226983,30,2026-05-03,1,-1,1,1,1,160.0000,160.0000,160.0000,0.0000,100.000000,160.0000,160.0000,1.0000,0,0,0,1849871,A168_HF9F_20260827_0900,2026-08-27 09:00:00,185
1226983|33|907,907,1226983,33,2026-05-03,1,-1,4,4,2,727.3115,727.3115,429.9590,0.0000,59.116216,181.8279,181.8279,1.0000,0,1,6,1849872,A168_HF9F_20260827_0900,2026-08-27 09:00:00,185
1226983|34|907,907,1226983,34,2026-05-03,1,-1,5,5,2,1404.1758,1404.1758,1302.9604,0.0000,92.791825,280.8352,280.8352,1.0000,0,1,10,1849873,A168_HF9F_20260827_0900,2026-08-27 09:00:00,185
1226983|35|907,907,1226983,35,2026-05-03,1,-1,1,1,1,210.0620,210.0620,210.0620,0.0000,100.000000,210.0620,210.0620,1.0000,0,0,0,1849874,A168_HF9F_20260827_0900,2026-08-27 09:00:00,185
1226983|36|907,907,1226983,36,2026-05-03,1,-1,3,6,5,475.5961,475.5961,-397.8731,0.0000,-83.657785,79.2660,158.5320,2.0000,0,1,3,1849875,A168_HF9F_20260827_0900,2026-08-27 09:00:00,185
1226983|38|907,907,1226983,38,2026-05-03,1,-1,7,8,3,2176.0871,2176.0871,-1970.6479,0.0000,-90.559239,272.0109,310.8696,1.1429,0,1,21,1849876,A168_HF9F_20260827_0900,2026-08-27 09:00:00,185
1226983|39|907,907,1226983,39,2026-05-03,1,-1,9,10,3,662.0738,662.0738,228.6079,0.0000,34.529065,66.2074,73.5638,1.1111,0,1,36,1849877,A168_HF9F_20260827_0900,2026-08-27 09:00:00,185
1226983|40|907,907,1226983,40,2026-05-03,1,-1,15,18,5,3945.7585,3945.7585,682.6739,0.7751,17.301462,219.2088,263.0506,1.2000,0,1,105,1849878,A168_HF9F_20260827_0900,2026-08-27 09:00:00,185
1226983|41|907,907,1226983,41,2026-05-03,1,-1,9,9,2,3847.1242,3847.1242,-3741.1008,0.0000,-97.244086,427.4582,427.4582,1.0000,0,1,36,1849879,A168_HF9F_20260827_0900,2026-08-27 09:00:00,185
1226983|42|907,907,1226983,42,2026-05-03,1,-1,11,13,4,6793.6030,6793.6030,2118.5579,0.0000,31.184599,522.5848,617.6003,1.1818,0,1,55,1849880,A168_HF9F_20260827_0900,2026-08-27 09:00:00,185
1226983|43|907,907,1226983,43,2026-05-03,1,-1,2,2,2,41.8876,41.8876,21.6499,0.0000,51.685772,20.9438,20.9438,1.0000,0,1,1,1849881,A168_HF9F_20260827_0900,2026-08-27 09:00:00,185
1226983|44|907,907,1226983,44,2026-05-03,1,-1,2,2,2,73.3969,73.3969,-52.6403,0.0000,-71.720082,36.6984,36.6984,1.0000,0,1,1,1849882,A168_HF9F_20260827_0900,2026-08-27 09:00:00,185
1226983|45|907,907,1226983,45,2026-05-03,1,-1,2,2,2,20.8814,20.8814,0.1248,0.0000,0.597708,10.4407,10.4407,1.0000,0,1,1,1849883,A168_HF9F_20260827_0900,2026-08-27 09:00:00,185
1226983|46|907,907,1226983,46,2026-05-03,1,-1,5,5,2,366.9173,366.9173,231.2659,0.0000,63.029450,73.3835,73.3835,1.0000,0,1,10,1849884,A168_HF9F_20260827_0900,2026-08-27 09:00:00,185
1226983|47|907,907,1226983,47,2026-05-03,1,-1,2,2,1,12.4789,12.4789,-12.4789,0.0000,-100.000000,6.2395,6.2395,1.0000,0,1,1,1849885,A168_HF9F_20260827_0900,2026-08-27 09:00:00,185
1226983|48|907,907,1226983,48,2026-05-03,1,-1,2,2,2,12.4789,12.4789,-8.2777,0.0000,-66.333278,6.2395,6.2395,1.0000,0,1,1,1849886,A168_HF9F_20260827_0900,2026-08-27 09:00:00,185
1226983|49|907,907,1226983,49,2026-05-03,1,-1,5,5,2,469.1765,469.1765,18.5936,0.0000,3.963019,93.8353,93.8353,1.0000,0,1,10,1849887,A168_HF9F_20260827_0900,2026-08-27 09:00:00,185
1226983|5|907,907,1226983,5,2026-05-03,1,-1,4,5,2,163.1075,163.1075,163.1075,0.0000,100.000000,32.6215,40.7769,1.2500,0,1,6,1849888,A168_HF9F_20260827_0900,2026-08-27 09:00:00,185
1226983|6|907,907,1226983,6,2026-05-03,1,-1,4,4,2,126.1408,126.1408,-32.2370,0.0000,-25.556361,31.5352,31.5352,1.0000,0,1,6,1849889,A168_HF9F_20260827_0900,2026-08-27 09:00:00,185
1226983|7|907,907,1226983,7,2026-05-03,1,-1,5,5,2,677.0936,677.0936,590.1100,0.0000,87.153389,135.4187,135.4187,1.0000,0,1,10,1849890,A168_HF9F_20260827_0900,2026-08-27 09:00:00,185
1226983|8|907,907,1226983,8,2026-05-03,1,-1,6,6,2,361.3042,361.3042,-335.6187,0.0000,-92.890884,60.2174,60.2174,1.0000,0,1,15,1849891,A168_HF9F_20260827_0900,2026-08-27 09:00:00,185
1226983|9|907,907,1226983,9,2026-05-03,1,-1,4,4,2,150.9844,0.0000,0.0000,0.0000,,37.7461,37.7461,1.0000,4,1,6,1849892,A168_HF9F_20260827_0900,2026-08-27 09:00:00,185
1227021|10|907,907,1227021,10,2026-05-03,1,-1,8,14,6,892.0918,892.0918,223.0129,0.4147,24.998868,63.7208,111.5115,1.7500,0,1,28,1849893,A168_HF9F_20260827_0900,2026-08-27 09:00:00,185
1227021|11|907,907,1227021,11,2026-05-03,1,-1,4,7,4,397.0917,392.7662,392.8744,0.0786,100.027532,56.7274,99.2729,1.7500,2,1,6,1849894,A168_HF9F_20260827_0900,2026-08-27 09:00:00,185
1227021|12|907,907,1227021,12,2026-05-03,1,-1,3,5,4,240.1719,240.1719,179.9520,0.0000,74.926345,48.0344,80.0573,1.6667,0,1,3,1849895,A168_HF9F_20260827_0900,2026-08-27 09:00:00,185
1227021|14|907,907,1227021,14,2026-05-03,1,-1,1,1,1,197.3165,197.3165,-197.3165,0.0000,-100.000000,197.3165,197.3165,1.0000,0,0,0,1849896,A168_HF9F_20260827_0900,2026-08-27 09:00:00,185
1227021|16|907,907,1227021,16,2026-05-03,1,-1,1,1,1,15.5674,15.5674,-14.7891,0.0000,-95.000000,15.5674,15.5674,1.0000,0,0,0,1849897,A168_HF9F_20260827_0900,2026-08-27 09:00:00,185
1227021|17|907,907,1227021,17,2026-05-03,1,-1,5,5,1,1656.2868,1656.2868,-1656.2868,0.0000,-100.000000,331.2574,331.2574,1.0000,0,1,10,1849898,A168_HF9F_20260827_0900,2026-08-27 09:00:00,185
1227021|18|907,907,1227021,18,2026-05-03,1,-1,3,3,2,226.2739,226.2739,213.9853,0.0000,94.569138,75.4246,75.4246,1.0000,0,1,3,1849899,A168_HF9F_20260827_0900,2026-08-27 09:00:00,185
1227021|19|907,907,1227021,19,2026-05-03,1,-1,2,2,1,217.0481,217.0481,217.0481,0.0000,100.000000,108.5241,108.5241,1.0000,0,1,1,1849900,A168_HF9F_20260827_0900,2026-08-27 09:00:00,185
1227021|2|907,907,1227021,2,2026-05-03,1,-1,1,1,1,2.5946,2.5946,2.5946,0.0000,100.000000,2.5946,2.5946,1.0000,0,0,0,1849901,A168_HF9F_20260827_0900,2026-08-27 09:00:00,185
1227021|20|907,907,1227021,20,2026-05-03,1,-1,2,2,2,284.6070,284.6070,-110.0260,0.0000,-38.658920,142.3035,142.3035,1.0000,0,1,1,1849902,A168_HF9F_20260827_0900,2026-08-27 09:00:00,185
1227021|22|907,907,1227021,22,2026-05-03,1,-1,3,3,2,250.0808,0.0000,0.0000,0.0000,,83.3603,83.3603,1.0000,3,1,3,1849903,A168_HF9F_20260827_0900,2026-08-27 09:00:00,185
1227021|23|907,907,1227021,23,2026-05-03,1,-1,3,3,1,49.0742,49.0742,-46.6205,0.0079,-95.000000,16.3581,16.3581,1.0000,0,1,3,1849904,A168_HF9F_20260827_0900,2026-08-27 09:00:00,185
1227021|24|907,907,1227021,24,2026-05-03,1,-1,4,4,2,1505.5819,1505.5819,-1131.0009,0.1891,-75.120517,376.3955,376.3955,1.0000,0,1,6,1849905,A168_HF9F_20260827_0900,2026-08-27 09:00:00,185
1227021|25|907,907,1227021,25,2026-05-03,1,-1,2,2,2,19.8128,0.0000,0.0000,0.0000,,9.9064,9.9064,1.0000,2,1,1,1849906,A168_HF9F_20260827_0900,2026-08-27 09:00:00,185
1227021|26|907,907,1227021,26,2026-05-03,1,-1,2,2,2,204.1564,204.1564,190.4766,0.0000,93.299310,102.0782,102.0782,1.0000,0,1,1,1849907,A168_HF9F_20260827_0900,2026-08-27 09:00:00,185
1227021|27|907,907,1227021,27,2026-05-03,1,-1,2,6,5,228.8258,228.8258,-231.9767,0.0000,-101.376999,38.1376,114.4129,3.0000,0,1,1,1849908,A168_HF9F_20260827_0900,2026-08-27 09:00:00,185
1227021|28|907,907,1227021,28,2026-05-03,1,-1,2,6,5,94.1130,94.1130,94.1130,0.0000,100.000000,15.6855,47.0565,3.0000,0,1,1,1849909,A168_HF9F_20260827_0900,2026-08-27 09:00:00,185
1227021|29|907,907,1227021,29,2026-05-03,1,-1,2,6,6,181.5093,181.5093,-110.9907,0.0000,-61.148772,30.2515,90.7546,3.0000,0,1,1,1849910,A168_HF9F_20260827_0900,2026-08-27 09:00:00,185
1227021|3|907,907,1227021,3,2026-05-03,1,-1,2,2,1,96.5109,96.5109,96.5109,0.0000,100.000000,48.2555,48.2555,1.0000,0,1,1,1849911,A168_HF9F_20260827_0900,2026-08-27 09:00:00,185
1227021|30|907,907,1227021,30,2026-05-03,1,-1,3,8,6,237.2283,237.2283,174.5248,0.0000,73.568286,29.6535,79.0761,2.6667,0,1,3,1849912,A168_HF9F_20260827_0900,2026-08-27 09:00:00,185
1227021|31|907,907,1227021,31,2026-05-03,1,-1,3,9,7,959.8809,959.8809,917.8685,0.0000,95.623166,106.6534,319.9603,3.0000,0,1,3,1849913,A168_HF9F_20260827_0900,2026-08-27 09:00:00,185
1227021|32|907,907,1227021,32,2026-05-03,1,-1,1,3,3,25.2074,25.2074,25.2074,0.0000,100.000000,8.4025,25.2074,3.0000,0,0,0,1849914,A168_HF9F_20260827_0900,2026-08-27 09:00:00,185
1227021|33|907,907,1227021,33,2026-05-03,1,-1,3,7,6,107.4550,107.4550,-31.0071,0.0000,-28.855858,15.3507,35.8183,2.3333,0,1,3,1849915,A168_HF9F_20260827_0900,2026-08-27 09:00:00,185
1227021|34|907,907,1227021,34,2026-05-03,1,-1,14,17,4,1122.6840,7.3522,-30.4590,0.0000,-414.285714,66.0402,80.1917,1.2143,14,1,91,1849916,A168_HF9F_20260827_0900,2026-08-27 09:00:00,185
1227021|35|907,907,1227021,35,2026-05-03,1,-1,13,18,6,1441.5244,1441.5244,747.9814,0.0000,51.888223,80.0847,110.8865,1.3846,0,1,78,1849917,A168_HF9F_20260827_0900,2026-08-27 09:00:00,185
1227021|36|907,907,1227021,36,2026-05-03,1,-1,6,12,6,239.2600,239.2600,169.2600,0.0000,70.743121,19.9383,39.8767,2.0000,0,1,15,1849918,A168_HF9F_20260827_0900,2026-08-27 09:00:00,185
1227021|37|907,907,1227021,37,2026-05-03,1,-1,5,10,5,338.3380,338.3380,338.3380,0.0000,100.000000,33.8338,67.6676,2.0000,0,1,10,1849919,A168_HF9F_20260827_0900,2026-08-27 09:00:00,185
1227021|38|907,907,1227021,38,2026-05-03,1,-1,5,7,4,186.2121,186.2121,166.2121,0.0000,89.259561,26.6017,37.2424,1.4000,0,1,10,1849920,A168_HF9F_20260827_0900,2026-08-27 09:00:00,185
1227021|39|907,907,1227021,39,2026-05-03,1,-1,1,5,5,44.1130,44.1130,-17.3301,0.0000,-39.285714,8.8226,44.1130,5.0000,0,0,0,1849921,A168_HF9F_20260827_0900,2026-08-27 09:00:00,185
1227021|4|907,907,1227021,4,2026-05-03,1,-1,3,3,1,93.4046,93.4046,93.4046,0.0000,100.000000,31.1349,31.1349,1.0000,0,1,3,1849922,A168_HF9F_20260827_0900,2026-08-27 09:00:00,185
1227021|40|907,907,1227021,40,2026-05-03,1,-1,1,1,1,10.0000,10.0000,-10.0000,0.0000,-100.000000,10.0000,10.0000,1.0000,0,0,0,1849923,A168_HF9F_20260827_0900,2026-08-27 09:00:00,185
1227021|41|907,907,1227021,41,2026-05-03,1,-1,2,2,2,217.3165,217.3165,-177.3165,0.0000,-81.593666,108.6582,108.6582,1.0000,0,1,1,1849924,A168_HF9F_20260827_0900,2026-08-27 09:00:00,185
1227021|42|907,907,1227021,42,2026-05-03,1,-1,2,4,3,87.3081,87.3081,87.3081,0.0000,100.000000,21.8270,43.6540,2.0000,0,1,1,1849925,A168_HF9F_20260827_0900,2026-08-27 09:00:00,185
1227021|43|907,907,1227021,43,2026-05-03,1,-1,4,5,3,482.6661,482.6661,441.7041,0.0000,91.513371,96.5332,120.6665,1.2500,0,1,6,1849926,A168_HF9F_20260827_0900,2026-08-27 09:00:00,185
1227021|44|907,907,1227021,44,2026-05-03,1,-1,7,7,2,1036.9360,1036.9360,901.8146,0.3361,86.969171,148.1337,148.1337,1.0000,0,1,21,1849927,A168_HF9F_20260827_0900,2026-08-27 09:00:00,185
1227021|45|907,907,1227021,45,2026-05-03,1,-1,7,8,3,2684.1224,2684.1224,1820.5096,0.0000,67.825133,335.5153,383.4461,1.1429,0,1,21,1849928,A168_HF9F_20260827_0900,2026-08-27 09:00:00,185
1227021|46|907,907,1227021,46,2026-05-03,1,-1,4,4,2,5113.8857,5113.8857,4660.3349,0.0000,91.130994,1278.4714,1278.4714,1.0000,0,1,6,1849929,A168_HF9F_20260827_0900,2026-08-27 09:00:00,185
1227021|47|907,907,1227021,47,2026-05-03,1,-1,6,6,2,10494.7377,0.0000,0.0000,0.0000,,1749.1230,1749.1230,1.0000,6,1,15,1849930,A168_HF9F_20260827_0900,2026-08-27 09:00:00,185
1227021|48|907,907,1227021,48,2026-05-03,1,-1,6,6,2,9931.4723,9931.4723,9658.0205,0.0000,97.246614,1655.2454,1655.2454,1.0000,0,1,15,1849931,A168_HF9F_20260827_0900,2026-08-27 09:00:00,185
1227021|49|907,907,1227021,49,2026-05-03,1,-1,8,8,2,1791.3816,1791.3816,-1253.8059,0.0000,-69.991003,223.9227,223.9227,1.0000,0,1,28,1849932,A168_HF9F_20260827_0900,2026-08-27 09:00:00,185
1227021|5|907,907,1227021,5,2026-05-03,1,-1,2,2,1,44.1751,44.1751,44.1751,0.0000,100.000000,22.0876,22.0876,1.0000,0,1,1,1849933,A168_HF9F_20260827_0900,2026-08-27 09:00:00,185
1227021|50|907,907,1227021,50,2026-05-03,1,-1,3,3,2,78.4612,78.4612,-5.5636,0.0000,-7.090859,26.1537,26.1537,1.0000,0,1,3,1849934,A168_HF9F_20260827_0900,2026-08-27 09:00:00,185
1227021|51|907,907,1227021,51,2026-05-03,1,-1,3,3,2,86.4488,86.4488,15.3736,0.0000,17.783494,28.8163,28.8163,1.0000,0,1,3,1849935,A168_HF9F_20260827_0900,2026-08-27 09:00:00,185
1227021|52|907,907,1227021,52,2026-05-03,1,-1,2,2,1,125.9457,0.0000,0.0000,0.0000,,62.9729,62.9729,1.0000,2,1,1,1849936,A168_HF9F_20260827_0900,2026-08-27 09:00:00,185
1227021|53|907,907,1227021,53,2026-05-03,1,-1,1,1,1,25.9457,25.9457,25.9457,0.0000,100.000000,25.9457,25.9457,1.0000,0,0,0,1849937,A168_HF9F_20260827_0900,2026-08-27 09:00:00,185
1227021|54|907,907,1227021,54,2026-05-03,1,-1,4,4,2,197.6548,197.6548,-119.5750,0.0000,-60.496875,49.4137,49.4137,1.0000,0,1,6,1849938,A168_HF9F_20260827_0900,2026-08-27 09:00:00,185
1227021|55|907,907,1227021,55,2026-05-03,1,-1,4,4,2,172.6990,172.6990,75.1990,0.9453,43.543403,43.1748,43.1748,1.0000,0,1,6,1849939,A168_HF9F_20260827_0900,2026-08-27 09:00:00,185
1227021|6|907,907,1227021,6,2026-05-03,1,-1,1,1,1,42.0124,42.0124,-42.0124,0.0000,-100.000000,42.0124,42.0124,1.0000,0,0,0,1849940,A168_HF9F_20260827_0900,2026-08-27 09:00:00,185
1227021|7|907,907,1227021,7,2026-05-03,1,-1,4,4,1,163.0323,163.0323,-163.0323,0.0000,-100.000000,40.7581,40.7581,1.0000,0,1,6,1849941,A168_HF9F_20260827_0900,2026-08-27 09:00:00,185
1227021|8|907,907,1227021,8,2026-05-03,1,-1,20,22,4,6234.7580,6234.7580,5950.2920,0.3781,95.437416,283.3981,311.7379,1.1000,0,1,190,1849942,A168_HF9F_20260827_0900,2026-08-27 09:00:00,185
1227021|9|907,907,1227021,9,2026-05-03,1,-1,5,7,4,448.4690,448.4690,-361.6053,0.0000,-80.631061,64.0670,89.6938,1.4000,0,1,10,1849943,A168_HF9F_20260827_0900,2026-08-27 09:00:00,185
1227054|10|907,907,1227054,10,2026-05-03,1,-1,1,1,1,10.0000,10.0000,-9.5000,0.0000,-95.000000,10.0000,10.0000,1.0000,0,0,0,1849944,A168_HF9F_20260827_0900,2026-08-27 09:00:00,185
1227054|12|907,907,1227054,12,2026-05-03,1,-1,3,3,1,328.2866,328.2866,328.2866,0.5512,100.000000,109.4289,109.4289,1.0000,0,1,3,1849945,A168_HF9F_20260827_0900,2026-08-27 09:00:00,185
1227054|13|907,907,1227054,13,2026-05-03,1,-1,1,1,1,778.3716,778.3716,-739.4531,0.0000,-95.000000,778.3716,778.3716,1.0000,0,0,0,1849946,A168_HF9F_20260827_0900,2026-08-27 09:00:00,185
1227054|14|907,907,1227054,14,2026-05-03,1,-1,1,1,1,998.9103,0.0000,0.0000,0.0000,,998.9103,998.9103,1.0000,1,0,0,1849947,A168_HF9F_20260827_0900,2026-08-27 09:00:00,185
1227054|15|907,907,1227054,15,2026-05-03,1,-1,4,4,2,1961.7186,1961.7186,-621.7186,0.0000,-31.692549,490.4297,490.4297,1.0000,0,1,6,1849948,A168_HF9F_20260827_0900,2026-08-27 09:00:00,185
1227054|16|907,907,1227054,16,2026-05-03,1,-1,2,2,1,710.5345,710.5345,-710.5345,0.0000,-100.000000,355.2672,355.2672,1.0000,0,1,1,1849949,A168_HF9F_20260827_0900,2026-08-27 09:00:00,185
1227054|17|907,907,1227054,17,2026-05-03,1,-1,4,4,2,1595.6994,1595.6994,-1206.4385,0.3361,-75.605623,398.9249,398.9249,1.0000,0,1,6,1849950,A168_HF9F_20260827_0900,2026-08-27 09:00:00,185
1227054|18|907,907,1227054,18,2026-05-03,1,-1,1,2,2,207.5658,207.5658,-1349.1775,0.0000,-650.000000,103.7829,207.5658,2.0000,0,0,0,1849951,A168_HF9F_20260827_0900,2026-08-27 09:00:00,185
1227054|19|907,907,1227054,19,2026-05-03,1,-1,1,1,1,1556.7433,1556.7433,-1556.7433,0.0000,-100.000000,1556.7433,1556.7433,1.0000,0,0,0,1849952,A168_HF9F_20260827_0900,2026-08-27 09:00:00,185
1227054|2|907,907,1227054,2,2026-05-03,1,-1,2,2,1,766.4184,766.4184,766.4184,0.0000,100.000000,383.2092,383.2092,1.0000,0,1,1,1849953,A168_HF9F_20260827_0900,2026-08-27 09:00:00,185
1227054|20|907,907,1227054,20,2026-05-03,1,-1,2,2,1,1894.0377,1894.0377,-1799.3358,0.0000,-95.000000,947.0188,947.0188,1.0000,0,1,1,1849954,A168_HF9F_20260827_0900,2026-08-27 09:00:00,185
1227054|21|907,907,1227054,21,2026-05-03,1,-1,1,2,2,947.0188,947.0188,947.0188,0.0000,100.000000,473.5094,947.0188,2.0000,0,0,0,1849955,A168_HF9F_20260827_0900,2026-08-27 09:00:00,185
1227054|25|907,907,1227054,25,2026-05-03,1,-1,4,4,2,1047.6097,1047.6097,757.0177,0.0000,72.261419,261.9024,261.9024,1.0000,0,1,6,1849956,A168_HF9F_20260827_0900,2026-08-27 09:00:00,185
1227054|26|907,907,1227054,26,2026-05-03,1,-1,1,1,1,63.0000,63.0000,63.0000,0.0000,100.000000,63.0000,63.0000,1.0000,0,0,0,1849957,A168_HF9F_20260827_0900,2026-08-27 09:00:00,185
1227054|27|907,907,1227054,27,2026-05-03,1,-1,2,3,3,325.0930,199.0558,-179.0558,0.0000,-89.952565,108.3643,162.5465,1.5000,0,1,1,1849958,A168_HF9F_20260827_0900,2026-08-27 09:00:00,185
1227054|28|907,907,1227054,28,2026-05-03,1,-1,3,4,2,335.5961,335.5961,-208.5337,0.0000,-62.138310,83.8990,111.8654,1.3333,0,1,3,1849959,A168_HF9F_20260827_0900,2026-08-27 09:00:00,185
1227054|29|907,907,1227054,29,2026-05-03,1,-1,2,3,2,325.5961,325.5961,325.5961,0.0000,100.000000,108.5320,162.7980,1.5000,0,1,1,1849960,A168_HF9F_20260827_0900,2026-08-27 09:00:00,185
1227054|3|907,907,1227054,3,2026-05-03,1,-1,1,1,1,129.7286,129.7286,129.7286,0.0000,100.000000,129.7286,129.7286,1.0000,0,0,0,1849961,A168_HF9F_20260827_0900,2026-08-27 09:00:00,185
1227054|30|907,907,1227054,30,2026-05-03,1,-1,1,2,2,75.2394,75.2394,75.2394,0.0000,100.000000,37.6197,75.2394,2.0000,0,0,0,1849962,A168_HF9F_20260827_0900,2026-08-27 09:00:00,185
1227054|31|907,907,1227054,31,2026-05-03,1,-1,1,1,1,178.5527,178.5527,178.5527,0.0000,100.000000,178.5527,178.5527,1.0000,0,0,0,1849963,A168_HF9F_20260827_0900,2026-08-27 09:00:00,185
1227054|32|907,907,1227054,32,2026-05-03,1,-1,1,1,1,178.5527,178.5527,-178.5527,0.0000,-100.000000,178.5527,178.5527,1.0000,0,0,0,1849964,A168_HF9F_20260827_0900,2026-08-27 09:00:00,185
1227054|33|907,907,1227054,33,2026-05-03,1,-1,1,1,1,178.5527,178.5527,178.5527,0.0000,100.000000,178.5527,178.5527,1.0000,0,0,0,1849965,A168_HF9F_20260827_0900,2026-08-27 09:00:00,185
1227054|34|907,907,1227054,34,2026-05-03,1,-1,1,1,1,1081.3617,1081.3617,-1027.2936,0.0000,-95.000000,1081.3617,1081.3617,1.0000,0,0,0,1849966,A168_HF9F_20260827_0900,2026-08-27 09:00:00,185
1227054|35|907,907,1227054,35,2026-05-03,1,-1,1,1,1,1081.3617,1081.3617,-1027.2936,0.0000,-95.000000,1081.3617,1081.3617,1.0000,0,0,0,1849967,A168_HF9F_20260827_0900,2026-08-27 09:00:00,185
1227054|37|907,907,1227054,37,2026-05-03,1,-1,8,17,8,1119.2019,1029.7963,-637.8506,2.4871,-61.939497,65.8354,139.9002,2.1250,2,1,28,1849968,A168_HF9F_20260827_0900,2026-08-27 09:00:00,185
1227054|38|907,907,1227054,38,2026-05-03,1,-1,7,11,5,245.4209,224.4147,114.7624,0.5899,51.138524,22.3110,35.0601,1.5714,1,1,21,1849969,A168_HF9F_20260827_0900,2026-08-27 09:00:00,185
1227054|39|907,907,1227054,39,2026-05-03,1,-1,2,5,5,285.1893,285.1893,-238.1602,0.1344,-83.509503,57.0379,142.5946,2.5000,0,1,1,1849970,A168_HF9F_20260827_0900,2026-08-27 09:00:00,185
1227054|40|907,907,1227054,40,2026-05-03,1,-1,2,10,7,455.3293,434.3231,434.3231,0.5546,100.000000,45.5329,227.6647,5.0000,1,1,1,1849971,A168_HF9F_20260827_0900,2026-08-27 09:00:00,185
1227054|41|907,907,1227054,41,2026-05-03,1,-1,1,3,3,429.4149,118.0891,118.0891,0.0000,100.000000,143.1383,429.4149,3.0000,1,0,0,1849972,A168_HF9F_20260827_0900,2026-08-27 09:00:00,185
1227054|42|907,907,1227054,42,2026-05-03,1,-1,1,1,1,129.7286,129.7286,-123.2422,0.0000,-95.000000,129.7286,129.7286,1.0000,0,0,0,1849973,A168_HF9F_20260827_0900,2026-08-27 09:00:00,185
1227054|43|907,907,1227054,43,2026-05-03,1,-1,6,6,1,323.2141,323.2141,-323.2141,0.3361,-100.000000,53.8690,53.8690,1.0000,0,1,15,1849974,A168_HF9F_20260827_0900,2026-08-27 09:00:00,185
1227054|44|907,907,1227054,44,2026-05-03,1,-1,7,7,2,426.8147,0.0000,0.0000,0.0000,,60.9735,60.9735,1.0000,7,1,21,1849975,A168_HF9F_20260827_0900,2026-08-27 09:00:00,185
1227054|45|907,907,1227054,45,2026-05-03,1,-1,11,11,2,2221.3322,2221.3322,-891.3713,0.3361,-40.127782,201.9393,201.9393,1.0000,0,1,55,1849976,A168_HF9F_20260827_0900,2026-08-27 09:00:00,185
1227054|46|907,907,1227054,46,2026-05-03,1,-1,11,14,5,3977.4383,3977.4383,-3041.1317,0.3361,-76.459557,284.1027,361.5853,1.2727,0,1,55,1849977,A168_HF9F_20260827_0900,2026-08-27 09:00:00,185
1227054|47|907,907,1227054,47,2026-05-03,1,-1,7,7,2,1523.7597,1523.7597,650.8547,0.3361,42.713736,217.6800,217.6800,1.0000,0,1,21,1849978,A168_HF9F_20260827_0900,2026-08-27 09:00:00,185
1227054|48|907,907,1227054,48,2026-05-03,1,-1,2,2,2,456.9723,456.9723,-415.9327,0.0000,-91.019222,228.4862,228.4862,1.0000,0,1,1,1849979,A168_HF9F_20260827_0900,2026-08-27 09:00:00,185
1227054|49|907,907,1227054,49,2026-05-03,1,-1,1,1,1,872.9050,872.9050,872.9050,0.0000,100.000000,872.9050,872.9050,1.0000,0,0,0,1849980,A168_HF9F_20260827_0900,2026-08-27 09:00:00,185
1227054|50|907,907,1227054,50,2026-05-03,1,-1,1,1,1,15.7853,15.7853,-14.9961,0.0000,-95.000000,15.7853,15.7853,1.0000,0,0,0,1849981,A168_HF9F_20260827_0900,2026-08-27 09:00:00,185
1227054|51|907,907,1227054,51,2026-05-03,1,-1,2,2,1,14.7326,14.7326,-13.9960,0.0000,-95.000000,7.3663,7.3663,1.0000,0,1,1,1849982,A168_HF9F_20260827_0900,2026-08-27 09:00:00,185
1227054|52|907,907,1227054,52,2026-05-03,1,-1,3,3,2,66.6240,66.6240,51.2334,0.0000,76.899202,22.2080,22.2080,1.0000,0,1,3,1849983,A168_HF9F_20260827_0900,2026-08-27 09:00:00,185
1227054|53|907,907,1227054,53,2026-05-03,1,-1,4,4,1,2229.5572,2229.5572,2229.5572,0.0000,100.000000,557.3893,557.3893,1.0000,0,1,6,1849984,A168_HF9F_20260827_0900,2026-08-27 09:00:00,185
1227054|6|907,907,1227054,6,2026-05-03,1,-1,5,7,3,201.3323,201.3323,201.3323,0.0000,100.000000,28.7618,40.2665,1.4000,0,1,10,1849985,A168_HF9F_20260827_0900,2026-08-27 09:00:00,185
1227054|7|907,907,1227054,7,2026-05-03,1,-1,1,1,1,2162.7233,0.0000,0.0000,0.0000,,2162.7233,2162.7233,1.0000,1,0,0,1849986,A168_HF9F_20260827_0900,2026-08-27 09:00:00,185
1227080|10|907,907,1227080,10,2026-05-03,1,-1,1,1,1,50.0000,50.0000,50.0000,0.0000,100.000000,50.0000,50.0000,1.0000,0,0,0,1849987,A168_HF9F_20260827_0900,2026-08-27 09:00:00,185
1227080|11|907,907,1227080,11,2026-05-03,1,-1,3,4,3,350.4969,6.8399,6.8399,0.0000,100.000000,87.6242,116.8323,1.3333,3,1,3,1849988,A168_HF9F_20260827_0900,2026-08-27 09:00:00,185
1227080|12|907,907,1227080,12,2026-05-03,1,-1,4,4,2,1023.8428,1023.8428,517.9013,0.0000,50.584060,255.9607,255.9607,1.0000,0,1,6,1849989,A168_HF9F_20260827_0900,2026-08-27 09:00:00,185
1227080|13|907,907,1227080,13,2026-05-03,1,-1,2,2,1,459.4572,459.4572,459.4572,0.0000,100.000000,229.7286,229.7286,1.0000,0,1,1,1849990,A168_HF9F_20260827_0900,2026-08-27 09:00:00,185
1227080|14|907,907,1227080,14,2026-05-03,1,-1,2,2,1,375.2074,375.2074,-356.4471,0.0000,-95.000000,187.6037,187.6037,1.0000,0,1,1,1849991,A168_HF9F_20260827_0900,2026-08-27 09:00:00,185
1227080|15|907,907,1227080,15,2026-05-03,1,-1,3,6,5,413.4772,413.4772,408.2881,0.0000,98.744999,68.9129,137.8257,2.0000,0,1,3,1849992,A168_HF9F_20260827_0900,2026-08-27 09:00:00,185
1227080|16|907,907,1227080,16,2026-05-03,1,-1,3,7,4,543.6400,543.6400,-407.4697,0.0000,-74.952121,77.6629,181.2133,2.3333,0,1,3,1849993,A168_HF9F_20260827_0900,2026-08-27 09:00:00,185
1227080|17|907,907,1227080,17,2026-05-03,1,-1,2,5,4,194.0241,139.9560,-420.0597,0.0000,-300.137016,38.8048,97.0120,2.5000,0,1,1,1849994,A168_HF9F_20260827_0900,2026-08-27 09:00:00,185
1227080|18|907,907,1227080,18,2026-05-03,1,-1,4,11,8,477.3146,477.3146,174.9890,1.5159,36.661146,43.3922,119.3286,2.7500,0,1,6,1849995,A168_HF9F_20260827_0900,2026-08-27 09:00:00,185
1227080|19|907,907,1227080,19,2026-05-03,1,-1,4,8,6,2159.9314,2159.9314,1727.3867,0.6891,79.974148,269.9914,539.9828,2.0000,0,1,6,1849996,A168_HF9F_20260827_0900,2026-08-27 09:00:00,185
1227080|2|907,907,1227080,2,2026-05-03,1,-1,5,8,5,4207.6425,76.8399,-523.1601,0.0000,-680.843867,525.9553,841.5285,1.6000,5,1,10,1849997,A168_HF9F_20260827_0900,2026-08-27 09:00:00,185
1227080|20|907,907,1227080,20,2026-05-03,1,-1,5,8,5,1983.8285,1983.8285,-1370.0734,0.0000,-69.062088,247.9786,396.7657,1.6000,0,1,10,1849998,A168_HF9F_20260827_0900,2026-08-27 09:00:00,185
1227080|21|907,907,1227080,21,2026-05-03,1,-1,4,4,2,2637.1465,2637.1465,-1901.9597,0.0000,-72.121883,659.2866,659.2866,1.0000,0,1,6,1849999,A168_HF9F_20260827_0900,2026-08-27 09:00:00,185
1227080|22|907,907,1227080,22,2026-05-03,1,-1,5,10,6,2840.7017,2788.8103,2126.2001,0.0000,76.240399,284.0702,568.1403,2.0000,1,1,10,1850000,A168_HF9F_20260827_0900,2026-08-27 09:00:00,185
